366	367	365
149	151	153
149	151	156
1	2	3
2	3	6
4	2	3
3	6	7
6	7	8
7	8	9
8	9	10
9	10	12
10	12	13
10	12	11
12	11	14
11	14	15
12	13	14
13	14	15
14	15	16
15	16	17
16	17	45
16	17	18
95	93	84
1036	1039	1054
44	16	17
17	45	47
17	45	43
21	20	19
22	21	20
30	22	21
27	23	25
27	23	24
24	26	40
23	24	25
23	24	26
23	25	27
93	84	75
24	25	27
25	27	23
59	55	56
26	40	78
28	27	23
29	28	27
32	29	28
31	30	22
32	31	30
34	32	31
34	32	29
42	33	18
35	33	18
37	34	32
38	37	34
142	141	140
41	38	37
43	39	36
40	78	69
51	41	38
42	55	56
61	43	39
45	43	39
46	44	16
45	47	74
46	45	47
46	45	43
75	46	45
75	46	44
48	46	45
48	46	44
54	49	50
47	74	81
48	73	150
48	73	99
49	50	53
50	53	60
52	51	41
64	52	51
53	60	69
62	54	49
55	56	58
55	56	57
56	57	58
56	57	80
56	58	59
57	80	119
57	58	59
58	59	55
82	59	55
66	61	43
63	62	54
65	63	62
67	63	62
100	64	52
68	65	63
71	66	61
94	93	84
96	70	69
71	72	77
71	72	76
81	71	72
81	71	66
72	76	79
72	76	77
72	77	86
73	99	94
73	150	204
74	81	86
74	81	71
76	77	86
84	75	46
76	79	83
76	79	82
77	86	89
79	82	59
79	83	85
79	83	82
85	79	83
85	79	82
103	114	120
80	119	177
81	86	89
83	82	59
83	85	88
83	85	79
90	84	75
85	88	91
86	89	91
112	87	338
97	102	103
87	338	371
87	338	326
88	91	92
88	91	107
89	91	92
89	91	107
92	90	84
91	107	108
91	107	135
91	92	93
91	92	90
98	92	93
98	92	90
92	93	84
95	94	93
99	94	93
98	95	94
98	95	93
96	97	104
96	97	102
97	104	105
117	97	104
117	97	102
108	98	95
108	98	92
111	99	94
110	99	94
253	100	64
101	100	64
118	101	100
102	103	114
105	103	114
104	105	128
104	105	103
110	124	131
105	128	123
116	105	128
116	105	103
106	107	108
106	107	135
107	135	143
107	108	109
107	108	98
136	108	109
136	108	98
108	109	111
109	111	99
140	110	124
140	110	99
113	112	87
129	113	112
114	120	126
121	114	120
116	169	184
117	125	133
139	117	125
139	117	97
122	118	101
119	177	192
119	177	163
120	126	130
120	126	127
121	120	126
130	121	120
130	121	114
123	121	120
123	121	114
306	122	118
128	123	121
124	131	150
125	133	169
126	127	138
126	130	121
127	138	183
154	128	123
132	129	113
134	130	121
131	150	204
132	145	155
148	132	145
148	132	129
133	169	184
137	134	130
135	143	186
135	143	142
142	136	108
144	137	134
138	183	203
139	228	230
139	228	218
141	140	110
146	140	110
146	141	140
181	142	136
181	142	141
143	142	136
143	142	141
143	186	202
149	143	186
149	143	142
147	144	137
145	155	164
152	146	141
152	146	140
159	147	144
157	148	132
149	153	158
150	204	302
151	156	160
151	153	158
181	152	146
153	158	186
154	161	166
162	154	161
162	154	128
155	164	157
156	160	163
164	157	148
158	186	202
185	159	147
180	160	163
161	166	172
161	166	173
165	162	154
167	162	154
193	164	157
165	166	172
165	166	173
167	165	166
167	165	162
168	165	166
168	165	162
166	173	216
166	173	172
171	166	172
171	166	173
166	172	178
166	172	174
167	168	171
167	168	165
184	167	168
184	167	165
184	167	162
168	171	174
168	171	166
176	168	171
176	168	165
169	184	187
169	184	167
170	271	326
182	170	271
171	174	175
171	174	178
175	171	174
175	171	166
173	172	178
173	172	174
172	174	175
172	174	178
172	178	188
218	201	184
173	216	215
174	178	188
174	175	176
174	175	171
175	176	179
175	176	168
188	175	176
188	175	171
176	179	187
188	176	179
188	176	168
180	177	192
180	177	163
192	177	192
192	177	163
177	192	212
177	192	180
177	192	177
178	188	179
178	188	176
178	188	175
188	179	187
179	187	200
192	180	177
192	180	160
199	181	152
199	181	142
217	182	170
183	203	206
184	187	200
201	184	187
201	184	167
205	185	159
186	202	214
186	202	252
187	200	213
194	188	179
194	188	176
194	188	175
193	191	190
192	212	362
197	193	191
197	193	164
194	196	198
197	195	190
196	198	208
207	197	195
207	197	193
256	199	181
220	199	181
200	213	225
200	213	219
232	240	251
202	252	257
202	252	248
202	214	239
203	206	209
204	302	320
210	205	185
206	209	234
211	207	197
209	234	240
224	210	205
222	211	207
212	362	466
229	212	362
213	219	227
213	219	225
213	219	218
213	225	309
214	239	244
214	239	241
238	217	182
219	218	201
228	218	201
219	225	309
219	227	230
259	220	199
236	221	215
222	232	234
222	232	240
223	226	233
294	223	226
235	224	210
237	224	210
225	309	322
226	233	308
317	227	230
227	230	231
228	230	231
231	228	230
231	228	218
241	229	243
241	229	212
229	243	246
229	243	250
230	231	233
230	231	228
231	233	308
232	234	240
233	308	319
234	240	251
235	234	240
255	235	237
255	235	234
255	235	224
235	237	245
235	237	224
242	236	221
237	245	301
276	238	217
239	241	229
239	244	246
239	244	241
240	251	254
244	241	229
242	245	301
243	250	318
243	246	247
244	246	247
248	244	246
248	244	241
245	301	303
245	301	270
246	247	257
246	247	250
247	250	318
248	247	257
248	247	250
247	257	260
247	257	262
252	248	247
252	248	244
250	318	465
251	254	261
252	257	260
252	257	262
256	252	257
256	252	248
311	253	313
311	253	100
253	313	401
254	261	283
343	281	284
343	281	272
258	254	261
258	255	235
260	256	252
260	256	199
265	256	252
265	256	199
257	262	318
257	260	263
257	260	256
266	258	255
266	258	254
270	258	255
270	258	254
265	259	220
280	259	220
268	260	263
268	260	256
260	263	272
260	263	265
261	283	288
269	261	283
262	318	465
263	265	259
263	265	256
263	272	284
263	272	267
264	275	276
273	264	275
273	264	249
267	265	259
267	265	256
266	274	303
269	266	274
269	266	258
272	267	265
280	267	265
343	268	260
287	269	323
287	269	266
287	269	261
269	323	368
269	323	386
323	386	405
301	270	258
281	272	284
281	272	267
272	284	304
277	273	264
282	273	264
274	303	312
274	303	341
275	276	278
275	276	238
277	275	276
305	276	278
305	276	238
276	278	285
276	278	279
279	277	275
279	277	273
282	277	275
282	277	273
278	279	285
278	279	277
278	285	286
281	284	304
279	285	286
304	280	267
304	280	259
290	282	277
290	282	273
283	288	291
283	288	292
287	283	288
284	304	280
285	286	293
286	293	300
291	287	283
291	287	269
299	287	283
299	287	269
314	294	223
288	292	298
288	292	296
288	291	380
288	291	287
289	329	352
289	329	355
351	289	329
351	289	208
325	289	329
325	289	208
297	290	282
295	291	380
295	291	287
291	380	400
291	380	360
292	296	297
292	298	397
292	298	295
293	300	298
298	295	291
296	297	290
300	298	397
300	298	295
298	397	380
360	299	287
301	303	312
301	303	341
307	301	303
307	301	270
303	341	368
303	312	358
350	304	280
374	305	276
306	311	313
306	311	253
310	307	301
308	319	333
308	319	339
309	322	330
309	322	331
321	309	322
354	310	307
311	313	401
417	311	313
417	311	253
340	335	326
312	358	361
312	358	369
315	313	401
313	401	414
313	401	410
346	314	294
316	315	313
377	316	315
324	317	227
318	465	523
319	339	390
319	333	378
328	321	309
327	321	309
322	331	342
322	330	334
322	330	331
360	323	368
360	323	386
323	368	405
324	327	328
324	327	321
332	324	327
332	324	317
351	353	352
352	355	354
352	366	375
352	366	367
390	324	327
390	324	317
347	325	289
345	325	289
327	328	330
327	328	321
328	330	334
328	330	331
334	328	330
334	328	321
329	355	354
329	352	366
329	352	355
330	331	342
330	334	336
330	334	328
331	342	344
336	332	391
336	332	324
332	391	434
332	391	448
332	391	390
333	378	387
337	334	336
337	334	328
334	336	332
337	336	332
349	337	336
349	337	334
357	338	371
357	338	326
338	371	340
339	390	324
371	340	335
341	368	405
370	341	368
342	344	345
537	343	268
537	343	281
344	345	347
344	345	325
345	347	348
345	347	325
379	346	314
347	348	351
363	347	348
363	347	325
348	351	353
348	351	289
356	349	337
545	350	304
365	351	353
365	351	289
353	352	366
353	352	355
354	358	361
354	358	369
355	354	358
355	354	310
359	356	349
373	357	338
358	369	370
358	361	375
358	361	366
372	359	356
363	359	356
380	360	323
380	360	299
382	360	323
382	360	299
361	366	375
361	366	367
361	375	406
362	466	511
364	363	359
364	363	347
372	363	359
372	363	347
365	364	363
406	365	364
406	365	351
367	365	364
367	365	351
366	375	406
368	405	409
370	368	405
369	370	368
369	370	341
408	370	368
408	370	341
442	371	340
392	372	363
392	372	359
376	374	305
375	406	477
375	406	392
375	406	365
383	376	374
377	381	379
393	377	381
393	377	316
378	387	389
378	387	385
430	378	387
381	379	346
385	379	346
397	380	400
397	380	360
396	380	400
396	380	360
380	400	443
380	400	403
384	381	379
424	382	360
438	383	376
451	383	376
385	384	389
385	384	381
384	389	398
387	385	384
387	385	379
386	405	409
387	389	398
389	398	430
391	390	324
430	390	324
391	448	452
391	434	430
391	434	395
406	392	372
394	393	398
394	393	377
393	398	430
395	393	398
395	393	377
395	394	393
425	394	393
434	395	394
434	395	393
399	396	380
403	396	380
402	397	380
453	397	380
398	430	390
398	430	378
403	399	396
436	399	396
400	403	399
400	403	396
400	443	445
400	443	447
468	461	457
401	410	415
401	414	422
401	414	415
402	467	478
441	403	399
441	403	396
426	404	463
426	404	407
404	407	427
404	463	504
405	409	411
408	405	409
407	427	423
412	408	405
412	408	370
409	411	413
410	415	425
411	413	424
416	412	408
413	424	431
413	424	436
413	424	382
414	415	425
417	414	422
417	414	415
414	422	429
414	422	428
415	425	420
415	425	394
421	416	412
423	417	414
423	417	311
429	417	414
429	417	311
420	418	432
420	418	422
418	422	429
418	422	428
418	432	480
419	426	404
425	420	418
431	421	416
422	428	432
422	429	433
422	429	417
427	423	417
424	436	441
424	436	399
424	431	421
433	427	423
428	432	480
429	433	427
440	429	433
440	429	417
434	430	390
434	430	378
437	431	421
487	491	497
487	491	489
432	480	488
432	480	470
440	433	427
452	434	430
452	434	395
475	435	388
436	441	443
436	441	403
437	436	441
437	436	399
444	437	436
444	437	431
439	438	446
439	438	383
438	446	482
462	439	446
462	439	438
439	446	482
481	440	433
481	440	429
441	443	445
441	443	447
444	441	443
444	441	403
442	462	439
443	447	453
443	447	445
443	445	460
443	445	444
445	444	441
445	444	437
459	444	441
459	444	437
447	445	460
447	445	444
445	460	464
447	453	458
447	453	397
448	452	470
448	452	434
456	450	449
452	470	552
453	458	467
454	455	469
603	569	549
479	454	476
479	454	455
455	469	468
457	456	450
461	457	456
458	467	478
464	459	444
460	464	459
471	462	439
463	504	509
490	464	459
465	523	536
465	523	533
466	511	519
469	468	461
499	495	493
499	495	498
495	498	502
496	500	505
496	500	486
480	470	552
470	552	562
470	552	554
472	471	462
473	472	471
475	473	472
474	475	653
474	475	473
474	475	435
475	653	654
475	653	649
485	479	478
485	479	454
480	488	492
480	488	494
481	480	488
481	480	470
493	481	480
493	481	440
483	485	479
489	484	477
500	486	487
544	542	548
486	487	491
488	494	543
488	492	495
488	492	494
491	489	484
491	489	477
508	490	464
496	491	497
496	491	489
492	494	543
493	492	495
493	492	494
492	495	493
492	495	498
495	493	492
495	493	481
501	493	492
501	493	481
572	570	568
494	543	568
494	543	565
505	496	491
505	496	500
499	498	502
498	502	510
498	502	501
587	499	498
587	499	495
500	505	496
501	504	509
502	501	504
502	501	493
509	501	504
509	501	493
502	510	514
506	503	482
504	509	510
504	509	501
507	505	496
512	506	503
507	515	522
517	507	515
517	507	505
516	507	515
516	507	505
525	508	490
509	510	514
514	509	510
514	509	501
510	514	509
511	519	532
513	512	506
518	513	512
545	541	583
545	541	539
542	548	586
573	580	588
541	539	537
602	514	509
515	522	548
520	516	507
521	517	507
706	518	513
527	519	532
519	532	650
519	532	529
546	520	516
538	521	517
522	548	586
523	533	535
523	533	534
523	536	658
523	536	535
524	526	528
531	525	508
526	528	545
530	527	519
529	527	519
528	545	541
528	545	350
739	528	545
532	529	527
575	530	527
531	540	573
571	576	585
571	572	570
531	612	616
531	612	613
534	532	650
534	532	529
533	534	532
533	535	534
535	534	532
536	535	534
536	658	729
536	658	657
537	536	658
537	536	535
574	537	536
574	537	343
539	537	536
539	537	343
544	538	521
540	573	580
541	583	605
541	583	595
543	565	569
543	568	571
543	568	565
551	544	538
551	544	542
546	544	538
546	544	542
674	545	541
674	545	350
547	546	544
547	546	520
554	547	546
548	586	614
548	586	610
549	552	562
549	552	554
569	549	552
619	550	558
619	550	551
550	551	553
550	551	544
550	558	581
550	558	551
551	553	555
558	551	553
558	551	544
552	554	547
552	562	566
552	562	563
553	555	556
555	556	557
556	557	561
559	557	561
557	561	562
565	569	549
558	581	564
558	581	560
564	558	581
564	558	551
560	559	557
581	560	559
561	562	566
561	562	563
562	563	579
562	566	590
600	567	576
600	567	571
563	579	609
563	579	607
581	564	558
568	565	569
567	571	572
567	571	576
567	576	585
568	571	572
568	571	576
570	568	571
570	568	565
587	572	570
584	573	580
639	574	537
595	574	537
578	575	530
576	585	600
692	577	588
577	588	598
626	578	575
579	607	608
579	607	609
579	609	611
579	609	620
580	588	598
582	580	588
584	582	580
592	582	580
613	584	582
613	584	573
583	595	574
583	605	625
583	605	595
585	600	603
585	600	567
586	610	612
586	614	616
601	587	572
601	587	499
588	598	632
589	629	631
615	589	629
592	589	629
593	591	594
591	594	596
597	592	589
597	592	582
599	593	591
594	596	602
605	595	574
639	606	625
639	606	605
596	602	514
615	597	592
598	632	637
598	632	635
742	599	593
600	603	607
600	603	569
601	600	603
601	600	567
604	601	600
604	601	587
627	601	600
627	601	587
603	607	608
603	607	609
604	603	607
604	603	569
608	604	603
608	604	601
627	604	603
627	604	601
606	605	625
606	605	595
605	625	663
606	625	663
607	609	611
607	609	620
607	608	672
607	608	604
611	608	672
611	608	604
609	620	651
609	611	628
609	611	608
610	612	616
610	612	613
611	628	621
621	611	628
621	611	608
612	613	584
612	616	622
612	616	618
614	616	622
614	616	618
631	615	597
631	615	589
616	618	633
616	622	680
616	622	619
624	617	624
617	624	664
617	624	617
618	633	636
622	619	550
620	651	652
620	651	684
628	621	611
623	622	680
623	622	619
622	680	740
630	623	622
624	664	695
625	663	661
634	626	578
744	627	604
744	627	601
652	628	621
629	631	632
629	631	615
640	630	623
643	630	623
631	632	637
631	632	635
636	631	632
636	631	615
632	635	647
632	637	642
632	637	638
633	636	637
633	636	631
709	634	626
635	647	699
636	637	642
636	637	638
641	636	637
641	636	631
637	638	647
637	642	646
637	642	641
638	647	699
660	639	606
660	639	574
641	640	630
642	641	640
642	641	636
645	641	640
645	641	636
644	642	646
644	642	641
642	646	655
642	646	645
645	643	630
671	644	642
646	645	643
646	645	641
659	645	643
659	645	641
648	646	655
648	646	645
646	655	665
646	655	668
647	699	708
647	699	692
668	648	646
675	662	678
651	684	652
651	652	672
651	652	628
684	652	672
684	652	628
653	654	662
654	662	678
655	668	648
655	665	667
656	729	746
657	656	729
657	656	650
658	657	656
658	729	746
660	658	729
660	658	657
666	659	645
691	659	645
747	660	658
747	660	639
661	660	658
661	660	639
671	669	676
663	661	660
662	678	681
662	678	675
674	663	661
664	695	696
664	695	711
690	664	695
665	667	669
665	667	668
666	665	667
673	666	665
673	666	659
667	668	648
667	669	676
669	676	732
670	683	686
670	685	688
703	671	669
703	671	644
691	673	666
743	674	663
743	674	545
739	674	663
739	674	545
678	675	662
676	732	734
676	732	731
681	677	649
678	681	686
678	681	677
679	678	681
679	678	675
698	679	678
723	680	740
680	740	764
681	686	687
681	686	688
682	681	686
682	681	677
698	682	681
683	686	687
683	686	688
685	688	689
685	688	721
686	688	689
686	688	721
686	687	705
687	705	718
688	721	724
688	689	721
689	721	724
693	690	664
694	690	664
714	691	673
714	691	659
699	692	577
693	694	695
693	694	690
700	693	694
700	693	690
694	695	696
694	695	711
696	694	695
696	694	690
695	711	712
695	711	696
695	696	697
695	696	694
711	696	697
711	696	694
696	697	701
697	701	704
702	698	682
702	698	679
699	708	725
699	708	706
703	699	708
703	699	692
704	700	693
701	704	709
701	704	700
719	702	698
715	703	699
715	703	671
707	703	699
707	703	671
704	709	634
705	718	722
708	706	518
737	707	703
710	718	722
708	725	726
715	708	725
715	708	706
750	709	634
724	710	718
711	712	713
714	723	680
731	714	723
731	714	691
727	715	708
727	715	703
717	715	708
717	715	703
720	716	713
730	716	713
717	737	741
717	737	707
718	722	728
726	719	702
738	720	730
738	720	716
720	730	716
721	724	710
722	728	727
731	723	680
725	726	719
728	727	715
729	746	748
756	730	716
732	731	723
732	731	714
736	731	723
736	731	714
733	732	734
733	732	731
732	734	736
733	734	736
745	733	734
745	733	732
734	736	731
741	735	745
735	745	733
766	736	731
737	741	735
738	791	793
786	739	674
786	739	528
740	764	760
785	743	674
746	748	753
749	747	660
748	753	759
752	749	747
751	750	709
758	751	750
754	752	749
755	752	749
753	759	768
761	754	752
763	755	752
757	756	730
758	757	762
758	757	756
757	762	765
757	762	794
757	762	758
762	758	757
762	758	751
765	758	757
765	758	751
759	768	772
759	768	773
770	761	754
762	794	803
762	765	767
762	765	758
789	763	755
765	767	775
765	767	769
771	788	789
767	769	774
767	769	775
767	775	792
768	773	776
768	772	778
769	775	792
777	769	774
777	769	775
769	774	776
779	770	761
780	771	788
772	778	779
772	778	782
773	776	778
773	776	781
777	774	776
774	776	778
774	776	781
818	812	809
818	812	797
811	814	818
811	814	812
775	792	796
776	781	777
776	778	779
776	778	782
781	777	774
781	777	769
778	782	792
778	779	780
778	779	770
784	779	780
784	779	770
779	780	788
779	780	771
783	780	788
783	780	771
780	788	789
782	792	796
787	783	780
787	784	779
786	785	743
790	786	785
790	786	739
797	787	784
797	787	783
788	789	763
791	793	820
792	796	800
793	820	830
800	794	803
794	803	808
794	803	804
796	800	808
796	800	794
812	797	787
799	798	802
799	798	795
798	802	805
806	799	798
800	808	811
800	808	809
801	800	808
801	800	794
809	801	800
802	805	813
802	805	807
803	804	806
803	808	811
803	808	809
804	806	807
804	806	799
805	807	810
805	807	813
805	813	815
806	807	810
806	807	813
807	813	815
807	810	808
810	808	811
810	808	809
808	809	801
808	811	816
808	811	814
812	809	801
811	816	822
814	812	809
814	812	797
813	815	822
817	814	818
817	814	812
814	818	819
814	818	812
815	822	837
816	822	837
823	817	814
818	819	821
823	819	821
820	830	831
846	839	836
822	837	840
822	837	838
836	823	819
836	823	817
825	824	821
828	825	824
827	825	824
826	829	1023
827	828	832
827	828	825
855	857	866
855	857	858
865	856	844
857	858	860
857	866	875
858	860	859
860	859	834
830	831	834
977	922	915
835	833	832
835	836	837
835	836	823
836	837	840
836	837	838
839	836	837
839	836	823
837	838	851
837	840	847
837	840	843
838	851	850
838	851	849
842	839	836
840	843	849
840	847	862
840	847	846
844	842	839
843	849	854
843	849	848
856	844	845
856	844	842
847	846	845
847	846	839
867	846	845
867	846	839
848	847	862
848	847	846
847	862	864
849	848	847
851	849	854
851	849	848
849	854	861
851	850	852
850	852	853
852	853	855
853	855	857
854	861	871
854	861	862
861	862	864
861	871	872
862	864	869
864	869	887
864	869	871
867	865	856
870	865	856
925	970	980
866	875	892
866	875	874
866	875	876
868	867	865
868	867	846
870	868	867
954	957	958
954	957	902
885	868	867
869	871	872
871	872	873
872	873	888
873	888	889
875	876	875
875	874	891
874	891	900
876	875	892
876	875	874
876	875	876
875	892	976
875	892	893
877	876	875
878	877	876
879	878	877
880	879	878
881	880	879
936	923	920
936	923	919
881	882	883
897	884	886
884	886	883
888	889	891
889	891	900
898	890	863
891	900	903
892	893	894
892	976	980
899	896	895
936	927	939
929	897	884
898	983	1019
953	899	896
901	958	964
901	958	959
904	913	914
904	913	909
904	918	924
904	918	913
904	918	911
904	910	908
905	907	912
905	907	916
906	905	907
908	906	905
909	906	905
907	916	921
907	916	917
907	912	914
907	912	909
909	908	906
910	908	906
912	909	908
912	909	906
913	909	908
913	909	906
915	912	914
915	912	909
912	914	919
912	914	915
913	914	919
913	914	915
919	913	914
919	913	909
918	913	914
918	913	909
914	915	916
914	915	912
914	919	920
914	919	918
914	919	913
922	915	916
922	915	912
915	916	921
915	916	917
916	917	925
916	921	970
917	925	970
919	918	924
919	918	913
919	918	911
920	918	924
920	918	913
920	918	911
918	924	927
926	918	924
926	918	913
926	918	911
923	919	920
923	919	918
923	919	913
919	920	924
919	920	918
923	920	924
923	920	918
920	924	927
921	970	980
924	927	939
938	926	918
938	926	911
927	939	946
927	939	948
928	931	933
928	931	937
928	931	930
928	930	932
928	930	929
929	928	930
929	928	931
930	929	928
930	929	897
934	929	928
934	929	897
931	930	932
931	930	929
930	932	933
930	932	931
981	979	990
981	979	971
931	937	940
932	931	933
932	931	937
932	931	930
931	933	935
932	933	935
934	932	933
934	932	931
933	935	934
935	934	932
935	934	929
955	935	934
941	944	953
977	936	927
977	936	923
949	942	947
949	942	945
937	940	941
937	940	937
940	937	940
938	939	946
938	939	948
943	938	939
943	938	926
939	948	946
939	946	987
939	946	943
940	941	942
940	941	944
941	942	947
941	942	945
974	941	942
974	941	944
942	945	956
942	947	998
946	943	938
986	943	938
944	953	1033
944	953	899
945	956	962
945	956	949
948	946	987
948	946	943
946	987	991
947	998	1005
973	948	946
960	949	942
956	949	942
961	950	951
950	951	966
950	951	952
965	950	951
951	952	966
951	952	954
965	951	966
965	951	952
951	966	972
952	954	957
952	966	972
953	1033	1035
953	1033	1045
960	953	1033
960	953	899
999	955	935
956	962	960
957	958	964
957	958	959
972	957	958
972	957	902
958	959	967
958	964	1002
958	964	978
959	967	969
982	960	953
982	960	949
962	960	953
962	960	949
963	961	968
963	961	950
961	968	971
961	968	963
982	962	960
968	963	961
971	963	961
964	978	969
964	978	967
964	1002	1013
1009	965	951
1009	965	950
966	972	957
967	969	984
967	969	975
978	967	969
968	971	963
969	975	984
969	975	1017
978	969	984
978	969	975
969	984	1002
970	980	985
970	980	992
979	971	963
1009	972	957
989	973	948
996	974	941
1007	1011	1015
1068	1067	1065
1068	1067	1048
975	1017	1020
975	984	1002
976	980	985
976	980	992
985	977	936
985	977	922
979	990	981
980	992	993
980	985	988
980	985	977
990	981	979
1035	982	962
1035	982	960
1021	1029	1032
984	1002	1013
994	985	988
994	985	977
985	988	1006
991	986	943
987	991	986
988	1006	1028
988	1006	989
1006	989	973
1008	990	981
992	993	997
993	997	1001
995	994	985
1000	995	994
1004	996	974
997	1001	1007
998	1005	1031
998	1005	1090
999	1004	1005
999	1004	996
1003	1000	995
1001	1007	1011
1002	1013	1025
1010	1003	1000
1004	1005	1031
1004	1005	1090
1030	1004	1005
1030	1004	996
1005	1090	1105
1005	1031	1042
1006	1028	1034
1047	1008	990
1012	1009	972
1012	1009	965
1014	1010	1003
1011	1015	1018
1050	1043	1044
1050	1043	1040
1024	1012	1009
1013	1025	1027
1016	1014	1010
1015	1018	1046
1022	1016	1014
1017	1020	1021
1018	1046	1055
1018	1046	1065
1020	1021	1029
1048	1022	1016
1026	1024	1012
1025	1027	1036
1037	1026	1024
1027	1036	1039
1028	1034	1051
1029	1032	1043
1041	1030	1004
1031	1042	1072
1031	1042	1061
1032	1043	1044
1032	1043	1040
1033	1045	1136
1033	1035	982
1140	1035	982
1038	1037	1026
1053	1038	1037
1039	1054	1056
1043	1040	1044
1040	1044	1050
1055	1041	1030
1060	1041	1030
1042	1061	1064
1042	1072	1080
1043	1044	1050
1044	1050	1126
1044	1050	1043
1130	1045	1136
1045	1136	1180
1046	1065	1066
1046	1065	1063
1046	1055	1063
1046	1055	1041
1049	1047	1008
1067	1048	1022
1052	1048	1022
1058	1049	1047
1101	1100	1098
1074	1052	1048
1062	1052	1048
1057	1053	1038
1054	1056	1076
1055	1063	1064
1055	1063	1060
1056	1076	1078
1077	1057	1053
1087	1058	1049
1069	1059	1019
1063	1060	1041
1061	1064	1066
1061	1064	1072
1062	1073	1070
1070	1062	1073
1070	1062	1052
1063	1064	1066
1063	1064	1072
1065	1063	1064
1065	1063	1060
1064	1072	1080
1064	1066	1068
1064	1066	1102
1065	1066	1068
1065	1066	1102
1067	1065	1066
1067	1065	1063
1066	1102	1108
1066	1102	1101
1066	1068	1071
1066	1068	1067
1070	1067	1065
1070	1067	1048
1093	1068	1071
1093	1068	1067
1068	1071	1074
1068	1071	1070
1150	1069	1059
1071	1070	1067
1071	1070	1062
1073	1070	1067
1073	1070	1062
1075	1071	1074
1075	1071	1070
1071	1074	1052
1072	1080	1086
1072	1080	1095
1089	1075	1071
1122	1075	1071
1076	1078	1084
1079	1077	1057
1078	1084	1132
1078	1084	1142
1083	1079	1077
1101	1112	1131
1101	1112	1096
1080	1095	1094
1080	1086	1101
1098	1086	1101
1082	1081	1023
1085	1082	1081
1133	1083	1079
1141	1083	1079
1084	1142	1149
1084	1142	1139
1084	1132	1138
1089	1110	1107
1088	1085	1082
1086	1101	1112
1086	1101	1100
1144	1087	1058
1091	1087	1058
1097	1088	1085
1104	1089	1110
1104	1089	1075
1090	1105	1165
1090	1105	1099
1099	1090	1105
1092	1091	1087
1114	1117	1119
1114	1117	1118
1118	1115	1110
1118	1115	1114
1226	1223	1158
1115	1114	1117
1135	1092	1091
1103	1093	1068
1096	1095	1094
1112	1096	1095
1098	1096	1095
1097	1157	1159
1123	1097	1157
1123	1097	1088
1174	1097	1157
1174	1097	1088
1105	1099	1090
1100	1098	1096
1100	1098	1086
1121	1099	1090
1102	1101	1112
1102	1101	1100
1102	1108	1153
1103	1102	1108
1103	1102	1101
1109	1103	1102
1109	1103	1093
1104	1103	1102
1104	1103	1093
1113	1104	1103
1113	1104	1089
1106	1104	1103
1106	1104	1089
1105	1165	1192
1107	1106	1104
1107	1113	1104
1110	1107	1113
1110	1107	1106
1108	1153	1222
1158	1109	1103
1115	1110	1107
1146	1111	1114
1111	1114	1117
1112	1131	1153
1146	1113	1104
1116	1131	1153
1143	1141	1137
1143	1141	1083
1147	1116	1131
1147	1116	1094
1117	1118	1115
1117	1119	1124
1120	1118	1115
1120	1119	1124
1119	1124	1154
1119	1124	1122
1122	1120	1119
1122	1120	1118
1125	1121	1099
1124	1122	1120
1124	1122	1075
1154	1122	1120
1154	1122	1075
1156	1123	1097
1124	1154	1122
1129	1125	1121
1128	1127	1126
1128	1139	1149
1129	1147	1116
1160	1156	1123
1175	1130	1045
1131	1153	1222
1132	1138	1152
1132	1138	1142
1137	1133	1083
1135	1167	1170
1136	1180	1183
1137	1138	1152
1137	1138	1142
1141	1137	1138
1141	1137	1133
1151	1137	1138
1151	1137	1133
1138	1142	1149
1138	1142	1139
1138	1152	1161
1138	1152	1151
1142	1139	1149
1139	1149	1169
1139	1149	1152
1184	1140	1035
1142	1149	1169
1142	1149	1152
1144	1143	1141
1145	1143	1141
1145	1144	1143
1145	1144	1087
1148	1145	1144
1148	1145	1143
1168	1145	1144
1168	1145	1143
1158	1146	1113
1158	1146	1111
1149	1152	1161
1149	1152	1151
1151	1148	1145
1149	1169	1190
1155	1150	1069
1152	1151	1148
1152	1151	1137
1162	1151	1148
1162	1151	1137
1152	1161	1166
1153	1222	1225
1178	1154	1122
1174	1155	1150
1157	1159	1177
1223	1158	1146
1223	1158	1109
1159	1177	1221
1159	1177	1217
1176	1160	1156
1161	1166	1169
1168	1162	1151
1164	1163	1134
1196	1164	1163
1165	1192	1193
1166	1169	1190
1167	1170	1229
1191	1168	1162
1191	1168	1145
1169	1190	1202
1169	1190	1201
1170	1229	1230
1172	1171	1173
1171	1173	1175
1187	1172	1171
1181	1172	1171
1173	1175	1130
1174	1203	1209
1211	1176	1160
1215	1176	1160
1177	1217	1218
1177	1217	1234
1177	1221	1234
1180	1183	1185
1180	1183	1182
1183	1182	1186
1183	1182	1181
1182	1181	1172
1186	1181	1172
1182	1186	1187
1182	1186	1181
1183	1185	1194
1183	1185	1184
1213	1215	1217
1213	1215	1176
1214	1219	1220
1214	1219	1236
1188	1185	1194
1188	1185	1184
1185	1184	1140
1185	1194	1195
1185	1194	1241
1186	1187	1189
1186	1187	1197
1186	1187	1172
1188	1186	1187
1188	1186	1181
1187	1197	1214
1187	1189	1188
1189	1188	1186
1189	1188	1185
1198	1189	1188
1190	1201	1206
1190	1202	1207
1199	1191	1168
1200	1191	1168
1195	1192	1193
1192	1193	1194
1193	1194	1195
1193	1194	1241
1194	1241	1271
1194	1195	1192
1221	1234	1253
1242	1195	1192
1196	1227	1274
1197	1214	1219
1216	1198	1189
1204	1199	1191
1205	1200	1191
1201	1206	1238
1203	1209	1243
1203	1209	1208
1247	1204	1199
1206	1238	1249
1208	1211	1212
1208	1211	1176
1209	1208	1211
1209	1243	1263
1210	1209	1243
1210	1209	1208
1244	1210	1209
1211	1212	1213
1235	1212	1213
1212	1213	1215
1216	1214	1219
1235	1215	1217
1235	1215	1176
1215	1217	1218
1215	1217	1234
1220	1216	1214
1220	1216	1198
1217	1234	1253
1217	1218	1221
1218	1221	1234
1263	1327	1349
1263	1265	1244
1317	1296	1294
1317	1296	1291
1250	1247	1204
1248	1254	1256
1219	1236	1237
1219	1220	1216
1253	1255	1260
1253	1255	1235
1239	1220	1216
1222	1225	1259
1225	1259	1407
1478	1226	1223
1227	1274	1432
1229	1230	1231
1230	1231	1233
1231	1233	1252
1264	1232	1224
1233	1252	1253
1234	1253	1301
1234	1253	1255
1255	1235	1215
1255	1235	1212
1236	1237	1240
1236	1237	1276
1239	1236	1237
1237	1276	1299
1237	1240	1239
1238	1249	1254
1240	1239	1236
1240	1239	1220
1307	1240	1239
1300	1304	1310
1300	1304	1308
1241	1271	1344
1272	1242	1195
1243	1263	1265
1243	1263	1327
1244	1243	1263
1265	1244	1243
1265	1244	1210
1267	1244	1243
1267	1244	1210
1245	1248	1254
1249	1254	1256
1258	1250	1247
1257	1251	1246
1252	1253	1301
1252	1253	1255
1253	1301	1297
1253	1301	1304
1254	1256	1262
1279	1255	1260
1279	1255	1235
1255	1260	1263
1256	1262	1266
1261	1257	1251
1261	1258	1250
1259	1407	1488
1260	1263	1265
1260	1263	1327
1268	1261	1258
1268	1261	1257
1262	1266	1295
1262	1266	1278
1350	1264	1232
1329	1265	1244
1266	1278	1284
1266	1295	1298
1266	1295	1313
1321	1267	1244
1269	1268	1261
1270	1268	1261
1273	1269	1268
1277	1270	1268
1281	1283	1286
1271	1344	1410
1271	1344	1342
1342	1272	1242
1280	1273	1269
1290	1273	1269
1301	1304	1310
1301	1304	1308
1309	1301	1297
1309	1301	1304
1274	1432	1457
1274	1432	1323
1275	1324	1367
1276	1299	1303
1280	1277	1270
1278	1284	1289
1278	1284	1280
1306	1323	1321
1297	1328	1345
1308	1311	1328
1308	1311	1293
1346	1279	1255
1309	1279	1255
1284	1280	1277
1284	1280	1273
1287	1280	1277
1287	1280	1273
1288	1281	1283
1294	1281	1283
1282	1285	1306
1302	1282	1285
1283	1286	1292
1283	1286	1284
1286	1284	1289
1286	1284	1280
1284	1289	1319
1311	1293	1305
1311	1293	1300
1285	1306	1323
1288	1286	1292
1288	1286	1284
1286	1292	1319
1322	1287	1280
1291	1288	1286
1291	1288	1281
1289	1319	1338
1322	1290	1273
1291	1294	1295
1291	1294	1281
1296	1291	1294
1296	1291	1288
1292	1319	1338
1293	1300	1304
1293	1305	1308
1294	1295	1298
1294	1295	1313
1296	1294	1295
1296	1294	1281
1295	1313	1367
1295	1313	1298
1295	1298	1371
1295	1298	1296
1298	1296	1294
1298	1296	1291
1301	1297	1328
1313	1298	1371
1313	1298	1296
1298	1371	1375
1298	1371	1382
1299	1303	1307
1299	1303	1316
1307	1299	1303
1302	1306	1323
1321	1302	1306
1321	1302	1282
1303	1316	1326
1303	1307	1299
1303	1307	1240
1304	1308	1315
1304	1308	1311
1304	1310	1314
1304	1310	1309
1305	1308	1315
1305	1308	1311
1320	1307	1299
1320	1307	1240
1308	1315	1318
1308	1315	1310
1310	1309	1279
1310	1309	1301
1312	1309	1279
1312	1309	1301
1315	1310	1314
1315	1310	1309
1310	1314	1352
1311	1328	1345
1346	1312	1309
1313	1367	1429
1314	1352	1361
1331	1315	1318
1331	1315	1310
1315	1318	1325
1316	1326	1332
1316	1326	1330
1370	1317	1296
1318	1325	1333
1319	1338	1347
1332	1320	1307
1323	1321	1302
1323	1321	1267
1337	1322	1290
1337	1322	1287
1432	1323	1321
1331	1333	1341
1331	1333	1336
1324	1367	1429
1325	1333	1341
1325	1333	1336
1326	1330	1334
1326	1332	1330
1326	1332	1320
1327	1349	1381
1328	1345	1347
1328	1345	1337
1385	1329	1265
1330	1334	1339
1332	1330	1334
1348	1331	1333
1348	1331	1315
1343	1332	1330
1343	1332	1320
1358	1332	1330
1358	1332	1320
1333	1336	1360
1333	1341	1354
1340	1335	1344
1334	1339	1364
1335	1344	1410
1335	1344	1342
1336	1360	1363
1345	1337	1322
1338	1347	1351
1338	1347	1366
1339	1364	1440
1379	1340	1335
1341	1354	1362
1411	1342	1272
1344	1342	1272
1368	1343	1332
1344	1410	1442
1345	1347	1351
1345	1347	1366
1348	1345	1347
1348	1345	1337
1355	1346	1312
1355	1346	1279
1347	1366	1370
1347	1351	1357
1347	1351	1348
1351	1348	1345
1351	1348	1331
1353	1348	1345
1353	1348	1331
1349	1381	1387
1349	1381	1378
1388	1350	1264
1369	1351	1357
1369	1351	1348
1351	1357	1359
1352	1361	1374
1356	1353	1348
1354	1362	1365
1378	1355	1346
1372	1356	1353
1380	1356	1353
1357	1359	1393
1357	1359	1384
1358	1408	1433
1358	1408	1414
1358	1379	1435
1358	1379	1340
1359	1384	1389
1359	1393	1396
1359	1393	1392
1360	1363	1372
1361	1374	1376
1362	1365	1374
1362	1365	1372
1363	1372	1356
1364	1440	1450
1364	1440	1428
1368	1364	1440
1365	1372	1356
1365	1374	1376
1366	1370	1375
1366	1370	1317
1367	1429	1430
1367	1429	1438
1399	1394	1387
1399	1394	1385
1452	1368	1364
1452	1368	1343
1414	1368	1364
1414	1368	1343
1373	1369	1351
1370	1375	1377
1370	1375	1382
1373	1370	1375
1373	1370	1317
1371	1382	1430
1371	1382	1429
1371	1375	1377
1371	1375	1382
1377	1373	1370
1377	1373	1369
1415	1373	1370
1415	1373	1369
1374	1376	1383
1375	1382	1430
1375	1382	1429
1375	1377	1417
1375	1377	1373
1376	1383	1389
1376	1383	1380
1441	1377	1417
1441	1377	1373
1377	1417	1418
1377	1417	1500
1386	1378	1355
1381	1378	1355
1379	1435	1447
1383	1380	1356
1381	1387	1395
1381	1387	1386
1385	1381	1387
1385	1381	1378
1382	1429	1430
1382	1429	1438
1382	1430	1439
1383	1389	1392
1383	1389	1393
1386	1383	1389
1386	1383	1380
1384	1389	1392
1384	1389	1393
1394	1385	1381
1394	1385	1329
1404	1385	1381
1404	1385	1329
1391	1386	1383
1391	1386	1378
1387	1386	1383
1387	1386	1378
1387	1395	1398
1387	1395	1396
1394	1387	1395
1394	1387	1386
1403	1388	1350
1390	1486	1568
1389	1393	1396
1389	1393	1392
1389	1392	1395
1389	1392	1391
1397	1390	1486
1392	1391	1386
1393	1392	1395
1393	1392	1391
1392	1395	1398
1392	1395	1396
1393	1396	1400
1393	1396	1415
1398	1394	1387
1398	1394	1385
1395	1396	1400
1395	1396	1415
1395	1398	1402
1395	1398	1394
1396	1415	1417
1396	1415	1373
1396	1400	1406
1396	1400	1398
1409	1397	1390
1400	1398	1402
1400	1398	1394
1398	1402	1423
1419	1399	1394
1416	1400	1406
1416	1400	1398
1400	1406	1423
1487	1401	1413
1401	1413	1422
1402	1423	1436
1405	1403	1388
1419	1404	1385
1405	1420	1422
1405	1420	1409
1412	1405	1420
1412	1405	1403
1406	1423	1436
1407	1488	1641
1408	1414	1425
1408	1414	1368
1408	1433	1483
1408	1433	1427
1409	1413	1422
1420	1409	1413
1420	1409	1397
1410	1442	1447
1410	1442	1435
1449	1411	1342
1421	1412	1405
1413	1422	1431
1413	1422	1421
1414	1425	1492
1427	1414	1425
1427	1414	1368
1415	1417	1418
1415	1417	1500
1416	1415	1417
1416	1415	1373
1418	1416	1415
1418	1416	1400
1454	1416	1415
1454	1416	1400
1499	1494	1482
1417	1500	1507
1417	1500	1445
1417	1418	1454
1417	1418	1416
1505	1418	1454
1505	1418	1416
1418	1454	1416
1472	1469	1457
1434	1419	1404
1434	1419	1399
1420	1422	1431
1420	1422	1421
1421	1420	1422
1421	1420	1409
1422	1421	1420
1422	1421	1412
1428	1421	1420
1428	1421	1412
1422	1431	1450
1422	1431	1428
1423	1436	1480
1423	1436	1464
1425	1492	1553
1425	1492	1452
1426	1462	1468
1426	1462	1489
1433	1427	1414
1431	1428	1421
1440	1428	1421
1429	1438	1446
1429	1438	1437
1429	1430	1439
1430	1439	1448
1430	1439	1438
1431	1450	1456
1431	1450	1515
1432	1457	1470
1433	1483	1502
1527	1433	1483
1527	1433	1427
1463	1434	1419
1470	1434	1419
1442	1435	1447
1435	1447	1453
1435	1447	1520
1436	1464	1476
1436	1480	1481
1436	1480	1525
1437	1443	1455
1437	1443	1460
1438	1437	1443
1438	1446	1448
1438	1446	1459
1439	1438	1446
1439	1438	1437
1439	1448	1451
1441	1439	1448
1441	1439	1438
1440	1450	1456
1440	1450	1515
1452	1440	1450
1452	1440	1428
1451	1441	1439
1451	1441	1377
1445	1441	1439
1445	1441	1377
1455	1444	1446
1442	1447	1453
1442	1447	1520
1449	1442	1447
1449	1442	1435
1443	1460	1461
1443	1460	1458
1443	1455	1444
1444	1446	1448
1444	1446	1459
1500	1445	1441
1446	1459	1479
1446	1459	1529
1446	1448	1451
1447	1520	1527
1447	1453	1466
1447	1453	1449
1448	1451	1507
1448	1451	1441
1453	1449	1442
1453	1449	1411
1465	1449	1442
1465	1449	1411
1450	1515	1546
1450	1456	1492
1450	1456	1452
1493	1521	1626
1533	1451	1507
1533	1451	1441
1451	1507	1511
1451	1507	1588
1456	1452	1440
1456	1452	1368
1492	1452	1440
1492	1452	1368
1523	1453	1466
1523	1453	1449
1453	1466	1474
1493	1454	1416
1467	1455	1444
1517	1456	1492
1517	1456	1452
1456	1492	1553
1456	1492	1452
1457	1470	1473
1457	1470	1434
1469	1457	1470
1460	1458	1424
1461	1458	1424
1459	1529	1532
1459	1529	1518
1459	1479	1513
1460	1461	1462
1460	1461	1458
1461	1462	1468
1461	1462	1489
1467	1461	1462
1467	1461	1458
1462	1489	1491
1462	1489	1536
1462	1468	1501
1462	1468	1467
1473	1463	1434
1464	1476	1477
1464	1476	1480
1471	1465	1449
1471	1466	1474
1466	1474	1485
1466	1474	1471
1468	1467	1461
1468	1467	1455
1506	1467	1461
1506	1467	1455
1491	1468	1501
1491	1468	1467
1468	1501	1519
1468	1501	1524
1470	1473	1476
1470	1473	1463
1472	1470	1473
1472	1470	1434
1474	1471	1466
1474	1471	1465
1475	1472	1470
1475	1472	1469
1496	1472	1470
1496	1472	1469
1473	1476	1477
1473	1476	1480
1475	1473	1476
1475	1473	1463
1474	1485	1490
1477	1475	1473
1477	1475	1472
1482	1475	1473
1482	1475	1472
1476	1480	1481
1476	1480	1525
1476	1477	1484
1476	1477	1475
1481	1477	1484
1481	1477	1475
1477	1484	1497
1642	1478	1226
1479	1513	1518
1479	1513	1506
1480	1525	1528
1480	1525	1522
1480	1481	1510
1480	1481	1477
1526	1481	1510
1526	1481	1477
1481	1510	1514
1481	1510	1567
1494	1482	1475
1483	1502	1553
1484	1497	1504
1485	1490	1495
1486	1568	1576
1486	1568	1572
1574	1487	1401
1488	1641	1661
1489	1536	1551
1489	1491	1468
1490	1495	1630
1537	1491	1468
1492	1553	1561
1492	1553	1597
1495	1630	1750
1631	1495	1630
1496	1499	1504
1496	1499	1494
1498	1496	1499
1498	1496	1472
1497	1504	1508
1497	1504	1510
1503	1498	1496
1540	1498	1496
1499	1504	1508
1499	1504	1510
1503	1499	1504
1503	1499	1494
1500	1507	1511
1500	1507	1588
1505	1500	1507
1505	1500	1445
1501	1524	1547
1501	1519	1532
1501	1519	1524
1615	1619	1639
1502	1553	1561
1502	1553	1597
1558	1502	1553
1508	1503	1499
1508	1503	1498
1512	1503	1499
1512	1503	1498
1504	1510	1514
1504	1510	1567
1504	1508	1516
1504	1508	1503
1509	1505	1500
1509	1505	1418
1611	1505	1500
1611	1505	1418
1513	1506	1467
1518	1506	1467
1507	1588	1688
1507	1588	1556
1507	1511	1564
1507	1511	1509
1514	1508	1516
1514	1508	1503
1508	1516	1543
1511	1509	1505
1510	1567	1570
1510	1567	1617
1510	1514	1538
1510	1514	1508
1591	1511	1564
1591	1511	1509
1511	1564	1612
1540	1512	1503
1513	1518	1519
1513	1518	1506
1570	1514	1538
1570	1514	1508
1514	1538	1543
1515	1546	1549
1516	1543	1544
1550	1517	1456
1518	1519	1532
1518	1519	1524
1529	1518	1519
1529	1518	1506
1519	1524	1547
1519	1532	1535
1519	1532	1539
1520	1527	1557
1520	1527	1433
1523	1520	1527
1531	1521	1626
1521	1626	1632
1521	1626	1770
1525	1522	1528
1522	1528	1530
1563	1523	1520
1563	1523	1453
1524	1547	1575
1525	1528	1530
1530	1526	1481
1534	1526	1481
1527	1557	1587
1528	1530	1534
1528	1530	1526
1529	1532	1535
1529	1532	1539
1533	1529	1532
1533	1529	1518
1530	1534	1567
1530	1534	1526
1617	1531	1521
1532	1539	1575
1532	1535	1548
1532	1535	1533
1535	1533	1529
1535	1533	1451
1545	1533	1529
1545	1533	1451
1534	1567	1570
1534	1567	1617
1542	1535	1548
1542	1535	1533
1535	1548	1560
1536	1551	1541
1537	1536	1551
1555	1537	1536
1555	1537	1491
1538	1543	1544
1539	1575	1577
1552	1540	1512
1552	1540	1498
1560	1542	1535
1543	1544	1559
1544	1559	1562
1556	1545	1533
1546	1549	1596
1546	1549	1578
1550	1546	1549
1547	1575	1577
1548	1560	1542
1549	1578	1576
1549	1578	1574
1549	1596	1624
1549	1596	1589
1571	1550	1546
1571	1550	1517
1555	1551	1541
1554	1552	1540
1553	1597	1606
1553	1597	1683
1558	1553	1561
1558	1553	1597
1553	1561	1599
1553	1561	1558
1565	1554	1552
1569	1554	1552
1566	1555	1551
1566	1555	1537
1556	1560	1542
1588	1556	1560
1588	1556	1545
1557	1587	1598
1557	1587	1594
1561	1558	1553
1561	1558	1502
1594	1558	1553
1594	1558	1502
1559	1562	1582
1559	1562	1573
1595	1561	1599
1595	1561	1558
1561	1599	1605
1561	1599	1616
1562	1573	1583
1606	1595	1561
1562	1582	1585
1592	1563	1523
1564	1612	1666
1564	1612	1702
1572	1565	1554
1638	1566	1555
1567	1617	1626
1567	1617	1531
1567	1570	1514
1568	1572	1565
1568	1576	1579
1568	1576	1572
1579	1569	1554
1622	1570	1514
1589	1571	1550
1581	1571	1550
1576	1572	1565
1573	1583	1584
1573	1583	1585
1578	1574	1487
1575	1577	1638
1576	1579	1583
1576	1579	1569
1578	1576	1579
1578	1576	1572
1577	1638	1656
1577	1638	1566
1580	1578	1576
1580	1578	1574
1579	1583	1584
1579	1583	1585
1580	1579	1583
1580	1579	1569
1584	1580	1579
1584	1580	1578
1603	1580	1579
1603	1580	1578
1635	1581	1571
1582	1585	1586
1582	1585	1679
1583	1585	1586
1583	1585	1679
1583	1584	1604
1583	1584	1580
1586	1584	1604
1586	1584	1580
1584	1604	1629
1584	1604	1603
1585	1679	1685
1585	1679	1673
1585	1586	1590
1585	1586	1584
1680	1586	1590
1680	1586	1584
1586	1590	1593
1587	1594	1599
1587	1594	1558
1587	1598	1602
1587	1598	1594
1588	1688	1732
1588	1688	1669
1591	1588	1688
1591	1588	1556
1596	1589	1571
1590	1593	1670
1590	1593	1604
1617	1626	1632
1617	1626	1770
1734	1591	1588
1734	1591	1511
1600	1592	1563
1610	1592	1563
1593	1604	1629
1593	1604	1603
1593	1670	1692
1594	1599	1605
1594	1599	1616
1598	1594	1599
1598	1594	1558
1596	1624	1629
1596	1624	1603
1601	1596	1624
1601	1596	1589
1597	1683	1687
1597	1683	1648
1597	1606	1595
1598	1602	1609
1598	1602	1600
1600	1598	1602
1600	1598	1594
1599	1616	1621
1599	1605	1608
1599	1605	1602
1602	1600	1598
1602	1600	1592
1610	1600	1598
1610	1600	1592
1603	1601	1596
1605	1602	1609
1605	1602	1600
1602	1609	1615
1602	1609	1608
1604	1603	1601
1604	1603	1580
1624	1603	1601
1624	1603	1580
1604	1629	1636
1604	1629	1670
1607	1605	1608
1607	1605	1602
1605	1608	1614
1605	1608	1607
1607	1620	1628
1607	1620	1616
1645	1606	1595
1618	1607	1620
1618	1607	1605
1608	1607	1620
1608	1607	1605
1609	1608	1614
1609	1608	1607
1608	1614	1623
1608	1614	1615
1613	1609	1615
1613	1609	1608
1609	1615	1623
1609	1615	1619
1637	1610	1600
1637	1610	1592
1611	1612	1666
1611	1612	1702
1664	1611	1612
1664	1611	1505
1612	1702	1746
1612	1702	1860
1612	1666	1727
1612	1666	1746
1637	1613	1609
1618	1614	1623
1618	1614	1615
1614	1615	1623
1614	1615	1619
1614	1623	1654
1614	1623	1639
1615	1623	1654
1615	1623	1639
1620	1616	1621
1616	1621	1627
1622	1617	1626
1622	1617	1531
1633	1618	1614
1633	1618	1607
1625	1618	1614
1625	1618	1607
1619	1639	1643
1620	1628	1657
1625	1620	1628
1625	1620	1616
1621	1627	1671
1632	1622	1617
1632	1622	1570
1662	1653	1647
1711	1622	1617
1711	1622	1570
1623	1639	1643
1623	1654	1681
1624	1629	1636
1624	1629	1670
1635	1624	1629
1635	1624	1603
1634	1625	1620
1634	1625	1618
1633	1625	1620
1633	1625	1618
1626	1770	1808
1626	1632	1717
1626	1632	1622
1627	1671	1695
1627	1671	1716
1628	1657	1671
1628	1657	1694
1629	1670	1692
1629	1636	1651
1629	1636	1635
1630	1750	1754
1755	1631	1495
1769	1632	1717
1769	1632	1622
1632	1717	1766
1665	1633	1625
1665	1633	1618
1663	1634	1625
1636	1635	1624
1636	1635	1581
1648	1635	1624
1648	1635	1581
1698	1636	1651
1698	1636	1635
1636	1651	1691
1636	1651	1682
1640	1637	1613
1640	1637	1610
1638	1656	1743
1669	1638	1656
1669	1638	1566
1639	1643	1650
1646	1640	1637
1641	1661	1862
1659	1642	1478
1643	1650	1731
1643	1650	1660
1677	1645	1606
1649	1646	1640
1655	1646	1640
1647	1649	1646
1653	1647	1649
1674	1648	1635
1683	1648	1635
1650	1660	1783
1650	1731	1767
1651	1682	1705
1651	1682	1704
1651	1691	1703
1651	1691	1700
1652	1653	1647
1662	1652	1653
1654	1681	1697
1667	1655	1646
1729	1655	1646
1703	1696	1693
1703	1696	1689
1656	1743	1763
1657	1694	1716
1657	1671	1695
1657	1671	1716
1658	1660	1783
1678	1659	1644
1678	1659	1642
1660	1783	1789
1661	1862	1967
1661	1862	1960
1667	1662	1652
1667	1662	1653
1701	1663	1634
1690	1663	1634
1664	1666	1727
1664	1666	1746
1725	1664	1666
1725	1664	1611
1668	1665	1633
1672	1665	1633
1666	1727	1753
1754	1667	1662
1754	1667	1655
1686	1668	1672
1686	1668	1665
1668	1672	1665
1688	1669	1638
1670	1692	1709
1670	1692	1699
1671	1716	1721
1671	1716	1720
1671	1695	1710
1675	1672	1665
1673	1778	1792
1679	1673	1778
1687	1674	1648
1689	1674	1648
1730	1675	1672
1676	1685	1718
1676	1685	1795
1781	1676	1685
1684	1677	1645
1898	1678	1659
1680	1679	1685
1680	1679	1673
1679	1685	1718
1679	1685	1795
1680	1685	1718
1680	1685	1795
1699	1680	1685
1699	1680	1679
1699	1680	1586
1682	1704	1708
1682	1704	1705
1682	1705	1712
1682	1705	1764
1683	1687	1689
1683	1687	1674
1684	1683	1687
1684	1683	1648
1693	1684	1683
1693	1684	1677
1710	1684	1683
1710	1684	1677
1685	1795	1834
1685	1795	1831
1685	1718	1771
1685	1718	1715
1739	1686	1668
1690	1686	1668
1687	1689	1691
1687	1689	1674
1693	1687	1689
1693	1687	1674
1688	1732	1733
1689	1691	1703
1689	1691	1700
1696	1689	1691
1696	1689	1674
1741	1690	1686
1741	1690	1663
1691	1700	1704
1691	1703	1714
1691	1703	1696
1692	1699	1680
1692	1709	1718
1692	1709	1699
1696	1693	1687
1696	1693	1684
1707	1693	1687
1707	1693	1684
1694	1716	1721
1694	1716	1720
1695	1710	1707
1695	1710	1684
1713	1696	1693
1713	1696	1689
1715	1698	1636
1728	1698	1636
1709	1699	1680
1700	1704	1708
1700	1704	1705
1721	1701	1663
1734	1732	1733
1733	1747	1756
1702	1860	1888
1702	1860	1734
1706	1703	1714
1706	1703	1696
1703	1714	1723
1704	1705	1712
1704	1705	1764
1704	1708	1722
1704	1708	1706
1705	1764	1782
1705	1764	1765
1705	1712	1736
1705	1712	1708
1708	1706	1703
1710	1707	1693
1712	1708	1722
1712	1708	1706
1708	1722	1736
1709	1718	1771
1709	1718	1715
1715	1709	1718
1715	1709	1699
1719	1710	1707
1719	1710	1684
1760	1711	1622
1779	1712	1736
1779	1712	1708
1712	1736	1738
1712	1736	1758
1719	1713	1696
1714	1723	1724
1714	1723	1719
1718	1715	1709
1718	1715	1698
1728	1715	1709
1728	1715	1698
1716	1720	1719
1716	1721	1737
1716	1721	1701
1717	1766	1773
1718	1771	1791
1718	1771	1782
1720	1719	1713
1720	1719	1710
1723	1719	1713
1723	1719	1710
1721	1737	1738
1721	1737	1723
1724	1721	1737
1724	1721	1701
1722	1736	1738
1722	1736	1758
1723	1724	1721
1737	1723	1724
1737	1723	1719
1744	1725	1664
1726	1743	1763
1727	1753	1759
1751	1728	1715
1751	1728	1698
1762	1729	1655
1730	1825	1836
1731	1767	1793
1731	1767	1783
1732	1733	1747
1735	1734	1732
1735	1734	1591
1860	1734	1732
1860	1734	1591
1748	1735	1734
1736	1758	1819
1736	1738	1740
1736	1738	1758
1737	1738	1740
1737	1738	1758
1740	1737	1738
1740	1737	1723
1738	1758	1819
1738	1740	1741
1738	1740	1737
1741	1739	1686
1745	1740	1741
1745	1740	1737
1740	1741	1739
1740	1741	1690
1742	1741	1739
1742	1741	1690
1745	1742	1741
1743	1763	1780
1743	1763	1772
1749	1744	1725
1752	1744	1725
1797	1745	1742
1797	1745	1740
1776	1745	1742
1776	1745	1740
1747	1756	1768
1747	1756	1757
1777	1748	1735
1752	1749	1753
1752	1749	1744
1749	1753	1759
1759	1749	1753
1759	1749	1744
1750	1754	1762
1750	1754	1667
1755	1750	1754
1765	1751	1728
1786	1752	1749
1786	1752	1744
1753	1759	1788
1753	1759	1749
1754	1762	1767
1754	1762	1729
1787	1755	1750
1787	1755	1631
1756	1768	1772
1756	1768	1757
1758	1819	1813
1758	1819	1833
1759	1788	1810
1761	1760	1711
1792	1761	1760
1762	1767	1793
1762	1767	1783
1790	1762	1767
1790	1762	1729
1763	1772	1775
1763	1772	1774
1763	1780	1991
1764	1765	1751
1764	1782	1791
1764	1782	1779
1764	1782	1765
1782	1765	1751
1766	1773	1794
1767	1783	1789
1767	1793	1821
1767	1793	1790
1768	1772	1775
1768	1772	1774
1775	1768	1772
1775	1768	1757
1811	1769	1632
1770	1808	1810
1770	1808	1786
1771	1782	1791
1771	1782	1779
1771	1782	1765
1771	1791	1815
1772	1774	1780
1772	1775	1777
1772	1775	1768
1773	1794	1802
1773	1794	1798
1774	1780	1991
1784	1775	1777
1784	1775	1768
1775	1777	1748
1837	1776	1745
1797	1776	1745
1784	1777	1748
1778	1792	1798
1778	1792	1761
1782	1779	1712
1785	1779	1712
1818	1833	1835
1818	1833	1842
1819	1833	1835
1819	1833	1842
1857	1820	1790
1821	1866	1896
1780	1991	2049
1780	1991	2060
1796	1781	1676
1782	1791	1815
1785	1782	1791
1785	1782	1779
1785	1782	1765
1783	1789	1805
1783	1789	1800
1989	1784	1777
1989	1784	1775
1813	1785	1782
1813	1785	1779
1808	1786	1752
1790	1787	1755
1857	1787	1755
1788	1810	1812
1789	1800	1799
1789	1805	1893
1793	1790	1787
1793	1790	1762
1820	1790	1787
1820	1790	1762
1791	1815	1818
1791	1815	1822
1792	1798	1801
1792	1798	1802
1796	1792	1798
1796	1792	1761
1799	1793	1821
1799	1793	1790
1793	1821	1866
1794	1798	1801
1794	1798	1802
1794	1802	1807
1795	1831	1839
1795	1831	1823
1795	1834	1841
1795	1834	1831
1801	1796	1792
1801	1796	1781
1823	1796	1792
1823	1796	1781
1814	1797	1776
1814	1797	1745
1809	1797	1776
1809	1797	1745
1798	1802	1807
1798	1801	1803
1798	1801	1796
1800	1799	1866
1800	1799	1793
1799	1866	1896
1806	1800	1799
1804	1801	1803
1804	1801	1796
1801	1803	1829
1802	1807	1858
1802	1807	1804
1804	1803	1829
1803	1829	1839
1803	1829	1823
1807	1804	1803
1807	1804	1801
1805	1893	1928
1805	1893	1897
1894	1806	1800
1808	1810	1812
1811	1808	1810
1811	1808	1786
1824	1809	1797
1810	1812	1816
1810	1812	1811
1812	1811	1808
1812	1811	1769
1817	1811	1808
1817	1811	1769
1812	1816	1832
1818	1813	1785
1819	1813	1785
1838	1814	1797
1815	1822	1827
1815	1818	1813
1815	1818	1833
1816	1832	1845
1847	1854	1899
1826	1817	1811
1828	1818	1813
1828	1818	1833
1822	1827	1830
1822	1827	1890
1828	1822	1827
1829	1823	1796
1831	1823	1796
1837	1824	1809
1966	1960	1940
1838	1824	1809
1825	1836	1892
1825	1836	1900
1840	1826	1817
1827	1890	1834
1827	1830	1847
1827	1830	1828
1830	1828	1822
1830	1828	1818
1843	1828	1822
1843	1828	1818
1829	1839	1841
1829	1839	1875
1895	1830	1847
1895	1830	1828
1830	1847	1849
1830	1847	1854
1831	1839	1841
1831	1839	1875
1834	1831	1839
1834	1831	1823
1832	1845	1852
1833	1842	1843
1833	1835	1844
1834	1841	1903
1834	1841	1871
1890	1834	1841
1890	1834	1831
1835	1844	1849
1835	1844	1843
1836	1900	1886
1836	1892	1897
1836	1892	1697
1846	1837	1824
1846	1837	1776
1848	1838	1824
1848	1838	1814
1839	1875	1922
1839	1841	1903
1839	1841	1871
1851	1840	1826
1841	1871	1875
1841	1903	1906
1841	1903	1961
1842	1843	1847
1842	1843	1828
1843	1847	1849
1843	1847	1854
1844	1843	1847
1844	1843	1828
1844	1849	1853
1844	1849	1905
1846	1844	1849
1846	1844	1843
1845	1852	1855
1853	1846	1844
1853	1846	1837
1850	1846	1844
1850	1846	1837
1847	1849	1853
1847	1849	1905
1850	1848	1838
1849	1905	1906
1849	1905	1899
1849	1853	1856
1849	1853	1846
1856	1850	1848
1856	1850	1846
1861	1850	1848
1861	1850	1846
1870	1851	1840
1852	1855	1872
1910	1853	1856
1910	1853	1846
1853	1856	1863
1853	1856	1850
1854	1899	1901
1854	1899	1895
1855	1872	1874
1855	1872	1908
1859	1856	1863
1859	1856	1850
1856	1863	1864
1891	1857	1787
1891	1857	1820
1881	1859	1856
1860	1888	2047
1860	1888	1746
1864	1861	1850
1862	1960	1940
1862	1967	1972
1862	1967	1966
1863	1864	1861
1865	1864	1861
1883	1865	1864
1866	1896	2013
1866	1896	1942
1876	1867	1868
1876	1867	1869
1876	1867	1858
1867	1869	1870
1867	1868	1873
1868	1873	1879
1869	1870	1851
1877	1870	1851
1871	1875	1922
1872	1908	1926
1872	1908	1887
1872	1874	1877
1873	1879	1882
1873	1879	1876
1874	1877	1878
1874	1877	1870
1875	1922	1925
1875	1922	1915
1879	1876	1867
1877	1878	1879
1880	1877	1878
1880	1877	1870
1878	1879	1882
1878	1879	1876
1879	1882	1885
1879	1882	1880
1882	1880	1877
1913	1881	1859
1882	1885	1889
1884	1882	1885
1884	1882	1880
1886	1883	1865
1887	1884	1882
1885	1889	1908
1900	1886	1883
1908	1887	1884
1888	2047	2058
1893	1897	1979
1893	1897	1992
1889	1908	1926
1889	1908	1887
1895	1890	1834
1936	1891	1857
1938	1891	1857
1892	1897	1979
1892	1897	1992
1893	1928	1894
1894	1893	1928
1894	1893	1897
1928	1894	1893
1928	1894	1806
1899	1895	1890
1899	1895	1830
1896	1942	1943
1896	1942	1944
1896	2013	2027
1951	1954	1964
1938	1935	1939
1897	1992	1994
1897	1992	1929
1993	1897	1979
1993	1897	1992
1897	1979	2016
1897	1979	1928
1968	1898	1678
1969	1898	1678
1899	1901	1903
1905	1899	1901
1905	1899	1895
1929	1900	1886
1901	1903	1906
1901	1903	1961
1903	1961	1963
1903	1906	1911
1903	1906	1977
1909	1904	1902
1905	1906	1911
1905	1906	1977
1907	1905	1906
1907	1905	1899
1906	1977	1978
1906	1977	1976
1906	1911	1913
1906	1911	1910
1910	1907	1905
1908	1926	1937
1917	1909	1904
1911	1910	1907
1911	1910	1853
1913	1910	1907
1913	1910	1853
1981	1911	1913
1981	1911	1910
1911	1913	1910
1911	1913	1881
1912	1914	1919
1985	1913	1910
1985	1913	1881
1914	1919	1923
1915	1916	1918
1922	1915	1916
1916	1918	1925
1923	1917	1909
1920	1917	1909
1921	1917	1909
1918	1925	1956
1918	1925	1988
1919	1923	1932
1919	1923	1927
1919	1923	1917
1921	1920	1931
1921	1920	1927
1921	1920	1917
1920	1927	1930
1920	1927	1932
1930	1920	1931
1930	1920	1927
1930	1920	1917
1920	1931	1934
1924	1921	1920
1924	1921	1917
1922	1925	1956
1922	1925	1988
1949	1922	1925
1949	1922	1915
1923	1927	1930
1923	1927	1932
1923	1932	1941
2077	2080	2095
2077	2080	2124
1955	1924	1921
1925	1988	1982
1925	1956	1980
1926	1937	1948
1926	1937	1953
1946	1926	1937
1927	1932	1941
1927	1930	1931
1927	1930	1920
1979	1928	1894
1992	1929	1900
1933	1930	1931
1933	1930	1920
1930	1931	1934
1931	1934	1955
1932	1941	2012
1932	1941	1933
1941	1933	1934
1941	1933	1930
1933	1934	1955
1961	1963	1976
1934	1955	1997
1934	1955	1924
1935	1939	1942
1935	1939	1938
1940	1936	1891
1937	1953	2018
1937	1948	1951
1937	1948	1953
1939	1938	1935
1939	1938	1891
1939	1942	1943
1939	1942	1944
1940	1939	1942
1940	1939	1938
1943	1940	1939
1943	1940	1936
1960	1940	1939
1960	1940	1936
1941	2012	2091
1942	1944	2013
1942	1943	1959
1942	1943	1940
1945	1943	1959
1945	1943	1940
1943	1959	1965
1944	2013	2027
2014	1945	1943
1947	1946	1926
1950	1946	1926
1952	1947	1948
1952	1947	1946
1947	1948	1951
1947	1948	1953
1951	1947	1948
1951	1947	1946
1948	1953	2018
1948	1951	1947
1948	1951	1954
1976	1949	1922
1952	1950	1946
1957	1951	1947
1957	1951	1954
2078	2083	2085
2078	2083	2106
2014	1959	1965
1962	1953	2018
1964	1952	1950
1964	1952	1947
1953	2018	1962
1958	1954	1964
1954	1964	1952
1955	1997	2001
1956	1980	1983
1956	1980	2029
1958	1957	1951
1962	1958	1957
1962	1958	1954
1959	1965	2033
1959	1965	1971
2018	1962	1958
2018	1962	1953
1963	1976	1980
1963	1976	1949
1974	1964	1952
1965	1971	1972
1965	2033	2040
1967	1966	1960
1967	1972	1973
1967	1972	2034
1968	1967	1972
1968	1967	1966
1973	1968	1967
1973	1968	1898
1969	1968	1967
1969	1968	1898
1970	1969	1968
1970	1969	1898
1975	1970	1969
1971	1972	1973
1971	1972	2034
1972	2034	2039
1972	1973	1968
2030	1973	1968
1982	1974	1987
1982	1974	1964
1974	1987	1988
1974	1987	2024
2032	1975	1970
1976	1980	1983
1976	1980	2029
1977	1976	1980
1977	1976	1949
1977	1978	1983
1981	1977	1978
1981	1977	1976
1978	1983	1986
1978	1983	2019
1979	2016	2072
1980	2029	2035
1980	1983	1986
1980	1983	2019
1984	1981	1977
1984	1981	1911
1985	1981	1977
1985	1981	1911
1982	1987	1988
1982	1987	2024
1988	1982	1987
1988	1982	1974
1983	2019	2029
1983	1986	1990
1983	1986	1984
1986	1984	1981
1990	1985	1981
1990	1985	1913
1996	1985	1981
1996	1985	1913
2020	1986	1990
2020	1986	1984
1986	1990	1995
1986	1990	1985
1987	2024	2036
1987	1988	1982
2064	1989	1784
2049	2081	2085
2049	2081	2078
2050	1989	1784
2031	1990	1995
2031	1990	1985
1990	1995	2000
1990	1995	2077
1991	2060	2078
1991	2060	2071
1991	2049	2081
1992	1994	2141
1992	1994	1993
1993	1992	1994
1993	1992	1929
1994	1993	1992
1994	1993	1897
1994	2141	2146
1995	2077	2080
1995	2000	2006
1998	1996	1985
1999	1997	2001
1997	2001	2005
1997	2001	2011
2002	1998	1996
2007	1998	1996
2003	1999	1997
2004	1999	1997
2000	2006	2007
2001	2011	2005
2003	2001	2005
2003	2001	2011
2001	2005	2009
2001	2005	2003
2015	2002	1998
2004	2003	2001
2004	2003	1999
2005	2003	2001
2005	2003	1999
2009	2004	2003
2009	2004	1999
2011	2005	2009
2011	2005	2003
2005	2009	2041
2005	2009	2004
2006	2007	2008
2006	2007	1998
2010	2007	2008
2010	2007	1998
2007	2008	2017
2010	2008	2017
2008	2017	2023
2081	2078	2071
2081	2078	2083
2009	2041	2055
2053	2010	2008
2053	2010	2007
2045	2011	2005
2012	2091	2125
2013	2027	2072
2021	2014	1959
2021	2014	1945
2022	2015	2002
2082	2050	1989
2016	2072	2107
2016	2072	2070
2017	2023	2038
2028	2018	1962
2019	2029	2035
2031	2020	1986
2026	2021	2014
2025	2022	2015
2023	2038	2151
2023	2038	2037
2073	2067	2042
2024	2036	2100
2037	2025	2022
2070	2026	2021
2027	2072	2107
2027	2072	2070
2155	2028	2018
2029	2035	2051
2042	2030	1973
2046	2031	2020
2046	2031	1990
2043	2032	1975
2033	2040	2069
2034	2039	2068
2035	2051	2061
2046	2035	2051
2036	2100	2121
2038	2037	2025
2144	2037	2025
2038	2151	2153
2039	2068	2075
2040	2069	2074
2052	2041	2055
2041	2055	2057
2041	2055	2093
2067	2042	2030
2065	2043	2032
2089	2079	2053
2122	2045	2011
2107	2115	2123
2090	2046	2035
2090	2046	2031
2047	2058	2066
2047	2058	2063
2048	2148	2184
2051	2061	2109
2054	2052	2041
2056	2052	2041
2079	2053	2010
2054	2055	2057
2054	2055	2093
2057	2054	2055
2057	2054	2052
2056	2054	2055
2056	2054	2052
2055	2093	2114
2055	2093	2062
2055	2057	2059
2055	2057	2054
2071	2056	2054
2071	2056	2052
2062	2057	2059
2062	2057	2054
2057	2059	2076
2058	2063	2098
2058	2063	2066
2058	2066	2108
2062	2059	2076
2059	2076	2106
2059	2076	2083
2060	2071	2056
2060	2078	2071
2060	2078	2083
2061	2109	2133
2061	2109	2090
2090	2061	2109
2093	2062	2059
2093	2062	2057
2063	2066	2108
2063	2098	2101
2084	2064	1989
2092	2064	1989
2102	2065	2043
2066	2108	2117
2068	2075	2087
2069	2074	2087
2072	2070	2026
2103	2070	2026
2078	2071	2056
2072	2107	2115
2119	2073	2067
2074	2087	2449
2075	2087	2449
2076	2083	2085
2076	2083	2106
2076	2106	2158
2080	2124	2128
2080	2124	2090
2089	2080	2095
2089	2080	2124
2080	2095	2099
2080	2095	2089
2081	2085	2086
2081	2085	2094
2082	2081	2085
2082	2081	2078
2086	2082	2081
2086	2082	2050
2084	2082	2081
2084	2082	2050
2083	2106	2158
2083	2085	2086
2083	2085	2094
2088	2084	2082
2088	2084	2064
2092	2084	2082
2092	2084	2064
2085	2094	2158
2085	2086	2088
2085	2086	2082
2096	2086	2088
2096	2086	2082
2086	2088	2097
2086	2088	2084
2087	2449	2464
2087	2449	2505
2105	2088	2097
2105	2088	2084
2088	2097	2104
2095	2089	2080
2095	2089	2079
2099	2089	2080
2099	2089	2079
2109	2090	2061
2109	2090	2046
2124	2090	2061
2124	2090	2046
2101	2092	2084
2101	2092	2064
2093	2114	2129
2094	2158	2220
2132	2095	2099
2132	2095	2089
2095	2099	2110
2095	2099	2089
2165	2096	2086
2105	2097	2104
2097	2104	2113
2097	2104	2101
2098	2101	2092
2113	2098	2101
2099	2110	2112
2100	2121	2131
2104	2101	2092
2113	2101	2092
2119	2102	2065
2111	2103	2070
2104	2113	2117
2104	2113	2101
2104	2113	2098
2165	2105	2097
2165	2105	2088
2106	2158	2220
2108	2117	2118
2109	2133	2134
2109	2133	2138
2110	2112	2116
2123	2111	2103
2112	2116	2120
2113	2117	2118
2114	2129	2182
2115	2123	2300
2115	2123	2111
2116	2120	2157
2431	2119	2102
2431	2119	2073
2149	2120	2157
2121	2131	2181
2121	2131	2155
2121	2131	2140
2172	2122	2045
2131	2140	2142
2123	2300	2302
2124	2128	2142
2124	2128	2134
2126	2124	2128
2126	2124	2090
2130	2126	2124
2127	2135	2136
2128	2134	2139
2128	2134	2138
2128	2142	2159
2129	2182	2196
2143	2130	2126
2131	2155	2028
2268	2269	2270
2268	2269	2262
2131	2181	2193
2143	2132	2095
2133	2138	2140
2133	2134	2139
2133	2134	2138
2134	2138	2140
2134	2139	2142
2135	2136	2137
2136	2137	2172
2137	2172	2198
2137	2172	2122
2138	2140	2142
2139	2142	2159
2140	2142	2159
2141	2146	2152
2141	2146	2145
2147	2141	2146
2142	2159	2162
2142	2159	2156
2156	2143	2132
2156	2143	2130
2145	2144	2037
2146	2145	2144
2150	2145	2144
2146	2152	2150
2154	2147	2141
2166	2147	2141
2148	2184	2347
2153	2149	2120
2150	2151	2153
2152	2150	2151
2152	2150	2145
2151	2153	2157
2151	2153	2149
2154	2152	2150
2161	2154	2152
2161	2154	2147
2191	2155	2028
2159	2156	2143
2167	2156	2143
2169	2156	2143
2158	2220	2240
2158	2220	2242
2159	2162	2167
2160	2168	2175
2160	2168	2164
2160	2164	2163
2163	2161	2154
2166	2161	2154
2162	2167	2170
2162	2167	2156
2164	2163	2192
2164	2163	2161
2163	2192	2225
2163	2192	2215
2168	2164	2163
2223	2165	2105
2223	2165	2096
2195	2202	2206
2195	2202	2312
2197	2194	2229
2190	2166	2161
2190	2166	2147
2171	2167	2170
2171	2167	2156
2167	2170	2177
2168	2175	2180
2176	2169	2156
2170	2177	2179
2173	2171	2167
2172	2198	2203
2173	2174	2194
2174	2194	2229
2175	2180	2183
2178	2176	2169
2177	2179	2185
2186	2178	2176
2179	2185	2188
2179	2185	2187
2181	2193	2200
2182	2196	2216
2184	2347	2376
2184	2347	2373
2185	2187	2189
2185	2187	2188
2185	2188	2199
2186	2187	2189
2186	2187	2188
2232	2186	2187
2232	2186	2183
2232	2186	2178
2187	2188	2199
2187	2189	2222
2188	2199	2197
2189	2222	2234
2189	2222	2314
2190	2192	2225
2190	2192	2215
2224	2190	2192
2224	2190	2166
2303	2191	2155
2195	2191	2155
2192	2215	2273
2192	2225	2276
2193	2200	2202
2193	2200	2195
2194	2229	2282
2194	2229	2219
2411	2412	2471
2411	2412	2410
2200	2195	2191
2200	2195	2202
2196	2216	2226
2199	2197	2194
2198	2203	2205
2204	2198	2203
2201	2200	2202
2201	2200	2195
2200	2202	2206
2200	2202	2312
2209	2201	2200
2202	2312	2337
2202	2312	2396
2202	2206	2212
2202	2206	2208
2203	2205	2207
2204	2203	2205
2207	2204	2203
2207	2204	2198
2210	2204	2203
2210	2204	2198
2205	2207	2211
2205	2207	2204
2206	2208	2209
2206	2212	2208
2207	2211	2218
2208	2209	2201
2212	2208	2209
2219	2209	2201
2214	2210	2204
2211	2218	2217
2233	2212	2208
2213	2214	2218
2213	2214	2210
2217	2213	2214
2221	2213	2214
2214	2218	2217
2217	2214	2218
2217	2214	2210
2215	2273	2275
2216	2226	2228
2216	2226	2221
2227	2216	2226
2218	2217	2214
2218	2217	2213
2229	2219	2209
2220	2242	2247
2220	2242	2239
2220	2240	2245
2226	2221	2228
2226	2221	2213
2221	2228	2230
2221	2228	2236
2222	2314	2389
2222	2314	2316
2542	2543	2547
2542	2543	2541
2222	2234	2264
2222	2234	2232
2248	2223	2165
2249	2248	2245
2249	2248	2223
2246	2223	2165
2231	2224	2190
2315	2305	2234
2225	2276	2289
2226	2228	2230
2226	2228	2236
2227	2226	2228
2227	2226	2221
2230	2227	2226
2230	2227	2216
2235	2227	2226
2235	2227	2216
2228	2236	2254
2228	2236	2230
2228	2230	2235
2228	2230	2227
2229	2282	2370
2236	2230	2235
2236	2230	2227
2230	2235	2239
2230	2235	2227
2241	2231	2224
2234	2232	2186
2319	2232	2186
2238	2233	2212
2305	2234	2264
2305	2234	2232
2234	2264	2320
2235	2239	2243
2236	2254	2279
2292	2237	2118
2278	2238	2233
2293	2269	2270
2293	2269	2262
2242	2239	2243
2239	2243	2266
2239	2243	2255
2240	2245	2260
2240	2245	2244
2274	2241	2231
2242	2247	2257
2242	2247	2255
2244	2242	2247
2244	2242	2239
2243	2255	2258
2243	2255	2266
2243	2266	2294
2244	2247	2257
2244	2247	2255
2245	2244	2247
2245	2244	2242
2245	2260	2263
2245	2260	2294
2248	2245	2260
2248	2245	2244
2252	2246	2223
2253	2246	2223
2247	2255	2258
2247	2255	2266
2247	2257	2259
2263	2248	2245
2263	2248	2223
2250	2249	2248
2251	2249	2248
2252	2250	2249
2262	2251	2249
2262	2252	2250
2262	2252	2246
2256	2252	2250
2256	2252	2246
2261	2253	2246
2254	2279	2290
2255	2266	2294
2255	2258	2259
2261	2256	2252
2257	2259	2260
2258	2259	2260
2259	2260	2263
2259	2260	2294
2260	2294	2351
2260	2263	2267
2260	2263	2248
2277	2261	2256
2277	2261	2253
2265	2262	2252
2265	2262	2251
2269	2262	2252
2269	2262	2251
2272	2263	2267
2272	2263	2248
2263	2267	2268
2263	2267	2265
2384	2305	2234
2264	2320	2326
2264	2320	2384
2267	2265	2262
2266	2294	2351
2267	2268	2269
2269	2270	2271
2270	2271	2277
2271	2277	2280
2271	2277	2261
2293	2272	2263
2273	2275	2296
2273	2275	2318
2328	2274	2241
2275	2318	2319
2276	2289	2325
2277	2280	2281
2337	2278	2238
2279	2290	2291
2280	2281	2283
2281	2283	2286
2335	2344	2345
2282	2370	2391
2282	2370	2419
2284	2283	2286
2283	2286	2287
2284	2286	2287
2285	2284	2286
2285	2284	2283
2291	2324	2342
2291	2324	2358
2287	2285	2284
2288	2285	2284
2286	2287	2297
2286	2287	2285
2287	2297	2306
2295	2288	2285
2289	2325	2327
2290	2291	2324
2292	2299	2304
2292	2299	2298
2301	2292	2299
2301	2292	2237
2353	2293	2272
2353	2293	2269
2295	2297	2306
2294	2351	2356
2298	2295	2297
2298	2295	2288
2297	2306	2309
2297	2306	2298
2306	2298	2295
2299	2298	2295
2301	2299	2304
2301	2299	2298
2299	2304	2309
2300	2302	2307
2301	2304	2309
2308	2301	2304
2308	2301	2299
2308	2301	2292
2310	2301	2304
2310	2301	2299
2310	2301	2292
2302	2307	2321
2382	2303	2312
2382	2303	2191
2303	2312	2337
2303	2312	2396
2304	2309	2322
2304	2309	2311
2304	2309	2308
2306	2309	2322
2306	2309	2311
2306	2309	2308
2307	2321	2400
2309	2308	2301
2311	2308	2301
2309	2311	2313
2309	2311	2308
2309	2322	2311
2313	2310	2301
2317	2310	2301
2322	2311	2313
2322	2311	2308
2311	2313	2339
2311	2313	2310
2438	2369	2373
2438	2369	2350
2312	2396	2459
2312	2396	2388
2312	2337	2370
2312	2337	2278
2313	2339	2355
2313	2339	2317
2314	2316	2387
2314	2389	2394
2314	2389	2402
2386	2315	2305
2316	2387	2393
2316	2387	2389
2339	2317	2310
2318	2319	2320
2318	2319	2232
2323	2318	2319
2319	2320	2326
2319	2320	2384
2323	2319	2320
2323	2319	2232
2320	2384	2386
2320	2384	2305
2320	2326	2349
2320	2326	2323
2321	2400	2401
2377	2322	2311
2326	2323	2319
2326	2323	2318
2415	2323	2319
2415	2323	2318
2324	2358	2364
2324	2342	2348
2325	2327	2411
2343	2326	2349
2343	2326	2323
2326	2349	2416
2327	2411	2421
2327	2411	2412
2334	2328	2274
2329	2331	2336
2332	2329	2336
2332	2329	2331
2329	2336	2332
2330	2333	2338
2330	2333	2363
2330	2331	2336
2338	2330	2331
2338	2330	2333
2331	2336	2332
2336	2332	2335
2336	2332	2329
2332	2335	2344
2333	2363	2366
2333	2338	2330
2410	2334	2328
2340	2335	2344
2365	2337	2370
2365	2337	2278
2337	2370	2391
2337	2370	2419
2368	2338	2330
2339	2355	2372
2341	2340	2344
2341	2340	2335
2340	2344	2345
2345	2341	2340
2352	2341	2340
2342	2348	2354
2343	2349	2416
2346	2343	2349
2346	2343	2326
2344	2345	2352
2344	2345	2341
2345	2352	2362
2345	2352	2341
2390	2346	2343
2347	2373	2440
2347	2373	2376
2347	2376	2405
2347	2376	2379
2348	2354	2356
2349	2416	2563
2349	2416	2415
2367	2350	2044
2369	2350	2044
2351	2356	2357
2351	2356	2360
2352	2362	2375
2357	2353	2293
2354	2356	2357
2354	2356	2360
2355	2372	2381
2356	2360	2420
2356	2357	2359
2356	2357	2353
2361	2357	2359
2361	2357	2353
2357	2359	2366
2358	2364	2367
2359	2366	2368
2360	2420	2422
2423	2361	2357
2371	2362	2375
2362	2375	2378
2363	2366	2368
2364	2367	2369
2364	2367	2350
2397	2365	2337
2366	2368	2338
2367	2369	2373
2367	2369	2350
2406	2367	2369
2406	2367	2350
2369	2373	2440
2369	2373	2376
2370	2419	2474
2370	2419	2414
2370	2419	2391
2370	2391	2395
2371	2375	2378
2374	2371	2375
2374	2371	2362
2372	2381	2383
2373	2376	2405
2373	2376	2379
2373	2440	2443
2373	2440	2442
2378	2374	2371
2380	2374	2371
2375	2378	2380
2375	2378	2374
2376	2379	2479
2376	2405	2430
2376	2405	2457
2402	2403	2404
2402	2403	2399
2377	2380	2374
2378	2380	2374
2379	2479	2486
2382	2381	2383
2381	2383	2385
2381	2383	2382
2383	2382	2381
2383	2382	2303
2385	2382	2381
2385	2382	2303
2494	2383	2385
2494	2383	2382
2383	2385	2382
2384	2386	2387
2384	2386	2315
2390	2384	2386
2390	2384	2305
2388	2385	2382
2386	2387	2393
2386	2387	2389
2392	2386	2387
2392	2386	2315
2387	2389	2394
2387	2389	2402
2387	2393	2455
2387	2393	2392
2396	2388	2385
2389	2402	2403
2389	2394	2418
2389	2394	2393
2392	2390	2384
2392	2390	2346
2398	2390	2384
2398	2390	2346
2419	2391	2395
2393	2392	2390
2393	2392	2386
2454	2392	2390
2454	2392	2386
2394	2393	2455
2394	2393	2392
2393	2455	2461
2407	2394	2418
2407	2394	2393
2394	2418	2447
2413	2396	2459
2413	2396	2388
2397	2413	2426
2397	2413	2396
2414	2397	2413
2414	2397	2365
2463	2398	2390
2403	2399	2395
2400	2401	2469
2401	2469	2471
2401	2469	2410
2403	2404	2408
2404	2408	2409
2404	2408	2407
2405	2457	2462
2405	2430	2442
2425	2406	2367
2428	2406	2367
2408	2407	2394
2409	2407	2394
2408	2409	2417
2408	2409	2407
2536	2409	2417
2536	2409	2407
2409	2417	2418
2412	2410	2334
2469	2410	2334
2411	2421	2452
2411	2421	2412
2421	2412	2471
2421	2412	2410
2412	2471	2484
2444	2453	2468
2444	2453	2451
2445	2446	2457
2445	2446	2430
2434	2436	2438
2434	2436	2428
2437	2435	2456
2437	2435	2432
2428	2433	2434
2413	2426	2470
2413	2426	2414
2414	2413	2426
2414	2413	2396
2426	2414	2413
2426	2414	2397
2419	2414	2413
2419	2414	2397
2416	2415	2323
2561	2415	2323
2444	2443	2491
2444	2443	2441
2416	2563	2566
2416	2563	2578
2417	2418	2447
2418	2447	2461
2460	2448	2444
2451	2448	2444
2446	2430	2442
2419	2474	2477
2419	2474	2476
2473	2419	2474
2473	2419	2414
2473	2419	2391
2420	2422	2425
2421	2452	2450
2422	2425	2429
2422	2425	2406
2424	2423	2361
2427	2424	2423
2425	2429	2433
2426	2470	2487
2432	2427	2424
2472	2427	2424
2436	2428	2433
2436	2428	2406
2429	2433	2434
2430	2442	2444
2430	2442	2445
2508	2431	2119
2466	2431	2119
2435	2432	2427
2433	2434	2436
2435	2456	2439
2436	2438	2440
2436	2438	2369
2439	2436	2438
2439	2436	2428
2439	2437	2435
2438	2440	2443
2438	2440	2442
2441	2438	2440
2441	2438	2369
2441	2439	2437
2441	2439	2436
2456	2439	2437
2456	2439	2436
2440	2442	2444
2440	2442	2445
2440	2443	2491
2440	2443	2441
2443	2441	2439
2443	2441	2438
2493	2441	2439
2493	2441	2438
2442	2445	2446
2442	2444	2443
2442	2444	2453
2443	2491	2497
2448	2444	2443
2448	2444	2453
2446	2457	2462
2447	2461	2533
2449	2505	2509
2449	2505	2503
2449	2464	2498
2449	2464	2483
2450	2465	2489
2452	2450	2465
2458	2451	2448
2453	2451	2448
2453	2468	2491
2463	2454	2392
2455	2461	2533
2458	2468	2491
2472	2456	2439
2457	2462	2475
2460	2458	2468
2460	2458	2451
2478	2460	2458
2478	2460	2448
2461	2533	2556
2461	2533	2610
2462	2475	2485
2467	2463	2454
2467	2463	2398
2464	2483	2469
2464	2498	2503
2465	2489	2534
2504	2466	2431
2522	2521	2524
2522	2521	2523
2552	2466	2431
2532	2467	2463
2468	2491	2497
2469	2471	2484
2483	2469	2471
2483	2469	2410
2470	2487	2528
2492	2470	2487
2471	2484	2574
2471	2484	2500
2493	2472	2456
2493	2472	2427
2477	2473	2419
2482	2473	2419
2474	2476	2492
2474	2477	2480
2474	2477	2476
2474	2477	2473
2475	2485	2486
2475	2485	2479
2476	2492	2577
2476	2492	2470
2477	2476	2492
2481	2477	2480
2481	2477	2476
2481	2477	2473
2477	2480	2499
2482	2477	2480
2482	2477	2476
2482	2477	2473
2488	2478	2460
2485	2479	2486
2479	2486	2488
2479	2486	2490
2481	2480	2499
2480	2499	2516
2579	2481	2480
2579	2481	2477
2501	2498	2503
2525	2482	2477
2525	2482	2473
2501	2483	2469
2484	2500	2506
2484	2574	2597
2485	2486	2488
2485	2486	2490
2488	2485	2486
2488	2485	2479
2486	2488	2485
2486	2488	2478
2487	2528	2553
2495	2488	2485
2495	2488	2478
2504	2518	2513
2489	2534	2546
2491	2497	2585
2492	2577	2580
2492	2577	2576
2496	2493	2472
2496	2493	2441
2494	2510	2523
2522	2494	2510
2522	2494	2383
2515	2500	2506
2581	2496	2493
2497	2585	2631
2498	2503	2507
2498	2503	2502
2499	2516	2527
2500	2506	2507
2502	2501	2483
2502	2501	2498
2503	2502	2501
2503	2507	2509
2503	2507	2515
2505	2503	2507
2505	2503	2502
2511	2504	2518
2511	2504	2466
2505	2509	2512
2505	2509	2597
2508	2505	2509
2508	2505	2503
2506	2507	2509
2506	2507	2515
2507	2515	2574
2507	2515	2500
2507	2509	2512
2507	2509	2597
2512	2508	2505
2512	2508	2431
2511	2508	2505
2511	2508	2431
2509	2597	2604
2509	2512	2514
2509	2512	2508
2510	2523	2524
2514	2511	2508
2514	2511	2504
2513	2511	2508
2513	2511	2504
2611	2512	2514
2611	2512	2508
2512	2514	2517
2512	2514	2511
2518	2513	2511
2519	2514	2517
2519	2514	2511
2514	2517	2520
2515	2574	2597
2516	2527	2529
2517	2520	2551
2517	2520	2519
2552	2518	2513
2598	2519	2514
2520	2519	2514
2520	2551	2557
2521	2523	2524
2521	2524	2542
2538	2522	2494
2538	2522	2521
2523	2524	2542
2524	2542	2637
2524	2542	2543
2526	2525	2482
2531	2526	2525
2527	2529	2530
2528	2553	2572
2529	2530	2537
2530	2537	2539
2530	2537	2558
2535	2531	2526
2555	2532	2467
2607	2532	2467
2533	2610	2615
2533	2610	2622
2533	2556	2609
2534	2546	2573
2545	2534	2546
2535	2537	2539
2535	2537	2558
2539	2535	2537
2539	2535	2531
2536	2535	2537
2536	2535	2531
2540	2536	2535
2540	2536	2409
2622	2536	2535
2622	2536	2409
2537	2558	2548
2537	2539	2540
2537	2539	2535
2541	2538	2522
2544	2538	2522
2548	2539	2540
2548	2539	2535
2539	2540	2623
2539	2540	2536
2598	2551	2557
2548	2540	2623
2548	2540	2536
2540	2623	2626
2540	2623	2647
2541	2542	2637
2541	2542	2543
2543	2541	2542
2543	2541	2538
2544	2541	2542
2544	2541	2538
2542	2637	2653
2542	2637	2654
2554	2543	2547
2554	2543	2541
2543	2547	2580
2572	2544	2541
2572	2544	2538
2545	2546	2573
2568	2545	2546
2568	2545	2534
2601	2599	2596
2601	2599	2600
2599	2600	2596
2546	2573	2567
2554	2547	2580
2547	2580	2583
2547	2580	2589
2549	2570	2601
2558	2548	2540
2558	2548	2539
2550	2549	2570
2575	2550	2549
2551	2557	2560
2559	2552	2518
2559	2552	2466
2553	2572	2544
2628	2554	2547
2628	2554	2543
2608	2555	2532
2556	2609	2614
2556	2609	2610
2557	2560	2564
2587	2558	2548
2562	2559	2552
2677	2671	2667
2677	2671	2658
2563	2578	2586
2563	2578	2584
2560	2564	2571
2565	2561	2415
2567	2561	2415
2569	2562	2559
2563	2566	2575
2563	2566	2565
2565	2563	2566
2565	2563	2578
2582	2566	2575
2582	2566	2565
2564	2571	2594
2566	2565	2563
2566	2565	2561
2567	2565	2563
2567	2565	2561
2566	2575	2875
2566	2575	2573
2566	2575	2550
2573	2567	2565
2573	2567	2561
2596	2568	2545
2590	2569	2562
2570	2601	2603
2570	2601	2599
2571	2594	2616
2576	2572	2544
2575	2573	2567
2574	2597	2604
2602	2600	2596
2601	2603	2643
2719	2715	2702
2719	2715	2694
2575	2875	2877
2577	2576	2572
2577	2580	2583
2577	2580	2589
2579	2577	2580
2579	2577	2576
2578	2584	2592
2578	2586	2593
2578	2586	2584
2578	2586	2582
2583	2579	2577
2583	2579	2481
2580	2589	2583
2580	2583	2579
2619	2581	2496
2586	2582	2566
2588	2582	2566
2589	2583	2579
2584	2592	2605
2586	2584	2592
2585	2631	2716
2585	2631	2686
2591	2586	2593
2591	2586	2584
2591	2586	2582
2586	2593	2818
2588	2586	2593
2588	2586	2584
2588	2586	2582
2617	2587	2558
2615	2614	2635
2615	2614	2613
2817	2588	2586
2817	2588	2582
2627	2589	2583
2591	2593	2818
2616	2590	2569
2595	2591	2593
2595	2591	2586
2592	2605	2607
2595	2592	2605
2681	2621	2632
2593	2818	2821
2593	2818	2827
2594	2616	2590
2692	2672	2666
2606	2595	2592
2606	2595	2591
2599	2596	2568
2600	2596	2568
2597	2604	2657
2611	2598	2551
2611	2598	2519
2602	2603	2643
2638	2602	2603
2638	2602	2600
2697	2683	2693
2697	2683	2676
2603	2643	2646
2603	2643	2641
2604	2657	2660
2605	2607	2608
2605	2607	2532
2606	2605	2607
2612	2606	2605
2612	2606	2595
2607	2608	2609
2607	2608	2555
2612	2607	2608
2612	2607	2532
2608	2609	2614
2608	2609	2610
2613	2608	2609
2613	2608	2555
2609	2610	2615
2609	2610	2622
2609	2614	2635
2609	2614	2613
2610	2622	2623
2610	2622	2536
2610	2615	2680
2610	2615	2614
2656	2611	2598
2656	2611	2512
2613	2612	2607
2613	2612	2606
2678	2612	2607
2678	2612	2606
2614	2613	2612
2614	2613	2608
2634	2613	2612
2634	2613	2608
2614	2635	2680
2625	2615	2680
2625	2615	2614
2615	2680	2825
2620	2616	2590
2618	2617	2587
2633	2618	2617
2694	2619	2581
2713	2619	2581
2624	2620	2616
2622	2623	2626
2622	2623	2647
2625	2622	2623
2625	2622	2536
2623	2647	2743
2623	2626	2855
2623	2626	2625
2624	2629	2639
2630	2624	2629
2630	2624	2620
2626	2625	2622
2626	2625	2615
2854	2625	2622
2854	2625	2615
2652	2626	2855
2652	2626	2625
2684	2691	2699
2684	2691	2700
2626	2855	2909
2675	2627	2589
2658	2628	2554
2629	2639	2630
2639	2630	2624
2631	2686	2721
2631	2686	2718
2631	2716	2723
2633	2636	2648
2640	2633	2636
2640	2633	2618
2678	2634	2613
2635	2680	2825
2636	2648	2655
2640	2636	2648
2637	2654	2665
2637	2653	2667
2641	2638	2602
2645	2638	2602
2659	2639	2630
2650	2640	2636
2650	2640	2633
2643	2641	2638
2644	2641	2638
2643	2646	2649
2643	2646	2662
2644	2646	2649
2644	2646	2662
2649	2644	2646
2649	2644	2641
2645	2644	2646
2645	2644	2641
2660	2645	2644
2660	2645	2638
2646	2662	2684
2646	2662	2649
2646	2649	2664
2646	2649	2644
2647	2743	2761
2647	2743	2655
2648	2655	2650
2662	2649	2664
2662	2649	2644
2649	2664	2666
2649	2664	2670
2655	2650	2640
2661	2651	2642
2746	2652	2626
2653	2667	2669
2653	2667	2665
2654	2665	2669
2654	2665	2688
2654	2665	2632
2685	2691	2699
2685	2691	2700
2743	2655	2650
2663	2656	2611
2657	2660	2664
2657	2660	2645
2671	2658	2628
2659	2687	2751
2689	2659	2687
2689	2659	2639
2660	2664	2666
2660	2664	2670
2663	2660	2664
2663	2660	2645
2668	2661	2651
2662	2684	2691
2666	2663	2660
2666	2663	2656
2801	2663	2660
2801	2663	2656
2664	2670	2685
2664	2666	2810
2664	2666	2663
2665	2688	2695
2667	2665	2669
2667	2665	2688
2667	2665	2632
2665	2669	2673
2665	2669	2674
2672	2666	2810
2672	2666	2663
2666	2810	2813
2666	2810	2816
2667	2669	2673
2667	2669	2674
2671	2667	2669
2671	2667	2665
2677	2668	2661
2669	2674	2688
2669	2673	2679
2669	2673	2671
2670	2685	2691
2673	2671	2667
2673	2671	2658
2676	2673	2679
2676	2673	2671
2673	2679	2706
2673	2679	2677
2674	2688	2695
2675	2756	2771
2675	2707	2787
2683	2676	2673
2679	2677	2668
2679	2677	2671
2706	2677	2668
2706	2677	2671
2820	2678	2634
2820	2678	2612
2698	2679	2706
2698	2679	2677
2679	2706	2754
2679	2706	2677
2680	2825	2837
2680	2825	2832
2682	2681	2621
2683	2693	2698
2683	2693	2709
2690	2682	2696
2690	2682	2681
2682	2696	2704
2686	2718	2727
2686	2721	2729
2687	2751	2779
2688	2695	2734
2688	2695	2703
2753	2689	2659
2701	2690	2682
2711	2690	2682
2691	2700	2775
2691	2699	2714
2691	2699	2692
2699	2692	2672
2693	2709	2698
2693	2698	2679
2695	2703	2704
2695	2703	2696
2715	2694	2619
2717	2694	2619
2695	2734	2737
2695	2734	2726
2696	2704	2708
2703	2696	2704
2749	2697	2683
2738	2697	2683
2709	2698	2679
2712	2699	2714
2712	2699	2692
2699	2714	2878
2700	2775	2834
2702	2701	2690
2715	2702	2701
2703	2704	2708
2704	2708	2710
2705	2745	2789
2705	2745	2731
2706	2754	2856
2706	2754	2750
2707	2787	2826
2708	2710	2730
2708	2710	2724
2726	2708	2710
2736	2709	2698
2778	2765	2746
2710	2724	2735
2710	2724	2711
2710	2730	2737
2711	2735	2742
2724	2711	2735
2724	2711	2690
2782	2712	2699
2720	2713	2619
2742	2757	2759
2714	2878	2934
2717	2715	2702
2717	2715	2694
2716	2723	2728
2716	2723	2720
2720	2717	2715
2720	2717	2694
2722	2717	2715
2722	2717	2694
2718	2727	2732
2718	2727	2723
2759	2719	2715
2723	2720	2717
2723	2720	2713
2725	2720	2717
2725	2720	2713
2721	2729	2733
2721	2729	2727
2773	2722	2717
2727	2723	2728
2727	2723	2720
2723	2728	2770
2724	2735	2742
2766	2725	2720
2734	2726	2708
2729	2727	2732
2729	2727	2723
2727	2732	2763
2728	2770	2783
2731	2729	2733
2731	2729	2727
2729	2733	2800
2730	2737	2740
2730	2737	2742
2745	2731	2729
2732	2763	2785
2733	2800	2806
2734	2737	2740
2734	2737	2742
2738	2734	2737
2738	2734	2726
2735	2742	2757
2736	2744	2748
2737	2742	2757
2737	2740	2741
2737	2740	2738
2740	2738	2734
2740	2738	2697
2739	2738	2734
2739	2738	2697
2773	2774	2777
2749	2739	2738
2747	2740	2741
2747	2740	2738
2740	2741	2752
2741	2752	2767
2741	2752	2749
2743	2761	2769
2743	2761	2762
2746	2743	2761
2746	2743	2655
2744	2748	2750
2745	2789	2807
2765	2746	2743
2765	2746	2652
2758	2747	2752
2758	2747	2740
2747	2752	2767
2747	2752	2749
2754	2750	2864
2748	2750	2864
2752	2749	2739
2752	2749	2697
2767	2749	2739
2767	2749	2697
2751	2779	2799
2752	2767	2793
2752	2767	2749
2784	2763	2785
2808	2753	2689
2754	2856	2867
2755	2754	2856
2755	2754	2750
2772	2755	2754
2756	2771	2772
2757	2759	2774
2757	2759	2719
2760	2758	2747
2759	2774	2777
2780	2760	2758
2835	2760	2758
2761	2762	2764
2761	2769	2776
2761	2769	2765
2761	2769	2762
2762	2764	2768
2769	2762	2764
2763	2785	2792
2763	2785	2800
2803	2764	2768
2764	2768	2776
2764	2768	2769
2769	2765	2746
2781	2766	2725
2767	2793	2798
2768	2769	2776
2768	2769	2765
2768	2769	2762
2768	2776	2842
2769	2776	2842
2778	2769	2776
2778	2769	2765
2778	2769	2762
2770	2783	2791
2770	2783	2784
2771	2772	2755
2777	2773	2774
2777	2773	2722
2774	2777	2781
2774	2777	2773
2775	2834	2858
2776	2842	2871
2777	2781	2783
2777	2781	2766
2786	2777	2781
2786	2777	2773
2844	2778	2769
2844	2778	2765
2779	2799	2801
2780	2814	2790
2786	2780	2814
2786	2780	2760
2781	2783	2791
2781	2783	2784
2788	2781	2783
2788	2781	2766
2852	2782	2712
2783	2784	2785
2783	2784	2763
2783	2791	2797
2783	2791	2788
2784	2785	2792
2784	2785	2800
2785	2800	2806
2785	2792	2794
2785	2792	2791
2788	2786	2780
2788	2786	2777
2790	2786	2780
2790	2786	2777
2787	2826	2831
2787	2826	2853
2791	2788	2786
2791	2788	2781
2796	2788	2786
2796	2788	2781
2789	2807	2809
2789	2807	2822
2804	2789	2807
2814	2790	2786
2792	2791	2797
2792	2791	2788
2791	2797	2857
2795	2792	2794
2795	2792	2791
2792	2794	2815
2793	2798	2824
2794	2815	2845
2794	2815	2795
2805	2795	2792
2815	2795	2792
2866	2796	2788
2798	2824	2828
2799	2801	2810
2799	2801	2663
2800	2806	2804
2801	2810	2813
2801	2810	2816
2808	2801	2810
2808	2801	2663
2811	2802	2803
2805	2845	2857
2802	2803	2764
2804	2807	2809
2804	2807	2822
2806	2804	2807
2806	2804	2789
2809	2804	2807
2809	2804	2789
2812	2805	2845
2812	2805	2795
2807	2822	2839
2807	2809	2812
2807	2809	2804
2813	2808	2801
2813	2808	2753
2882	2808	2801
2882	2808	2753
2823	2809	2812
2823	2809	2804
2809	2812	2805
2810	2816	2813
2810	2813	2883
2810	2813	2808
2831	2811	2802
2816	2813	2883
2816	2813	2808
2813	2883	2906
2835	2814	2790
2817	2818	2821
2817	2818	2827
2815	2845	2857
2819	2817	2818
2819	2817	2588
2818	2827	2830
2818	2827	2821
2818	2821	2850
2818	2821	2819
2821	2819	2817
2850	2819	2817
2833	2820	2678
2829	2820	2678
2827	2821	2850
2827	2821	2819
2821	2850	2819
2822	2839	2915
2823	2822	2839
2840	2823	2822
2840	2823	2809
2824	2828	2847
2825	2832	2837
2825	2837	2841
2826	2853	2859
2826	2831	2811
2827	2830	2836
2828	2847	2851
2829	2830	2836
2833	2829	2830
2833	2829	2820
2832	2837	2841
2830	2836	2838
2846	2832	2837
2838	2833	2829
2838	2833	2820
2834	2858	2877
2866	2835	2814
2866	2835	2760
2836	2838	2841
2836	2838	2833
2837	2841	2843
2837	2841	2940
2913	2838	2841
2913	2838	2833
2838	2841	2843
2838	2841	2940
2839	2915	2840
2840	2839	2915
2915	2840	2839
2915	2840	2823
2841	2940	2944
2841	2940	2979
2841	2843	2848
2842	2871	2872
2842	2871	2930
2844	2842	2871
2843	2848	2849
2843	2848	2846
2872	2844	2842
2872	2844	2778
2846	2849	2854
2848	2846	2849
2848	2846	2832
2847	2851	2935
2848	2849	2854
2849	2854	2855
2849	2854	2625
2851	2935	2943
2876	2852	2782
2853	2859	2868
2853	2859	2861
2860	2853	2859
2916	2854	2855
2916	2854	2625
2854	2855	2909
2973	2971	2964
2855	2909	2914
2855	2909	2919
2861	2856	2867
2856	2867	2870
2856	2867	2868
2858	2877	2880
2858	2877	2924
2859	2861	2856
2859	2868	2870
2859	2868	2862
2859	2868	2860
2874	2860	2853
2868	2860	2853
2862	2861	2856
2868	2862	2861
2873	2865	2863
2867	2868	2870
2867	2868	2862
2867	2868	2860
2867	2870	2889
2868	2870	2889
2874	2868	2870
2874	2868	2862
2874	2868	2860
2879	2869	2864
2870	2889	2891
2870	2889	2885
2871	2930	2997
2871	2872	2844
2931	2872	2844
2881	2874	2868
2881	2874	2860
2875	2877	2880
2875	2877	2924
2880	2876	2852
2877	2924	2936
2877	2924	2946
2877	2880	2886
2877	2880	2876
2878	2934	2955
2878	2934	2996
2884	2879	2869
2923	2880	2886
2923	2880	2876
2892	2881	2874
2908	2882	2808
2939	2923	2880
2911	2883	2906
2883	2906	2910
2885	2884	2887
2885	2884	2879
2884	2887	2891
2884	2887	2885
2887	2885	2884
2889	2885	2884
2887	2891	2918
2887	2891	2892
2889	2891	2918
2889	2891	2892
2890	2889	2891
2890	2889	2885
2892	2890	2889
2891	2892	2890
2891	2892	2881
2891	2918	2932
2907	2892	2890
2907	2892	2881
2897	2893	2894
2897	2893	2888
2893	2894	2895
2894	2895	2896
2900	2897	2893
2898	2899	2908
2901	2898	2899
2899	2908	2882
2904	2900	2897
2903	2901	2902
2903	2901	2898
2901	2902	2904
2902	2904	2900
2905	2903	2901
2933	2904	2900
2910	2905	2903
2906	2910	2933
2906	2910	2905
2912	2907	2892
2909	2919	2925
2909	2914	2917
2910	2933	2904
2929	2911	2883
2932	2912	2907
2942	2913	2838
2936	2913	2838
2914	2917	2921
2914	2917	2919
2920	2916	2854
2926	2916	2854
2917	2919	2925
2917	2921	2938
2917	2921	2920
2920	2917	2921
2920	2917	2919
2918	2932	2964
2918	2932	2912
2919	2925	2928
2919	2925	2921
2921	2920	2917
2921	2920	2916
2926	2920	2917
2926	2920	2916
2922	2927	2929
2925	2921	2938
2925	2921	2920
2921	2938	2926
2922	2937	2982
2949	2923	2880
2924	2946	2951
2924	2936	2941
2924	2936	2913
2925	2928	2931
2938	2926	2920
2938	2926	2916
2927	2929	2911
2928	2931	2930
2928	2931	2872
2930	2997	2999
2930	2997	2986
2931	2930	2997
2998	2931	2930
2998	2931	2872
2932	2964	2972
2934	2996	3007
2934	2955	2959
2942	2941	2945
2936	2941	2945
2937	2982	2984
2937	2982	2974
2952	2939	2923
2975	2939	2923
2940	2979	3001
2940	2944	2948
2941	2945	2947
2947	2942	2941
2947	2942	2913
2944	2948	2950
2945	2947	2950
2945	2947	2942
2958	2948	2950
2977	2981	2983
2952	2962	2961
2946	2951	2954
2946	2951	2947
2947	2950	2954
2947	2950	2957
2951	2947	2950
2951	2947	2942
2948	2950	2954
2948	2950	2957
2956	2949	2923
2950	2957	2958
2950	2954	2960
2950	2954	2963
2951	2954	2960
2951	2954	2963
2956	2951	2954
2956	2951	2947
2953	2952	2962
2953	2952	2939
2961	2953	2952
2954	2963	3001
2954	2960	2965
2954	2960	2956
2955	2959	2974
2960	2956	2951
2960	2956	2949
2961	2956	2951
2961	2956	2949
2957	2958	2979
2957	2958	2948
2958	2979	3001
2959	2974	2984
2966	2960	2965
2966	2960	2956
2960	2965	2969
2960	2965	2961
2965	2961	2956
2965	2961	2953
2962	2961	2956
2962	2961	2953
2975	2962	2961
2963	3001	3027
2964	2972	2992
2964	2972	2971
2971	2964	2972
2967	2965	2969
2967	2965	2961
2965	2969	2977
2965	2969	2968
3003	2966	2960
2968	2967	2965
2985	2968	2967
2969	2968	2967
2969	2977	2981
2980	2970	2943
2972	2971	2964
2973	2972	2992
2973	2972	2971
2972	2992	3002
2991	2973	2972
2991	2973	2971
2982	2974	2984
2974	2984	3018
2976	2975	2962
2976	2975	2939
2983	2976	2975
2978	2977	2981
2978	2981	2983
2985	2978	2981
2985	2978	2977
2979	3001	3027
3021	3033	3034
3021	3033	3020
3011	2980	2970
2981	2983	3009
2981	2983	2976
2982	2984	3018
2983	3009	3010
3003	2985	2978
3003	2985	2968
2986	2989	2987
2997	2986	2989
2987	2988	2990
2989	2987	2988
2988	2990	2991
2990	2991	2973
2995	2991	2973
2992	3002	3004
2994	2993	2999
2993	2999	3013
2993	2999	2998
2995	2994	2993
3004	2995	2994
3004	2995	2991
3033	3020	3021
3033	3020	3014
3024	3012	3011
2996	3007	3015
2996	3007	3009
2998	2997	2999
2998	2997	2986
2997	2999	3013
2997	2999	2998
2999	2998	2997
2999	2998	2931
3000	2998	2997
3000	2998	2931
3019	3021	3033
3019	3020	3021
3019	3020	3014
3035	3024	3012
2999	3013	3014
2999	3013	3019
3006	3000	2998
3001	3027	3029
3002	3004	3005
3002	3004	2995
3026	3003	2985
3026	3003	2966
3004	3005	3008
3005	3008	3013
3005	3008	3031
3014	3006	3000
3007	3009	3010
3007	3015	3018
3007	3015	3022
3008	3031	3045
3008	3013	3014
3008	3013	3019
3009	3010	3016
3010	3016	3025
3012	3011	2980
3013	3019	3020
3013	3019	3021
3013	3014	3017
3013	3014	3006
3020	3014	3017
3020	3014	3006
3015	3022	3023
3016	3025	3028
3020	3021	3033
3025	3028	3029
3025	3028	3026
3028	3026	3003
3027	3029	3032
3027	3029	3017
3028	3029	3032
3028	3029	3017
3030	3028	3029
3030	3028	3026
3029	3032	3062
3063	3030	3028
3031	3045	3050
3031	3045	3044
3032	3062	3064
3033	3034	3036
3034	3036	3046
3058	3035	3024
3042	3035	3024
3039	3037	3038
3036	3046	3047
3036	3046	3055
3037	3038	3042
3038	3042	3035
3040	3039	3037
3041	3040	3039
3043	3041	3040
3044	3043	3041
3078	3076	3074
3045	3044	3043
3045	3050	3061
3046	3055	3053
3046	3047	3052
3047	3052	3070
3048	3049	3054
3069	3048	3049
3049	3054	3071
3050	3061	3068
3051	3050	3061
3053	3051	3050
3052	3070	3073
3055	3053	3051
3088	3087	3089
3054	3071	3075
3054	3071	3074
3058	3057	3056
3059	3058	3057
3059	3058	3035
3066	3059	3060
3066	3059	3058
3061	3068	3080
3065	3063	3030
3067	3066	3059
3067	3078	3076
3068	3080	3090
3069	3071	3075
3069	3071	3074
3072	3069	3071
3072	3069	3048
3070	3073	3083
3071	3074	3075
3071	3075	3079
3071	3075	3072
3075	3072	3069
3077	3072	3069
3073	3083	3087
3084	3073	3083
3076	3074	3075
3074	3075	3079
3074	3075	3072
3075	3079	3082
3077	3079	3082
3081	3077	3079
3081	3077	3072
3079	3082	3086
3079	3082	3081
3080	3090	3092
3080	3090	3085
3089	3080	3090
3082	3081	3077
3085	3081	3077
3082	3086	3093
3083	3087	3089
3088	3084	3073
3085	3086	3093
3090	3085	3086
3090	3085	3081
3086	3093	3094
3086	3093	3092
3087	3089	3090
3087	3089	3080
3091	3088	3084
3091	3088	3087
3089	3090	3092
3089	3090	3085
3091	3089	3090
3091	3089	3080
3090	3092	3094
3090	3092	3091
3092	3091	3089
3092	3091	3088
3093	3092	3094
3093	3092	3091
3092	3094	3095
3093	3094	3095
3094	3095	3098
3095	3098	3099
3097	3098	3099
3098	3099	3101
3099	3101	3103
3104	3102	3100
