366	367	6	0
149	151	5	160
1	2	70	172
1	5	138	17
2	3	107	171
4	2	31	241
3	6	233	164
6	7	90	113
7	8	52	105
8	9	64	173
9	10	17	175
10	12	56	145
12	11	10	226
11	14	10	64
12	13	3	134
13	14	3	144
14	15	3	137
15	16	84	133
16	17	4	130
95	93	9	317
1036	1039	3	81
44	16	343	269
17	18	120	156
17	45	343	89
33	18	139	298
20	19	209	359
21	20	25	304
22	21	8	296
30	22	48	293
27	23	62	191
24	26	54	171
23	24	15	180
23	25	46	11
93	84	50	314
24	25	61	8
25	27	13	12
59	55	8	270
26	40	275	157
28	27	5	205
29	28	10	205
32	29	16	236
31	30	5	308
32	31	13	333
34	32	21	280
42	33	106	299
35	33	23	213
37	34	21	306
35	36	9	129
39	36	96	198
38	37	29	321
142	141	3	348
41	38	98	333
43	39	94	225
40	78	249	110
51	41	80	291
42	55	120	118
61	43	108	290
45	43	19	226
46	44	4	288
45	47	4	108
46	45	3	223
75	46	157	289
48	46	5	225
54	49	262	348
47	74	153	109
48	73	173	55
49	50	30	40
50	53	26	54
52	51	6	292
64	52	85	291
53	60	42	56
62	54	55	324
55	56	6	142
56	57	6	167
56	58	3	72
57	80	108	122
57	58	7	13
58	59	4	16
82	59	184	210
60	69	53	100
66	61	37	294
63	62	16	273
65	63	65	353
67	63	18	228
100	64	156	293
68	65	15	275
71	66	39	321
70	69	110	356
78	69	145	192
94	93	4	237
96	70	265	336
71	72	3	145
81	71	41	215
72	76	5	143
72	77	4	50
73	99	208	150
73	150	292	67
74	81	23	131
76	77	7	3
84	75	30	310
76	79	23	142
77	86	39	72
79	82	17	174
79	83	13	142
85	79	18	283
103	114	96	152
80	119	180	106
81	86	26	135
83	82	8	227
83	85	10	51
90	84	45	316
85	88	27	55
86	89	27	136
112	87	319	202
97	102	261	168
87	338	629	132
88	91	3	57
89	91	4	139
92	90	4	319
91	107	145	131
91	92	3	57
98	92	64	319
92	93	3	57
95	94	9	340
99	94	48	235
98	95	54	321
96	97	30	170
97	104	158	160
117	97	100	268
108	98	79	304
111	99	135	331
110	99	75	237
253	100	423	300
101	100	15	249
118	101	60	287
102	103	5	148
105	103	43	240
104	105	62	150
110	124	119	18
177	163	10	315
105	128	130	157
116	105	13	241
106	115	135	176
106	107	3	1
107	135	76	110
107	108	3	1
136	108	77	290
108	109	3	1
109	111	8	4
140	110	209	338
113	112	11	199
129	113	215	191
114	120	30	157
121	114	30	330
116	169	105	88
117	125	97	163
139	117	62	267
122	118	11	284
119	177	117	69
120	126	51	150
121	120	4	239
130	121	56	331
123	121	12	240
306	122	290	295
128	123	18	241
124	131	50	21
125	133	35	153
126	127	11	164
126	130	6	117
127	138	56	150
154	128	52	241
132	129	41	190
134	130	30	335
131	150	97	21
132	145	28	116
148	132	49	221
133	169	92	142
137	134	22	330
135	143	9	119
142	136	7	299
144	137	10	330
138	183	101	145
139	228	133	89
141	140	3	350
146	140	5	286
146	141	5	251
181	142	75	315
143	142	3	348
143	186	82	136
149	143	27	340
147	144	7	330
145	155	16	96
152	146	12	303
159	147	48	331
157	148	16	275
149	153	5	98
150	204	228	22
151	156	40	166
151	153	5	38
181	152	63	321
153	158	10	100
154	161	13	68
162	154	17	237
155	164	57	16
156	160	49	171
164	157	15	232
158	186	46	133
185	159	44	317
160	163	6	146
180	160	22	278
161	166	7	62
165	162	4	240
167	162	8	217
193	164	99	207
165	166	3	174
167	165	4	194
168	165	3	238
166	173	12	168
171	166	4	215
166	172	3	60
167	168	3	166
184	167	56	201
168	171	3	131
176	168	3	238
169	184	38	149
170	271	345	156
182	170	43	203
171	174	3	131
175	171	3	226
173	172	13	359
172	174	3	12
172	178	3	59
218	201	82	203
173	216	241	158
174	178	3	97
174	175	3	12
175	176	3	12
188	175	30	233
176	179	11	17
188	176	29	235
180	177	14	227
192	177	28	269
177	192	31	89
178	188	29	49
188	179	26	255
179	187	44	21
192	180	21	296
199	181	51	317
217	182	71	291
183	203	46	121
184	187	3	135
201	184	88	202
205	185	47	302
186	202	50	134
187	200	80	22
194	188	16	229
189	190	3	63
191	190	3	315
195	190	12	235
193	191	9	315
192	212	59	131
197	193	11	225
194	196	5	50
197	195	9	319
196	198	7	54
207	197	36	316
198	208	27	55
256	199	89	300
220	199	41	299
200	213	72	22
232	240	9	61
202	252	79	119
202	214	29	126
203	206	12	138
204	302	163	141
210	205	17	317
206	209	5	137
211	207	4	257
289	208	85	266
209	234	43	137
224	210	29	316
222	211	22	313
212	362	154	112
229	212	30	228
213	219	18	27
213	225	21	47
214	239	30	127
221	215	8	295
216	215	4	200
238	217	22	290
219	218	3	297
228	218	79	187
219	225	7	114
219	227	43	11
259	220	45	289
236	221	14	292
222	232	32	17
223	226	11	174
294	223	65	254
235	224	10	311
237	224	12	249
225	309	85	102
226	233	51	173
317	227	94	274
227	230	37	3
228	230	3	92
231	228	21	186
241	229	13	231
229	243	16	63
230	231	21	1
231	233	56	2
232	234	11	9
233	308	100	51
234	240	9	142
235	234	6	187
255	235	38	313
235	237	11	15
242	236	7	300
237	245	61	12
276	238	41	284
239	241	13	172
239	244	13	123
240	251	30	135
244	241	10	248
242	245	9	111
243	250	14	93
243	246	9	68
244	246	4	109
248	244	8	249
245	301	44	91
246	247	3	68
247	250	6	152
248	247	3	202
247	257	7	69
252	248	3	249
264	249	17	327
250	318	66	106
251	254	5	159
252	257	3	117
256	252	3	249
311	253	56	247
253	313	56	70
254	261	21	167
343	281	67	296
258	254	10	191
258	255	3	326
260	256	3	296
265	256	6	249
257	262	4	117
257	260	3	69
266	258	13	337
270	258	15	213
265	259	8	326
280	259	16	278
268	260	5	296
260	263	3	69
261	283	72	168
269	261	5	266
262	318	61	113
263	265	3	20
263	272	5	68
264	275	26	156
273	264	12	321
267	265	3	248
266	274	27	15
269	266	17	351
272	267	3	292
280	267	11	250
343	268	76	292
287	269	71	351
269	323	61	78
323	386	43	73
301	270	88	195
271	326	318	169
281	272	9	296
272	284	9	68
277	273	5	308
282	273	6	261
274	303	86	14
275	276	13	176
277	275	9	195
305	276	48	328
276	278	12	7
279	277	3	342
282	277	4	201
278	279	8	3
278	285	9	16
281	284	8	7
279	285	3	69
304	280	21	248
290	282	13	199
283	288	65	178
287	283	3	262
284	304	21	63
285	286	3	17
286	293	14	19
291	287	65	357
299	287	6	261
314	294	54	221
288	292	61	177
288	291	3	73
289	329	54	116
351	289	62	288
325	289	48	282
297	290	92	182
295	291	39	357
291	380	84	73
292	296	24	176
292	298	3	97
293	300	92	2
298	295	22	359
296	297	13	180
300	298	37	357
298	397	102	87
360	299	62	255
301	303	3	111
307	301	41	193
302	320	49	137
303	341	43	108
303	312	103	9
350	304	47	244
374	305	176	341
306	311	15	145
310	307	62	187
308	319	32	42
309	322	20	95
321	309	20	258
354	310	82	204
311	313	3	158
417	311	133	225
340	335	4	306
312	358	80	25
315	313	51	356
313	401	118	44
346	314	57	209
316	315	93	359
377	316	101	333
324	317	11	305
318	465	143	98
319	339	9	97
319	333	30	13
328	321	3	277
327	321	5	222
322	331	5	132
322	330	4	68
360	323	68	344
323	368	96	13
324	327	42	179
332	324	3	321
351	353	3	175
352	355	7	175
352	366	7	106
390	324	213	192
347	325	11	283
345	325	17	219
338	326	24	350
335	326	4	313
327	328	4	175
328	330	4	175
334	328	4	315
329	355	15	134
329	352	11	109
330	331	5	177
330	334	3	49
331	342	93	177
336	332	44	357
332	391	215	13
333	378	58	30
337	334	3	329
334	336	3	27
337	336	4	358
349	337	97	356
357	338	40	347
338	371	26	40
339	390	39	95
371	340	15	266
341	368	16	119
370	341	15	282
342	344	26	176
537	343	384	273
344	345	9	175
345	347	14	174
379	346	44	214
347	348	5	176
363	347	7	286
348	351	3	175
356	349	26	356
545	350	390	271
365	351	7	288
353	352	6	181
354	358	4	146
355	354	80	180
359	356	18	347
373	357	43	341
358	369	9	136
358	361	77	3
372	359	11	327
363	359	7	352
380	360	60	343
382	360	19	253
361	366	12	3
361	375	17	52
362	466	122	110
364	363	4	356
372	363	5	288
365	364	3	359
406	365	51	287
367	365	3	359
366	375	12	99
368	405	96	149
370	368	5	192
369	370	187	180
408	370	102	329
442	371	71	264
392	372	28	295
373	388	105	172
376	374	8	342
375	406	37	99
383	376	14	340
377	381	6	145
393	377	21	261
378	387	34	15
430	378	45	270
381	379	6	192
385	379	6	269
397	380	84	344
396	380	26	240
380	400	30	65
384	381	5	320
424	382	43	251
438	383	152	341
451	383	74	251
385	384	3	326
384	389	6	79
387	385	3	344
386	405	25	77
387	389	7	29
435	388	39	272
389	398	14	89
391	390	3	289
430	390	90	201
391	448	52	96
391	434	91	21
406	392	21	294
394	393	25	187
393	398	13	150
395	393	3	262
395	394	24	359
425	394	272	184
434	395	59	334
399	396	8	218
403	396	6	256
402	397	96	357
453	397	59	254
398	430	46	154
403	399	5	348
436	399	31	221
400	403	3	36
400	443	31	83
468	461	8	239
401	410	8	89
401	414	13	55
402	467	69	87
441	403	29	261
426	404	90	187
404	407	25	174
404	463	79	56
405	409	23	171
408	405	4	257
406	477	90	102
407	427	70	173
412	408	18	351
409	411	4	169
410	415	4	139
411	413	12	170
416	412	10	350
413	424	25	171
414	415	10	180
417	414	4	194
414	422	3	64
415	425	15	167
421	416	11	350
423	417	15	189
429	417	3	253
420	418	4	356
418	422	6	9
418	432	8	27
419	426	30	177
425	420	16	356
431	421	26	353
422	428	3	68
422	429	3	16
427	423	5	185
424	436	35	170
424	431	3	68
433	427	10	346
428	432	3	69
429	433	9	13
440	429	13	249
434	430	3	274
437	431	35	349
487	491	7	45
432	480	88	73
440	433	12	292
452	434	27	269
475	435	69	268
436	441	26	159
437	436	3	252
444	437	25	340
439	438	11	342
438	446	10	117
462	439	235	351
439	446	9	45
481	440	77	254
441	443	3	157
444	441	3	244
442	462	35	83
443	447	7	153
443	445	3	61
445	444	3	345
459	444	33	252
447	445	8	351
445	460	33	72
446	482	78	114
447	453	77	166
448	452	91	6
450	449	7	184
451	449	8	351
456	450	40	200
452	470	28	87
453	458	57	171
454	455	5	180
454	476	33	89
603	569	103	196
479	454	177	193
455	469	44	158
457	456	4	221
461	457	5	231
458	467	53	170
464	459	8	306
460	464	6	113
471	462	91	354
463	504	121	105
490	464	72	287
465	523	204	91
466	511	167	111
467	478	24	89
469	468	3	239
499	495	9	295
495	498	8	56
496	500	23	149
480	470	411	184
470	552	264	87
472	471	36	352
473	472	4	354
475	473	82	353
474	475	50	1
475	653	436	55
483	476	81	201
489	477	44	280
484	477	31	253
479	478	3	275
485	479	26	280
480	488	34	98
481	480	3	184
493	481	42	278
503	482	91	235
483	485	101	2
489	484	25	314
500	486	54	274
544	542	37	180
486	487	15	31
488	494	12	110
488	492	8	97
491	489	3	280
508	490	75	286
496	491	10	281
491	497	15	45
492	494	5	134
493	492	3	184
492	495	4	75
495	493	4	289
501	493	39	239
572	570	3	288
494	543	221	122
505	496	43	285
499	498	10	350
498	502	28	60
587	499	251	300
500	505	36	76
501	504	93	4
502	501	3	333
509	501	48	248
502	510	48	68
506	503	24	235
504	509	80	150
507	505	17	286
512	506	41	235
507	515	50	109
517	507	50	286
516	507	49	285
525	508	74	286
509	510	3	155
514	509	21	254
510	514	21	67
511	519	44	47
513	512	13	219
518	513	20	234
545	541	48	183
542	548	86	178
573	580	15	90
541	539	32	184
602	514	250	221
515	522	9	112
520	516	8	284
521	517	8	286
706	518	252	232
527	519	59	306
519	532	69	78
546	520	152	221
538	521	68	286
522	548	182	153
523	533	51	96
523	536	56	94
524	526	62	152
531	525	41	280
526	528	29	151
530	527	20	306
529	527	25	217
528	545	179	175
739	528	210	266
532	529	29	185
575	530	36	291
531	540	51	171
571	576	7	107
571	572	3	19
531	612	60	79
534	532	89	184
532	650	87	84
533	534	6	126
533	535	5	88
535	534	3	184
536	535	3	184
536	658	92	96
537	536	3	184
574	537	25	273
539	537	4	184
544	538	5	275
540	573	26	120
541	583	39	100
543	565	20	147
543	568	14	108
551	544	3	271
546	544	103	180
674	545	101	273
547	546	15	181
554	547	479	180
548	586	263	173
549	552	9	179
569	549	139	184
619	550	411	353
550	551	29	0
550	558	29	3
551	553	39	0
558	551	3	265
552	554	6	179
552	562	3	76
553	555	66	0
555	556	15	0
556	557	10	0
559	557	10	354
557	561	463	0
565	569	103	178
558	581	75	35
564	558	3	265
560	559	15	360
581	560	76	336
561	562	12	0
562	563	9	0
562	566	5	76
600	567	82	267
563	579	198	7
581	564	57	212
568	565	11	199
566	590	27	77
567	571	9	20
567	576	13	58
568	571	3	110
570	568	3	198
587	572	22	284
584	573	31	225
639	574	48	275
595	574	34	221
578	575	11	285
576	585	14	102
692	577	93	294
577	588	182	4
626	578	28	282
579	607	42	19
579	609	42	21
580	588	6	133
582	580	4	211
584	582	15	184
592	582	4	268
613	584	55	193
583	595	10	159
583	605	9	110
585	600	6	107
586	610	55	169
586	614	55	168
601	587	5	286
588	598	5	49
589	629	79	108
615	589	17	315
592	589	9	352
593	591	5	186
591	594	7	169
597	592	4	321
599	593	6	206
594	596	3	157
605	595	8	218
639	606	47	318
596	602	5	158
615	597	8	269
598	632	24	90
742	599	214	228
600	603	3	107
601	600	3	203
604	601	3	286
627	601	40	205
603	607	3	107
604	603	3	202
608	604	3	286
627	604	40	203
606	605	7	358
605	625	14	111
606	625	13	84
607	609	3	107
607	608	3	22
611	608	3	286
608	672	116	28
609	620	5	107
609	611	3	24
610	612	3	173
611	628	95	106
621	611	5	286
612	613	4	173
612	616	3	77
614	616	4	167
631	615	16	269
616	618	4	167
616	622	3	77
624	617	19	196
617	624	19	16
618	633	69	167
622	619	4	347
620	651	29	105
628	621	12	286
623	622	3	347
622	680	53	77
630	623	50	347
624	664	49	82
625	663	35	100
634	626	6	275
744	627	263	219
652	628	17	285
629	631	3	167
640	630	20	347
643	630	20	343
631	632	3	167
636	631	3	269
632	635	3	167
632	637	3	90
633	636	3	167
709	634	76	303
635	647	20	163
636	637	3	167
641	636	3	269
637	638	3	167
637	642	3	90
638	647	20	167
660	639	20	283
641	640	3	349
642	641	3	349
645	641	3	269
644	642	3	349
642	646	3	90
653	649	133	182
645	643	3	348
671	644	137	347
646	645	3	348
659	645	16	269
648	646	3	348
646	655	11	90
647	699	198	167
668	648	76	296
675	662	92	308
652	672	122	11
677	649	114	194
656	650	64	188
651	684	28	89
651	652	3	9
684	652	27	272
653	654	3	107
654	662	8	107
655	668	24	134
655	665	13	100
656	729	62	106
657	656	7	189
658	657	4	191
658	729	64	116
660	658	3	191
666	659	9	285
691	659	23	270
747	660	187	304
661	660	5	191
671	669	133	359
663	661	22	190
662	678	15	108
674	663	64	189
664	695	19	82
690	664	17	258
665	667	6	147
666	665	3	207
673	666	6	271
667	668	9	173
667	669	3	88
669	676	5	32
670	683	28	14
670	685	28	16
703	671	83	347
691	673	9	256
743	674	123	283
739	674	216	204
678	675	6	194
676	732	47	87
681	677	6	194
678	681	3	107
679	678	3	194
698	679	41	194
723	680	82	335
680	740	95	72
681	686	3	107
682	681	3	194
698	682	42	192
683	686	6	13
685	688	6	14
686	688	3	107
686	687	3	13
687	705	63	13
688	721	30	107
688	689	3	14
689	721	124	111
693	690	3	222
694	690	3	264
714	691	20	271
699	692	4	294
693	694	3	160
700	693	13	203
694	695	3	167
696	694	3	271
695	711	23	132
695	696	3	38
711	696	23	316
696	697	3	35
697	701	13	21
702	698	21	192
699	708	66	169
703	699	4	294
704	700	9	201
701	704	9	9
719	702	104	189
715	703	61	349
707	703	5	294
704	709	32	15
705	718	74	10
708	706	6	233
737	707	56	297
710	718	74	5
708	725	128	174
715	708	4	233
750	709	126	255
724	710	83	352
711	712	3	148
712	713	3	155
716	713	10	337
714	723	18	34
731	714	17	270
727	715	129	354
717	715	4	233
720	716	3	327
730	716	13	241
717	737	50	52
718	722	30	7
726	719	162	182
738	720	63	311
720	730	13	50
721	724	3	109
722	728	165	2
731	723	15	325
725	726	13	178
728	727	12	358
729	746	122	129
756	730	159	234
732	731	3	316
736	731	25	274
733	732	15	321
732	734	14	91
733	734	15	21
745	733	131	323
734	736	9	85
741	735	61	331
735	745	88	51
766	736	125	272
737	741	32	53
738	791	200	105
786	739	151	297
740	764	92	88
785	743	176	214
746	748	7	126
749	747	7	308
748	753	18	123
752	749	11	304
751	750	3	273
758	751	28	269
754	752	9	301
755	752	9	292
753	759	20	115
761	754	18	295
763	755	20	291
757	756	14	213
758	757	7	197
757	762	8	32
762	758	3	276
765	758	15	213
759	768	24	103
764	760	101	356
770	761	27	282
762	794	150	86
762	765	15	26
789	763	64	237
765	767	20	44
771	788	64	33
767	769	6	47
767	775	9	84
768	773	5	112
768	772	4	95
769	775	5	129
777	769	6	289
769	774	5	45
779	770	6	274
780	771	7	275
772	778	4	94
773	776	3	96
777	774	6	340
774	776	3	34
818	812	31	263
811	814	5	80
775	792	73	83
776	781	4	96
776	778	3	34
781	777	67	204
778	782	6	94
778	779	3	34
784	779	4	274
779	780	3	34
783	780	3	275
780	788	37	23
782	792	58	92
787	783	9	277
787	784	9	269
786	785	10	214
790	786	20	212
797	787	116	279
788	789	3	16
791	793	45	98
792	796	66	105
793	820	114	102
800	794	21	254
794	803	22	80
798	795	12	222
796	800	11	109
812	797	15	290
799	798	10	200
798	802	11	27
806	799	10	193
800	808	4	109
801	800	3	258
809	801	3	257
802	805	3	27
803	804	3	175
803	808	3	72
804	806	11	177
805	807	6	13
805	813	5	48
806	807	3	163
807	813	3	138
807	810	14	2
810	808	3	358
808	809	3	0
808	811	3	109
812	809	3	262
811	816	13	109
814	812	4	290
813	815	3	97
817	814	9	290
814	818	28	80
815	822	104	98
816	822	99	107
823	817	140	284
818	819	28	78
823	819	107	298
819	821	45	79
820	830	213	84
846	839	83	267
824	821	108	259
822	837	326	88
836	823	280	266
825	824	16	261
828	825	13	281
827	825	16	228
826	829	22	107
827	828	12	170
828	832	63	109
855	857	6	118
865	856	35	263
857	858	6	172
857	866	35	117
858	860	22	166
860	859	6	188
829	1023	991	117
830	831	8	92
831	834	117	78
833	832	5	288
977	922	150	333
835	833	104	287
859	834	192	249
835	836	21	106
836	837	5	120
839	836	33	272
837	838	8	126
837	840	33	93
838	851	117	112
842	839	80	266
840	843	76	89
840	847	78	87
841	863	82	81
844	842	3	266
843	849	3	87
844	845	3	171
856	844	29	264
846	845	3	358
847	846	3	358
867	846	79	263
848	847	3	358
847	862	49	82
849	848	3	358
851	849	48	359
849	854	17	83
851	850	5	180
850	852	8	179
852	853	4	159
853	855	29	119
854	861	24	78
861	862	8	73
861	871	84	83
862	864	13	83
890	863	307	294
864	869	47	83
867	865	15	269
870	865	60	263
925	970	112	152
866	875	190	101
868	867	29	262
870	868	17	257
954	957	4	175
885	868	177	253
869	871	17	89
869	887	178	73
871	872	44	85
872	873	3	90
873	888	126	68
875	876	40	176
875	874	4	359
874	891	197	19
876	875	40	356
875	892	71	98
877	876	29	354
878	877	23	352
879	878	53	352
880	879	3	355
881	880	52	352
936	923	43	320
881	882	41	173
882	883	24	166
886	883	17	353
897	884	128	330
884	886	11	5
888	889	4	106
889	891	17	128
898	890	49	315
891	900	63	38
892	893	15	172
892	976	199	48
893	894	9	170
896	895	15	294
899	896	8	291
936	927	67	345
929	897	215	342
898	983	118	100
953	899	113	296
900	903	16	31
901	958	105	58
957	902	104	238
904	913	12	147
904	918	14	127
904	910	7	146
905	907	4	146
906	905	3	248
908	906	3	202
909	906	3	247
907	916	12	146
907	912	3	69
909	908	3	326
910	908	6	186
912	909	4	326
913	909	4	247
918	911	12	323
926	911	28	276
915	912	4	326
912	914	3	69
913	914	4	170
919	913	6	300
918	913	5	250
914	915	4	169
914	919	4	68
922	915	16	326
915	916	8	170
916	917	8	173
916	921	8	146
917	925	34	147
919	918	5	358
920	918	4	328
918	924	11	89
926	918	20	248
923	919	12	317
919	920	3	72
923	920	11	328
920	924	9	65
921	970	145	152
924	927	13	67
938	926	27	247
927	939	25	64
928	931	4	165
928	930	3	125
929	928	3	191
930	929	3	350
934	929	3	297
931	930	3	354
930	932	3	121
981	979	4	189
931	937	77	168
932	931	3	184
931	933	3	28
932	933	3	139
934	932	3	238
933	935	5	87
935	934	5	290
955	935	37	306
941	944	50	178
977	936	117	341
949	942	53	346
937	940	70	177
940	937	70	357
938	939	3	154
943	938	3	248
939	948	20	145
939	946	3	68
940	941	3	168
941	942	5	168
974	941	39	226
942	945	5	168
942	947	7	44
946	943	3	334
986	943	35	253
944	953	20	134
945	956	33	154
948	946	19	335
946	987	35	71
947	998	76	42
973	948	33	331
960	949	10	318
956	949	14	222
961	950	59	183
950	951	6	179
965	950	7	301
951	952	6	179
965	951	7	249
951	966	6	84
952	954	16	177
952	966	10	41
953	1033	236	131
960	953	3	224
999	955	58	313
956	962	4	134
957	958	3	175
972	957	11	235
958	959	4	175
958	964	4	56
959	967	26	169
982	960	22	321
962	960	12	189
963	961	23	185
961	968	23	13
982	962	32	336
968	963	3	289
971	963	22	195
964	978	75	166
964	1002	51	56
1009	965	73	253
966	972	70	169
967	969	9	161
978	967	8	300
968	971	22	6
969	975	8	157
978	969	6	223
969	984	9	65
970	980	22	164
979	971	32	190
1009	972	76	236
989	973	33	336
996	974	42	221
1007	1011	43	165
1068	1067	3	323
975	1017	122	132
975	984	12	22
976	980	3	48
985	977	16	343
979	990	12	65
980	992	71	165
980	985	3	48
990	981	10	263
1035	982	220	309
1021	1029	65	141
983	1019	154	140
984	1002	76	24
994	985	73	345
985	988	6	48
991	986	14	262
987	991	13	77
988	1006	47	57
1006	989	90	335
1008	990	47	264
992	993	8	166
993	997	18	165
995	994	8	345
1000	995	18	346
1004	996	22	222
997	1001	14	165
998	1005	23	41
999	1004	17	135
1003	1000	14	345
1001	1007	112	166
1002	1013	47	56
1010	1003	114	345
1004	1005	3	135
1030	1004	142	230
1005	1090	312	124
1005	1031	146	50
1006	1028	105	46
1047	1008	144	259
1012	1009	14	236
1014	1010	41	346
1011	1015	73	166
1050	1043	33	217
1024	1012	55	239
1013	1025	56	59
1016	1014	64	346
1015	1018	12	166
1022	1016	20	345
1017	1020	3	131
1018	1046	249	155
1059	1019	442	340
1020	1021	3	129
1048	1022	250	334
1081	1023	183	252
1026	1024	4	243
1025	1027	3	64
1037	1026	54	252
1027	1036	54	72
1028	1034	56	59
1029	1032	67	156
1041	1030	37	232
1031	1042	32	51
1032	1043	32	134
1033	1045	31	113
1033	1035	16	91
1034	1051	39	73
1140	1035	220	300
1038	1037	3	260
1053	1038	43	267
1039	1054	43	87
1043	1040	17	210
1040	1044	18	39
1055	1041	96	208
1060	1041	73	239
1042	1061	74	59
1042	1072	90	72
1043	1044	3	117
1044	1050	33	32
1130	1045	197	304
1045	1136	197	120
1046	1065	90	143
1046	1055	44	147
1049	1047	3	255
1067	1048	89	323
1052	1048	22	313
1058	1049	30	255
1101	1100	3	198
1050	1126	262	33
1074	1052	106	319
1062	1052	50	323
1057	1053	4	274
1054	1056	4	94
1055	1063	45	143
1056	1076	54	101
1077	1057	54	281
1087	1058	71	281
1069	1059	52	340
1063	1060	6	245
1061	1064	7	65
1062	1073	87	131
1070	1062	18	324
1063	1064	3	143
1065	1063	4	245
1064	1072	19	143
1064	1066	4	65
1065	1066	3	143
1067	1065	4	245
1066	1102	101	143
1066	1068	4	65
1070	1067	3	245
1093	1068	77	324
1068	1071	3	65
1150	1069	120	251
1071	1070	3	324
1073	1070	4	245
1075	1071	23	324
1071	1074	5	65
1072	1080	33	144
1089	1075	45	323
1122	1075	96	250
1076	1078	3	103
1079	1077	3	284
1078	1084	16	105
1083	1079	10	285
1101	1112	24	142
1080	1095	80	160
1080	1086	30	143
1098	1086	67	336
1082	1081	3	234
1085	1082	15	236
1133	1083	73	279
1141	1083	77	275
1084	1142	73	101
1084	1132	66	98
1089	1110	60	67
1088	1085	3	237
1086	1101	22	142
1144	1087	130	327
1091	1087	65	183
1097	1088	12	234
1104	1089	27	323
1090	1105	18	117
1099	1090	12	239
1092	1091	3	183
1114	1117	6	19
1118	1115	7	198
1226	1223	9	304
1115	1114	8	181
1135	1092	89	232
1103	1093	20	322
1095	1094	11	192
1116	1094	40	302
1096	1095	9	193
1112	1096	70	277
1098	1096	10	196
1097	1157	123	135
1123	1097	66	327
1174	1097	259	243
1105	1099	17	334
1100	1098	5	199
1121	1099	45	224
1102	1101	4	198
1102	1108	11	143
1103	1102	5	198
1109	1103	13	322
1104	1103	4	198
1113	1104	21	323
1106	1104	4	198
1105	1165	223	140
1107	1106	3	194
1107	1113	87	153
1110	1107	28	195
1108	1153	86	143
1158	1109	111	321
1115	1110	33	201
1146	1111	116	337
1111	1114	26	23
1112	1131	45	142
1146	1113	68	322
1116	1131	45	81
1143	1141	3	243
1147	1116	101	336
1117	1118	8	2
1117	1119	10	17
1120	1118	9	197
1120	1119	8	182
1119	1124	13	16
1122	1120	5	199
1125	1121	14	195
1124	1122	3	286
1154	1122	84	204
1156	1123	48	293
1124	1154	83	22
1129	1125	15	193
1127	1126	3	207
1128	1127	4	205
1128	1139	72	13
1129	1147	47	28
1160	1156	20	292
1175	1130	302	321
1131	1153	25	136
1132	1138	4	89
1137	1133	3	269
1163	1134	346	344
1135	1167	115	74
1136	1180	206	125
1137	1138	3	175
1141	1137	4	203
1151	1137	9	269
1138	1142	4	155
1138	1152	8	89
1142	1139	26	184
1139	1149	28	16
1184	1140	212	305
1142	1149	6	82
1144	1143	8	197
1145	1143	4	265
1145	1144	7	345
1148	1145	3	321
1168	1145	114	259
1158	1146	37	323
1149	1152	4	16
1151	1148	3	341
1149	1169	119	74
1155	1150	13	250
1152	1151	3	358
1162	1151	35	265
1152	1161	35	85
1153	1222	355	130
1178	1154	370	204
1174	1155	189	317
1157	1159	16	101
1223	1158	327	309
1159	1177	129	102
1176	1160	126	282
1161	1166	54	76
1168	1162	77	252
1164	1163	14	359
1196	1164	217	326
1165	1192	181	145
1166	1169	29	64
1167	1170	20	65
1191	1168	97	233
1169	1190	88	54
1170	1229	213	54
1172	1171	20	353
1171	1173	36	4
1187	1172	41	283
1181	1172	30	282
1173	1175	33	32
1174	1203	111	131
1211	1176	80	250
1215	1176	77	259
1177	1217	77	79
1177	1221	80	83
1178	1179	3	31
1180	1183	8	147
1183	1182	173	181
1182	1181	16	188
1186	1181	8	268
1182	1186	15	158
1183	1185	4	66
1213	1215	3	163
1214	1219	3	103
1188	1185	189	358
1185	1184	5	323
1185	1194	26	56
1186	1187	3	159
1188	1186	5	263
1187	1197	43	137
1187	1189	5	72
1189	1188	3	334
1198	1189	39	319
1190	1201	36	50
1190	1202	37	53
1199	1191	31	231
1200	1191	33	227
1195	1192	4	306
1192	1193	3	171
1193	1194	3	148
1194	1241	246	139
1194	1195	3	57
1221	1234	91	114
1242	1195	262	318
1196	1227	95	103
1197	1214	33	107
1216	1198	33	287
1204	1199	12	231
1205	1200	12	232
1201	1206	11	51
1202	1207	10	51
1203	1209	35	169
1247	1204	211	244
1206	1238	143	58
1208	1211	71	173
1209	1208	9	183
1209	1243	206	134
1210	1209	3	219
1244	1210	205	314
1211	1212	6	173
1235	1212	102	298
1212	1213	3	177
1216	1214	4	191
1235	1215	99	295
1215	1217	4	160
1220	1216	3	275
1217	1234	96	116
1217	1218	3	158
1218	1221	4	145
1263	1327	101	123
1263	1265	3	30
1317	1296	17	238
1250	1247	3	257
1248	1254	6	65
1219	1236	120	116
1219	1220	4	1
1253	1255	4	70
1239	1220	124	296
1222	1225	10	122
1232	1224	38	311
1225	1259	156	121
1478	1226	461	301
1227	1274	252	131
1229	1230	3	47
1230	1231	8	49
1231	1233	32	43
1264	1232	160	309
1233	1252	98	68
1234	1253	113	125
1255	1235	115	305
1236	1237	3	143
1239	1236	4	233
1237	1276	200	139
1237	1240	4	51
1238	1249	68	75
1240	1239	3	324
1307	1240	227	319
1300	1304	3	75
1241	1271	148	131
1272	1242	131	311
1243	1263	76	124
1244	1243	3	214
1265	1244	76	304
1267	1244	129	212
1245	1248	14	74
1251	1246	9	257
1249	1254	5	84
1258	1250	8	255
1257	1251	8	257
1252	1253	4	70
1253	1301	99	127
1254	1256	3	76
1279	1255	73	305
1255	1260	4	70
1256	1262	7	75
1261	1257	7	262
1261	1258	7	249
1259	1407	211	122
1260	1263	19	43
1268	1261	19	252
1262	1266	12	73
1350	1264	139	308
1329	1265	101	303
1266	1278	47	58
1266	1295	56	76
1321	1267	82	300
1269	1268	7	237
1270	1268	7	253
1273	1269	31	226
1277	1270	31	236
1281	1283	33	0
1271	1344	92	130
1342	1272	88	310
1280	1273	8	287
1290	1273	20	228
1301	1304	3	140
1309	1301	4	257
1274	1432	226	130
1275	1324	90	149
1276	1299	26	135
1280	1277	5	226
1278	1284	4	48
1306	1323	32	38
1297	1328	78	142
1308	1311	5	140
1346	1279	70	287
1309	1279	26	314
1284	1280	3	296
1287	1280	6	226
1288	1281	16	199
1294	1281	11	242
1282	1285	3	129
1302	1282	24	218
1283	1286	5	45
1286	1284	3	296
1284	1289	6	44
1311	1293	65	281
1285	1306	24	38
1288	1286	3	304
1286	1292	6	45
1322	1287	50	219
1291	1288	3	315
1289	1319	34	41
1322	1290	39	226
1291	1294	9	157
1296	1291	9	328
1292	1319	34	37
1293	1300	7	61
1293	1305	8	82
1294	1295	3	156
1296	1294	3	245
1295	1313	23	152
1295	1298	3	70
1298	1296	3	331
1301	1297	3	246
1313	1298	23	336
1298	1371	100	47
1299	1303	3	144
1307	1299	5	239
1302	1306	3	130
1321	1302	31	217
1303	1316	20	153
1303	1307	6	23
1304	1308	3	140
1304	1310	5	79
1305	1308	3	91
1320	1307	26	332
1308	1315	6	96
1310	1309	3	318
1312	1309	3	265
1315	1310	5	320
1310	1314	3	87
1311	1328	37	145
1346	1312	43	273
1313	1367	83	132
1314	1352	45	96
1331	1315	40	327
1315	1318	3	97
1316	1326	49	160
1370	1317	85	224
1318	1325	14	98
1319	1338	49	33
1332	1320	49	341
1323	1321	3	295
1337	1322	34	212
1432	1323	131	283
1331	1333	35	0
1324	1367	59	50
1325	1333	5	98
1326	1330	5	163
1326	1332	5	98
1327	1349	29	124
1328	1345	45	151
1385	1329	64	303
1330	1334	39	168
1332	1330	6	218
1348	1331	40	331
1343	1332	57	346
1358	1332	30	230
1333	1336	7	98
1333	1341	13	86
1340	1335	64	357
1334	1339	15	161
1335	1344	38	12
1336	1360	17	98
1345	1337	21	210
1338	1347	20	30
1339	1364	50	151
1379	1340	71	328
1341	1354	10	97
1411	1342	86	306
1344	1342	5	341
1368	1343	49	331
1344	1410	84	125
1345	1347	3	150
1348	1345	4	211
1355	1346	4	279
1347	1366	31	147
1347	1351	4	31
1351	1348	3	329
1353	1348	4	211
1349	1381	33	123
1388	1350	38	309
1369	1351	33	328
1351	1357	4	31
1352	1361	4	99
1356	1353	3	209
1354	1362	4	98
1378	1355	25	297
1372	1356	41	205
1380	1356	53	207
1357	1359	3	29
1358	1408	70	130
1358	1379	30	52
1359	1384	55	27
1359	1393	59	28
1360	1363	4	98
1361	1374	17	113
1362	1365	10	108
1363	1372	27	147
1364	1440	176	146
1368	1364	5	240
1365	1372	24	167
1365	1374	5	105
1366	1370	4	144
1367	1429	103	46
1399	1394	5	210
1452	1368	175	326
1414	1368	57	240
1373	1369	4	323
1370	1375	4	144
1373	1370	3	224
1371	1382	11	130
1371	1375	3	45
1377	1373	4	323
1415	1373	68	225
1374	1376	3	136
1375	1382	11	141
1375	1377	3	45
1376	1383	7	121
1441	1377	128	317
1377	1417	68	44
1386	1378	7	307
1381	1378	4	281
1379	1435	91	59
1383	1380	3	209
1381	1387	4	140
1385	1381	3	229
1382	1429	90	135
1382	1430	91	135
1383	1389	3	106
1386	1383	3	209
1384	1389	4	29
1394	1385	3	315
1404	1385	28	214
1391	1386	3	331
1387	1386	3	209
1387	1395	3	140
1394	1387	3	210
1403	1388	17	309
1390	1486	127	112
1389	1393	3	106
1389	1392	3	29
1397	1390	5	200
1392	1391	3	352
1393	1392	3	352
1392	1395	3	29
1393	1396	3	75
1398	1394	3	315
1395	1396	3	140
1395	1398	3	30
1396	1415	54	138
1396	1400	3	42
1409	1397	48	219
1400	1398	3	315
1398	1402	6	32
1419	1399	65	217
1416	1400	54	318
1400	1406	33	32
1487	1401	122	291
1401	1413	45	38
1402	1423	70	38
1405	1403	5	309
1419	1404	42	222
1405	1420	38	135
1412	1405	20	309
1406	1423	44	38
1407	1488	102	119
1408	1414	46	168
1408	1433	53	124
1409	1413	7	169
1420	1409	19	220
1410	1442	78	141
1449	1411	81	320
1421	1412	18	313
1413	1422	24	39
1414	1425	46	163
1427	1414	18	247
1415	1417	3	136
1416	1415	3	224
1418	1416	3	321
1454	1416	61	229
1499	1494	8	201
1417	1500	129	140
1417	1418	3	47
1505	1418	127	319
1418	1454	61	46
1472	1469	3	300
1434	1419	46	223
1420	1422	5	113
1421	1420	3	218
1422	1421	5	328
1428	1421	22	219
1422	1431	23	39
1423	1436	39	43
1458	1424	67	220
1425	1492	121	146
1426	1462	71	40
1433	1427	19	246
1431	1428	4	311
1440	1428	30	223
1429	1438	29	140
1429	1430	3	50
1430	1439	27	139
1431	1450	31	44
1432	1457	30	126
1433	1483	47	126
1527	1433	76	245
1463	1434	47	208
1470	1434	60	206
1442	1435	8	236
1435	1447	8	70
1436	1464	48	29
1436	1480	62	30
1437	1443	30	175
1438	1437	3	185
1438	1446	5	143
1439	1438	3	190
1439	1448	6	155
1441	1439	3	206
1440	1450	5	129
1452	1440	6	227
1451	1441	5	323
1445	1441	3	221
1455	1444	26	350
1442	1447	3	157
1449	1442	3	231
1443	1460	52	166
1443	1455	6	81
1444	1446	3	19
1500	1445	59	225
1446	1459	17	145
1446	1448	3	21
1447	1520	113	153
1447	1453	3	62
1448	1451	4	27
1453	1449	3	335
1465	1449	24	218
1450	1515	60	132
1450	1456	5	48
1493	1521	24	42
1533	1451	99	323
1451	1507	62	42
1456	1452	5	318
1492	1452	43	229
1523	1453	113	333
1453	1466	23	37
1493	1454	46	224
1467	1455	55	346
1517	1456	58	313
1456	1492	43	43
1457	1470	14	134
1469	1457	12	301
1460	1458	8	195
1461	1458	4	233
1459	1529	79	142
1459	1479	29	153
1460	1461	5	163
1461	1462	3	163
1467	1461	4	244
1462	1489	36	148
1462	1468	4	62
1473	1463	13	206
1464	1476	14	26
1471	1465	3	268
1471	1466	3	214
1466	1474	5	54
1468	1467	3	348
1506	1467	27	262
1491	1468	35	330
1468	1501	25	83
1470	1473	3	123
1472	1470	3	200
1474	1471	3	267
1475	1472	3	309
1496	1472	50	203
1473	1476	3	123
1475	1473	3	205
1474	1485	10	67
1477	1475	3	309
1482	1475	10	205
1476	1480	3	123
1476	1477	3	25
1481	1477	3	309
1477	1484	10	25
1642	1478	127	290
1479	1513	39	146
1480	1525	44	133
1480	1481	3	21
1526	1481	43	312
1481	1510	52	23
1494	1482	32	203
1483	1502	28	144
1484	1497	33	23
1485	1490	5	75
1486	1568	71	94
1574	1487	73	275
1488	1641	117	109
1489	1536	47	137
1489	1491	3	38
1490	1495	5	74
1537	1491	47	319
1492	1553	65	55
1495	1630	97	95
1631	1495	97	273
1496	1499	3	113
1498	1496	5	202
1497	1504	8	22
1503	1498	3	312
1540	1498	69	204
1499	1504	3	113
1503	1499	4	201
1500	1507	3	138
1505	1500	4	202
1501	1524	14	97
1501	1519	10	80
1615	1619	6	16
1502	1553	84	148
1558	1502	82	324
1508	1503	3	312
1512	1503	8	201
1504	1510	3	113
1504	1508	3	21
1509	1505	3	319
1611	1505	120	225
1513	1506	5	205
1518	1506	6	262
1507	1588	112	139
1507	1511	3	35
1514	1508	3	312
1508	1516	9	20
1511	1509	3	322
1510	1567	65	122
1510	1514	3	21
1591	1511	114	320
1511	1564	73	43
1540	1512	61	202
1513	1518	5	139
1570	1514	66	302
1514	1538	56	22
1515	1546	36	124
1516	1543	60	23
1550	1517	45	302
1518	1519	3	127
1529	1518	9	266
1519	1524	5	133
1519	1532	9	87
1520	1527	11	153
1523	1520	3	226
1531	1521	12	222
1521	1626	123	41
1525	1522	7	196
1522	1528	6	45
1563	1523	82	332
1524	1547	30	127
1525	1528	4	135
1530	1526	5	327
1534	1526	6	280
1527	1557	69	152
1528	1530	3	47
1529	1532	3	133
1533	1529	3	264
1530	1534	4	42
1617	1531	109	220
1532	1539	9	133
1532	1535	3	83
1535	1533	3	314
1545	1533	13	253
1534	1567	57	41
1542	1535	8	314
1535	1548	19	68
1536	1551	34	139
1537	1536	3	231
1555	1537	33	319
1538	1543	13	17
1539	1575	45	123
1552	1540	46	204
1551	1541	77	195
1560	1542	45	241
1543	1544	3	24
1544	1559	47	24
1556	1545	17	239
1546	1549	9	121
1550	1546	11	266
1547	1575	26	108
1548	1560	10	96
1549	1578	98	163
1549	1596	46	124
1571	1550	19	303
1555	1551	3	228
1554	1552	3	205
1553	1597	85	156
1558	1553	5	205
1553	1561	4	51
1565	1554	26	198
1569	1554	31	205
1566	1555	12	228
1556	1560	9	167
1588	1556	39	226
1557	1587	59	153
1561	1558	3	334
1594	1558	40	229
1559	1562	3	28
1595	1561	75	337
1561	1599	39	53
1562	1573	30	24
1606	1595	9	318
1562	1582	39	29
1592	1563	58	333
1564	1612	47	44
1572	1565	17	204
1638	1566	56	228
1567	1617	33	116
1567	1570	3	42
1568	1572	5	150
1568	1576	5	94
1579	1569	17	204
1622	1570	33	295
1589	1571	20	314
1581	1571	8	298
1576	1572	4	214
1573	1583	18	23
1578	1574	3	275
1575	1577	3	122
1576	1579	3	94
1578	1576	3	207
1577	1638	39	118
1580	1578	3	275
1579	1583	3	94
1580	1579	3	204
1584	1580	3	275
1603	1580	40	205
1635	1581	32	303
1582	1585	10	27
1583	1585	4	94
1583	1584	3	23
1586	1584	5	275
1584	1604	35	24
1585	1679	54	94
1585	1586	3	27
1680	1586	53	273
1586	1590	3	27
1587	1594	10	155
1587	1598	9	140
1588	1688	84	138
1591	1588	3	239
1596	1589	8	329
1590	1593	6	25
1617	1626	4	114
1734	1591	113	318
1600	1592	8	332
1610	1592	9	258
1593	1604	25	14
1593	1670	51	59
1594	1599	5	156
1598	1594	3	221
1596	1624	13	116
1601	1596	5	334
1597	1683	63	129
1597	1606	9	44
1598	1602	3	121
1600	1598	3	217
1599	1616	17	154
1599	1605	5	52
1602	1600	3	336
1610	1600	10	203
1603	1601	11	349
1605	1602	3	332
1602	1609	3	65
1604	1603	4	358
1624	1603	12	216
1604	1629	16	35
1607	1605	3	329
1605	1608	3	44
1607	1620	14	162
1645	1606	24	313
1618	1607	7	329
1608	1607	3	186
1609	1608	3	186
1608	1614	3	44
1613	1609	8	193
1609	1615	3	65
1637	1610	32	203
1611	1612	3	131
1664	1611	41	222
1612	1702	64	133
1612	1666	41	42
1637	1613	34	199
1618	1614	9	353
1614	1615	3	6
1614	1623	4	44
1615	1623	3	65
1620	1616	5	192
1616	1621	3	148
1622	1617	3	220
1633	1618	10	329
1625	1618	8	337
1619	1639	27	20
1620	1628	8	154
1625	1620	3	272
1621	1627	4	153
1632	1622	4	296
1662	1653	12	200
1711	1622	69	223
1623	1639	31	16
1623	1654	36	31
1624	1629	3	114
1635	1624	6	218
1634	1625	6	334
1633	1625	3	302
1626	1770	90	115
1626	1632	3	45
1627	1671	54	153
1628	1657	40	153
1629	1670	27	123
1629	1636	6	40
1630	1750	74	100
1755	1631	76	276
1769	1632	88	295
1632	1717	68	42
1665	1633	42	332
1663	1634	41	333
1636	1635	3	306
1648	1635	17	221
1698	1636	45	306
1636	1651	17	41
1640	1637	4	188
1638	1656	14	114
1669	1638	23	229
1639	1643	12	9
1646	1640	37	189
1641	1661	12	109
1659	1642	12	285
1643	1650	37	11
1659	1644	12	295
1677	1645	32	311
1649	1646	16	184
1655	1646	37	189
1647	1649	14	177
1653	1647	20	190
1674	1648	23	222
1683	1648	42	214
1650	1660	20	13
1650	1731	129	20
1651	1682	29	44
1651	1691	40	37
1652	1653	11	179
1662	1652	5	254
1654	1681	22	60
1667	1655	30	188
1729	1655	94	206
1703	1696	3	317
1656	1743	52	109
1657	1694	49	153
1657	1671	17	160
1658	1660	28	1
1678	1659	15	288
1660	1783	147	28
1661	1862	145	109
1667	1662	6	203
1701	1663	48	334
1690	1663	40	331
1664	1666	3	132
1725	1664	49	222
1668	1665	3	333
1672	1665	5	272
1666	1746	65	132
1666	1727	48	44
1754	1667	101	212
1686	1668	34	332
1668	1672	4	50
1688	1669	20	229
1670	1692	21	129
1671	1716	49	152
1671	1695	44	158
1675	1672	6	265
1673	1778	86	138
1679	1673	25	193
1687	1674	18	213
1689	1674	17	216
1730	1675	27	271
1676	1685	29	9
1781	1676	78	317
1684	1677	6	317
1898	1678	187	288
1680	1679	3	187
1679	1685	4	83
1680	1685	4	121
1699	1680	13	210
1681	1697	6	64
1682	1704	11	39
1682	1705	11	45
1683	1687	3	140
1684	1683	3	211
1693	1684	3	317
1710	1684	12	216
1685	1795	67	120
1685	1718	20	27
1739	1686	39	319
1690	1686	6	347
1687	1689	3	140
1693	1687	3	210
1688	1732	29	135
1689	1691	3	140
1696	1689	3	212
1741	1690	41	323
1691	1700	3	140
1691	1703	3	34
1692	1699	9	172
1692	1709	6	128
1696	1693	3	317
1707	1693	9	206
1694	1716	16	156
1695	1710	22	168
1713	1696	11	208
1892	1697	158	273
1715	1698	9	319
1728	1698	18	276
1709	1699	6	213
1700	1704	3	137
1721	1701	19	337
1734	1732	3	225
1733	1747	16	134
1702	1860	173	139
1702	1746	43	43
1706	1703	3	317
1703	1714	9	30
1704	1705	3	137
1704	1708	3	34
1705	1764	61	143
1705	1712	3	44
1708	1706	3	321
1710	1707	4	193
1712	1708	3	321
1708	1722	10	26
1709	1718	3	108
1715	1709	3	224
1719	1710	4	230
1760	1711	50	222
1779	1712	65	322
1712	1736	28	38
1719	1713	6	200
1714	1723	9	16
1718	1715	3	348
1728	1715	12	245
1716	1720	5	168
1716	1721	3	129
1717	1766	50	43
1718	1771	39	64
1720	1719	12	181
1723	1719	3	234
1721	1737	17	125
1724	1721	5	346
1722	1736	18	51
1723	1724	10	5
1737	1723	15	251
1744	1725	17	233
1726	1743	13	89
1727	1753	22	65
1751	1728	18	242
1762	1729	36	217
1730	1825	92	55
1731	1767	36	37
1732	1733	3	134
1735	1734	3	316
1860	1734	125	229
1748	1735	15	313
1736	1758	17	111
1736	1738	4	23
1737	1738	3	123
1740	1737	3	269
1738	1758	17	123
1738	1740	3	20
1741	1739	9	356
1745	1740	5	274
1740	1741	3	10
1742	1741	3	310
1745	1742	3	305
1743	1763	14	68
1749	1744	5	265
1752	1744	8	229
1797	1745	32	298
1776	1745	18	304
1888	1746	178	318
1747	1756	9	133
1777	1748	15	309
1752	1749	5	195
1749	1753	5	156
1759	1749	7	293
1750	1754	11	167
1755	1750	8	205
1765	1751	9	242
1786	1752	29	217
1753	1759	5	60
1754	1762	5	115
1787	1755	16	259
1756	1757	6	174
1756	1768	6	137
1768	1757	4	240
1758	1819	56	123
1759	1788	32	27
1761	1760	3	227
1792	1761	24	221
1762	1767	3	115
1790	1762	25	213
1763	1772	4	38
1763	1780	5	88
1764	1765	9	177
1764	1782	8	133
1782	1765	6	240
1766	1773	3	51
1767	1783	7	101
1767	1793	25	34
1768	1772	3	135
1775	1768	3	274
1811	1769	46	322
1770	1808	43	144
1771	1782	8	31
1771	1791	14	58
1772	1774	3	135
1772	1775	3	29
1773	1794	18	45
1774	1780	3	133
1784	1775	6	298
1775	1777	3	29
1837	1776	69	304
1797	1776	14	291
1784	1777	6	317
1778	1792	13	129
1782	1779	5	348
1785	1779	6	304
1818	1833	27	55
1819	1833	16	125
1857	1820	69	202
1821	1866	75	24
1780	1991	230	121
1796	1781	13	310
1782	1791	8	86
1785	1782	4	240
1783	1789	6	74
1989	1784	226	301
1813	1785	29	234
1808	1786	24	220
1790	1787	3	306
1857	1787	157	204
1788	1810	23	43
1789	1800	9	30
1789	1805	6	85
1793	1790	3	306
1820	1790	88	203
1791	1815	28	56
1792	1798	5	145
1796	1792	3	228
1799	1793	5	324
1793	1821	88	22
1794	1798	3	35
1794	1802	3	78
1795	1831	48	122
1795	1834	48	118
1801	1796	4	324
1823	1796	47	230
1814	1797	20	297
1809	1797	14	303
1798	1802	3	140
1798	1801	3	38
1800	1799	9	356
1799	1866	166	22
1806	1800	5	335
1804	1801	3	326
1801	1803	3	35
1802	1807	10	129
1804	1803	3	357
1803	1829	46	50
1807	1804	11	320
1805	1893	115	120
1894	1806	115	300
1807	1858	87	145
1808	1810	4	150
1811	1808	3	237
1824	1809	30	309
1810	1812	3	60
1812	1811	4	331
1817	1811	10	244
1812	1816	8	60
1818	1813	7	262
1819	1813	27	207
1838	1814	34	312
1815	1822	17	124
1815	1818	4	36
1816	1832	22	59
1847	1854	4	129
1826	1817	18	236
1828	1818	17	303
1822	1827	3	124
1828	1822	5	217
1829	1823	6	315
1831	1823	7	221
1837	1824	11	312
1966	1960	61	185
1838	1824	10	303
1825	1836	9	48
1840	1826	13	229
1827	1890	84	131
1827	1830	4	34
1830	1828	3	312
1843	1828	19	219
1829	1839	9	49
1895	1830	85	308
1830	1847	19	39
1831	1839	5	114
1834	1831	3	223
1832	1845	14	49
1833	1842	9	134
1833	1835	3	128
1834	1841	5	111
1890	1834	76	229
1835	1844	9	127
1836	1900	140	148
1836	1892	69	58
1846	1837	9	307
1848	1838	9	304
1839	1875	40	107
1839	1841	4	47
1851	1840	7	237
1841	1871	34	111
1841	1903	98	47
1842	1843	3	129
1843	1847	3	129
1844	1843	3	219
1844	1849	3	127
1846	1844	3	219
1845	1852	3	46
1853	1846	3	307
1850	1846	3	219
1847	1849	3	40
1850	1848	3	309
1849	1905	87	130
1849	1853	3	40
1856	1850	3	309
1861	1850	12	220
1870	1851	32	230
1852	1855	3	43
1910	1853	88	310
1853	1856	3	40
1854	1899	81	130
1855	1872	32	50
1859	1856	5	308
1856	1863	12	35
1891	1857	60	225
1867	1858	20	342
1881	1859	34	309
1860	1888	45	49
1864	1861	3	228
1862	1960	147	132
1862	1967	109	103
1863	1864	3	16
1865	1864	3	215
1883	1865	39	219
1866	1896	60	46
1876	1867	30	319
1867	1869	23	149
1867	1868	19	145
1868	1873	10	138
1869	1870	12	175
1877	1870	8	246
1871	1875	5	122
1872	1908	50	122
1872	1874	4	59
1873	1879	4	141
1874	1877	4	31
1875	1922	49	114
1879	1876	4	351
1877	1878	3	4
1880	1877	3	261
1878	1879	3	6
1879	1882	3	141
1882	1880	3	264
1913	1881	48	310
1882	1885	4	141
1884	1882	3	273
1886	1883	4	219
1887	1884	3	303
1885	1889	11	139
1900	1886	34	234
1908	1887	43	315
1888	2047	253	140
1893	1897	130	176
1889	1908	33	130
1895	1890	9	225
1936	1891	75	219
1938	1891	53	226
1892	1897	13	54
1893	1928	30	113
1894	1893	3	197
1928	1894	30	298
1899	1895	16	225
1896	1942	50	45
1896	2013	111	81
1951	1954	6	32
1938	1935	70	325
1897	1992	135	143
1993	1897	135	323
1897	1979	112	37
1968	1898	52	280
1969	1898	52	278
1899	1901	3	133
1905	1899	3	265
1929	1900	17	234
1901	1903	3	127
1904	1902	3	205
1903	1961	54	130
1903	1906	3	36
1909	1904	4	205
1905	1906	3	131
1907	1905	3	254
1906	1977	77	131
1906	1911	3	36
1910	1907	3	220
1908	1926	10	117
1917	1909	9	202
1911	1910	3	311
1913	1910	3	220
1981	1911	78	311
1911	1913	3	36
1912	1914	3	29
1985	1913	79	311
1914	1919	4	29
1915	1916	3	179
1922	1915	10	213
1916	1918	4	26
1923	1917	7	293
1920	1917	5	224
1921	1917	9	203
1918	1925	9	39
1919	1923	9	26
1921	1920	5	183
1920	1927	3	124
1930	1920	3	275
1920	1931	5	62
1924	1921	3	203
1922	1925	3	124
1949	1922	41	216
1923	1927	4	26
1923	1932	4	54
2077	2080	4	154
1955	1924	73	202
1925	1988	141	156
1925	1956	43	41
1926	1937	7	112
1946	1926	21	277
1927	1932	3	121
1927	1930	3	16
1979	1928	55	297
1992	1929	77	234
1933	1930	3	301
1930	1931	3	21
1931	1934	7	18
1932	1941	9	110
1941	1933	10	300
1933	1934	11	9
1961	1963	3	130
1934	1955	70	18
1935	1939	6	116
1940	1936	6	297
1937	1953	19	109
1937	1948	15	95
1939	1938	3	221
1939	1942	3	117
1940	1939	3	221
1943	1940	3	297
1960	1940	52	202
1941	2012	83	122
1942	1944	6	118
1942	1943	3	40
1945	1943	6	297
1943	1959	41	26
1944	2013	67	104
2014	1945	68	283
1947	1946	3	292
1950	1946	5	195
1952	1947	9	202
1947	1948	3	178
1951	1947	3	279
1948	1953	6	143
1948	1951	3	61
1976	1949	33	234
1952	1950	5	216
1957	1951	5	298
2078	2083	3	113
2014	1959	96	316
1962	1953	10	255
1964	1952	8	233
1953	2018	71	115
1958	1954	8	342
1954	1964	11	32
1955	1997	122	21
1956	1980	29	51
1958	1957	3	302
1962	1958	3	305
1959	1965	13	12
2018	1962	67	299
1963	1976	22	130
1974	1964	12	226
1965	1971	59	6
1965	2033	118	54
1967	1966	5	187
1967	1972	3	97
1968	1967	3	187
1973	1968	3	278
1969	1968	3	187
1970	1969	3	187
1975	1970	20	204
1971	1972	5	7
1972	2034	74	94
1972	1973	3	7
2030	1973	71	273
1982	1974	17	219
1974	1987	18	47
2032	1975	77	291
1976	1980	3	132
1977	1976	3	239
1977	1978	3	131
1981	1977	3	239
1978	1983	3	130
1979	2016	102	21
1980	2029	77	131
1980	1983	3	60
1984	1981	3	311
1985	1981	3	239
1982	1987	3	103
1988	1982	12	200
1983	2019	55	130
1983	1986	3	60
1986	1984	3	310
1990	1985	3	310
1996	1985	17	251
2020	1986	54	310
1986	1990	3	60
1987	2024	53	114
1987	1988	12	7
2064	1989	92	294
2049	2081	22	115
2050	1989	81	295
2031	1990	75	312
1990	1995	14	69
1991	2060	91	117
1991	2049	79	116
1992	1994	3	123
1993	1992	3	234
1994	1993	3	346
1994	2141	205	132
1995	2077	80	103
1995	2000	7	58
1998	1996	4	232
1999	1997	8	196
1997	2001	7	24
2002	1998	5	212
2007	1998	6	259
2003	1999	3	222
2004	1999	4	197
2000	2006	3	52
2001	2011	7	95
2003	2001	3	184
2001	2005	3	17
2015	2002	20	215
2004	2003	3	185
2005	2003	3	235
2009	2004	19	196
2011	2005	7	297
2005	2009	21	13
2006	2007	3	51
2010	2007	3	292
2007	2008	3	41
2010	2008	4	348
2008	2017	18	27
2081	2078	3	204
2009	2041	134	18
2053	2010	53	286
2045	2011	46	290
2012	2091	87	126
2013	2027	24	81
2021	2014	15	261
2022	2015	22	219
2082	2050	22	296
2016	2072	248	13
2017	2023	21	39
2028	2018	19	292
2019	2029	23	136
2031	2020	22	310
2026	2021	7	258
2025	2022	11	219
2023	2038	24	50
2073	2067	4	274
2024	2036	15	99
2037	2025	14	234
2070	2026	37	256
2027	2072	37	76
2155	2028	125	285
2029	2035	6	134
2042	2030	12	274
2046	2031	17	309
2043	2032	11	275
2033	2040	8	92
2034	2039	7	91
2035	2051	22	135
2046	2035	13	285
2036	2100	40	82
2038	2037	3	323
2144	2037	107	258
2038	2151	109	79
2039	2068	20	93
2040	2069	19	90
2052	2041	27	202
2041	2055	25	27
2067	2042	17	273
2065	2043	17	278
2089	2079	5	295
2350	2044	508	264
2122	2045	79	304
2107	2115	5	76
2090	2046	37	312
2047	2058	16	142
2048	2148	100	90
2051	2061	26	158
2054	2052	3	286
2056	2052	3	211
2079	2053	16	283
2054	2055	3	167
2057	2054	3	285
2056	2054	3	191
2055	2093	22	116
2055	2057	3	19
2071	2056	24	203
2062	2057	7	297
2057	2059	9	26
2058	2063	13	163
2058	2066	7	138
2062	2059	12	350
2059	2076	21	23
2060	2071	17	163
2060	2078	10	114
2061	2109	27	105
2090	2061	21	228
2093	2062	16	301
2063	2066	7	8
2063	2098	45	160
2084	2064	11	296
2092	2064	15	254
2102	2065	16	274
2066	2108	22	119
2068	2075	4	94
2069	2074	4	91
2072	2070	3	344
2103	2070	15	256
2078	2071	12	204
2072	2107	17	75
2119	2073	29	273
2074	2087	7	90
2075	2087	7	94
2076	2083	9	23
2076	2106	15	77
2080	2124	67	129
2089	2080	8	214
2080	2095	8	46
2081	2085	3	115
2082	2081	3	204
2086	2082	3	296
2084	2082	3	204
2083	2106	11	120
2083	2085	3	27
2088	2084	3	291
2092	2084	9	202
2085	2094	4	115
2085	2086	3	27
2096	2086	4	296
2086	2088	3	27
2087	2449	602	97
2105	2088	7	296
2088	2097	7	25
2095	2089	3	298
2099	2089	5	225
2109	2090	22	339
2124	2090	58	240
2091	2125	51	104
2101	2092	21	189
2093	2114	15	136
2094	2158	87	116
2132	2095	61	296
2095	2099	5	25
2165	2096	91	296
2105	2097	11	342
2097	2104	15	12
2098	2101	7	167
2113	2098	9	258
2099	2110	7	40
2100	2121	26	80
2104	2101	9	351
2113	2101	10	216
2119	2102	16	276
2111	2103	5	254
2104	2113	18	14
2165	2105	88	297
2106	2158	80	114
2108	2117	13	116
2109	2133	59	57
2110	2112	3	39
2123	2111	39	256
2112	2116	12	40
2113	2117	33	16
2114	2129	57	131
2115	2123	36	74
2116	2120	9	40
2117	2118	3	113
2237	2118	278	272
2431	2119	555	276
2149	2120	80	220
2120	2157	85	41
2121	2131	26	80
2172	2122	103	319
2131	2140	122	4
2123	2300	399	89
2124	2128	8	127
2126	2124	4	202
2127	2125	4	221
2130	2126	13	203
2127	2135	137	4
2128	2134	9	136
2128	2142	14	103
2129	2182	107	126
2143	2130	16	273
2131	2155	102	168
2268	2269	3	16
2131	2181	90	103
2143	2132	14	293
2133	2138	6	112
2133	2134	4	66
2134	2138	5	152
2134	2139	4	66
2135	2136	3	8
2136	2137	3	7
2137	2172	57	46
2138	2140	7	162
2139	2142	4	63
2140	2142	14	11
2141	2146	9	136
2147	2141	8	305
2142	2159	17	54
2156	2143	9	289
2145	2144	3	252
2146	2145	3	191
2150	2145	3	258
2146	2152	3	113
2154	2147	3	292
2166	2147	16	253
2148	2184	103	90
2153	2149	4	202
2150	2151	4	176
2152	2150	3	201
2151	2153	3	148
2154	2152	3	215
2153	2157	4	120
2161	2154	7	261
2191	2155	110	273
2159	2156	12	343
2167	2156	12	288
2169	2156	13	266
2158	2220	193	119
2159	2162	3	55
2160	2168	9	116
2160	2164	4	54
2163	2161	3	308
2166	2161	8	234
2162	2167	8	55
2164	2163	7	356
2163	2192	226	28
2168	2164	8	319
2223	2165	195	299
2195	2202	14	27
2197	2194	28	192
2190	2166	218	207
2171	2167	3	291
2167	2170	3	58
2168	2175	22	128
2176	2169	20	239
2170	2177	23	57
2173	2171	10	297
2172	2198	110	103
2173	2174	3	115
2174	2194	99	107
2175	2180	34	127
2178	2176	14	237
2177	2179	13	60
2186	2178	67	240
2179	2185	64	60
2180	2183	40	129
2181	2193	56	121
2182	2196	78	128
2186	2183	16	307
2184	2347	302	79
2185	2187	4	66
2185	2188	5	84
2186	2187	4	129
2232	2186	103	249
2187	2188	3	128
2187	2189	4	66
2188	2199	67	157
2189	2222	76	67
2190	2192	3	112
2224	2190	180	203
2303	2191	244	285
2195	2191	40	203
2192	2215	54	121
2192	2225	180	24
2193	2200	21	120
2194	2229	70	102
2411	2412	3	40
2200	2195	12	198
2196	2216	45	128
2199	2197	7	192
2198	2203	7	119
2204	2198	7	275
2201	2200	3	208
2200	2202	3	71
2209	2201	28	206
2202	2312	238	106
2202	2206	12	25
2203	2205	3	125
2204	2203	3	203
2207	2204	4	301
2210	2204	25	203
2205	2207	3	29
2206	2208	3	30
2206	2212	14	72
2207	2211	25	23
2208	2209	13	18
2212	2208	12	261
2219	2209	57	202
2214	2210	35	201
2211	2218	35	27
2233	2212	52	251
2213	2214	18	178
2217	2213	13	331
2221	2213	27	220
2214	2218	7	112
2217	2214	9	211
2215	2273	124	122
2216	2226	34	131
2227	2216	35	308
2218	2217	14	351
2229	2219	80	199
2220	2242	92	131
2220	2240	75	127
2226	2221	25	213
2221	2228	24	39
2222	2314	192	99
2542	2543	3	36
2222	2234	25	78
2248	2223	82	307
2249	2248	3	206
2246	2223	77	303
2231	2224	33	203
2315	2305	24	261
2225	2276	188	27
2226	2228	3	132
2227	2226	3	234
2230	2227	3	313
2235	2227	19	242
2228	2236	29	131
2228	2230	3	50
2229	2282	108	110
2236	2230	29	314
2230	2235	18	55
2241	2231	116	203
2234	2232	5	303
2319	2232	190	250
2238	2233	25	251
2305	2234	156	283
2234	2264	52	78
2235	2239	29	41
2236	2254	54	137
2292	2237	101	276
2278	2238	49	268
2293	2269	97	314
2242	2239	36	208
2239	2243	22	49
2240	2245	14	129
2274	2241	39	222
2242	2247	3	123
2244	2242	4	195
2243	2255	13	34
2243	2266	16	58
2244	2247	6	167
2245	2244	3	198
2245	2260	11	129
2248	2245	3	200
2252	2246	4	299
2253	2246	5	249
2247	2255	6	129
2247	2257	6	92
2263	2248	11	309
2250	2249	3	203
2251	2249	3	242
2252	2250	4	210
2262	2251	6	270
2262	2252	6	308
2256	2252	5	208
2261	2253	7	216
2254	2279	41	128
2255	2266	6	125
2255	2258	4	29
2261	2256	5	207
2257	2259	3	72
2258	2259	3	26
2259	2260	3	26
2260	2294	104	131
2260	2263	3	26
2277	2261	28	213
2265	2262	5	340
2269	2262	4	313
2272	2263	13	309
2263	2267	3	25
2384	2305	91	251
2264	2320	135	67
2267	2265	3	355
2266	2294	96	128
2267	2268	3	20
2269	2270	7	14
2270	2271	4	12
2271	2277	30	19
2293	2272	82	310
2273	2275	4	122
2328	2274	125	280
2275	2318	129	124
2275	2296	116	34
2276	2289	44	82
2277	2280	37	23
2337	2278	122	284
2279	2290	47	134
2280	2281	3	22
2281	2283	26	22
2335	2344	27	14
2282	2370	131	109
2284	2283	25	198
2283	2286	25	25
2284	2286	3	107
2285	2284	3	205
2291	2324	164	152
2287	2285	3	302
2288	2285	18	203
2286	2287	3	20
2287	2297	67	25
2295	2288	67	199
2289	2325	74	111
2290	2291	9	172
2292	2299	24	95
2301	2292	27	259
2353	2293	99	312
2295	2297	24	177
2294	2351	90	132
2298	2295	22	200
2297	2306	40	25
2306	2298	16	292
2299	2298	9	201
2301	2299	7	200
2299	2304	5	90
2300	2302	3	119
2301	2304	8	160
2308	2301	9	271
2310	2301	24	206
2302	2307	5	117
2382	2303	88	289
2303	2312	49	18
2304	2309	8	85
2306	2309	14	22
2307	2321	31	116
2309	2308	6	350
2311	2308	4	279
2309	2311	6	25
2309	2322	24	80
2313	2310	14	306
2317	2310	36	210
2322	2311	21	274
2311	2313	17	20
2438	2369	112	235
2312	2396	86	106
2312	2337	82	18
2313	2339	66	23
2314	2316	9	78
2314	2389	79	71
2386	2315	68	249
2316	2387	70	69
2339	2317	28	212
2318	2319	15	170
2323	2318	15	338
2319	2320	4	169
2323	2319	3	266
2320	2384	87	139
2320	2326	4	89
2321	2400	81	117
2377	2322	41	267
2326	2323	4	339
2415	2323	134	226
2324	2358	34	132
2324	2342	87	7
2325	2327	3	114
2343	2326	20	328
2326	2349	16	73
2327	2411	91	117
2334	2328	3	291
2329	2331	18	176
2332	2329	26	183
2329	2336	3	88
2330	2333	23	179
2330	2331	33	0
2338	2330	22	353
2331	2336	18	4
2336	2332	26	358
2332	2335	41	1
2333	2363	50	149
2333	2338	3	85
2410	2334	88	297
2340	2335	26	187
2365	2337	26	286
2337	2370	68	26
2368	2338	50	329
2339	2355	33	21
2341	2340	3	191
2340	2344	3	89
2345	2341	3	271
2352	2341	20	207
2342	2348	58	6
2343	2349	22	12
2346	2343	3	318
2344	2345	3	10
2345	2352	19	18
2390	2346	63	315
2347	2373	27	60
2347	2376	28	64
2348	2354	32	6
2349	2416	118	42
2367	2350	20	235
2369	2350	21	240
2351	2356	5	133
2352	2362	26	28
2357	2353	5	313
2354	2356	7	20
2355	2372	143	7
2356	2360	4	133
2356	2357	3	20
2361	2357	4	313
2357	2359	5	20
2358	2364	10	135
2359	2366	23	21
2360	2420	122	141
2423	2361	125	321
2371	2362	14	206
2362	2375	13	35
2363	2366	12	174
2364	2367	3	127
2397	2365	33	279
2366	2368	13	2
2367	2369	3	127
2406	2367	55	234
2369	2373	4	127
2370	2419	69	110
2370	2391	36	37
2371	2375	3	147
2374	2371	3	206
2372	2381	81	6
2373	2376	3	127
2373	2440	110	55
2378	2374	3	312
2380	2374	15	207
2375	2378	3	28
2376	2379	3	127
2376	2405	45	57
2402	2403	4	169
2377	2380	58	174
2378	2380	16	19
2379	2479	187	117
2382	2381	26	187
2381	2383	26	12
2383	2382	3	290
2385	2382	20	195
2494	2383	196	289
2383	2385	20	9
2384	2386	3	138
2390	2384	5	249
2388	2385	11	195
2386	2387	3	138
2392	2386	5	254
2387	2389	3	138
2387	2393	6	74
2396	2388	23	197
2389	2402	32	152
2389	2394	6	80
2392	2390	4	312
2398	2390	8	258
2419	2391	73	321
2391	2395	18	19
2393	2392	3	312
2454	2392	84	268
2394	2393	3	312
2393	2455	83	88
2407	2394	20	310
2394	2418	33	82
2399	2395	10	195
2396	2459	93	103
2413	2396	88	196
2397	2413	25	102
2414	2397	26	276
2463	2398	99	271
2403	2399	128	183
2400	2401	4	119
2401	2469	152	130
2403	2404	7	24
2404	2408	8	30
2405	2457	82	98
2405	2430	43	55
2425	2406	82	204
2428	2406	42	235
2408	2407	7	351
2409	2407	4	307
2408	2409	4	34
2536	2409	264	310
2409	2417	19	33
2412	2410	3	300
2469	2410	131	231
2411	2421	19	114
2421	2412	18	302
2412	2471	130	51
2444	2453	14	54
2445	2446	3	152
2434	2436	7	156
2437	2435	3	334
2428	2433	78	25
2413	2426	24	117
2414	2413	3	210
2426	2414	24	304
2419	2414	54	192
2416	2415	3	344
2561	2415	223	253
2444	2443	4	336
2416	2563	222	73
2417	2418	5	40
2418	2447	38	91
2460	2448	64	334
2451	2448	6	334
2446	2430	79	264
2419	2474	105	111
2473	2419	104	289
2420	2422	5	153
2421	2452	37	100
2422	2425	10	153
2424	2423	5	333
2427	2424	6	330
2425	2429	8	154
2426	2470	97	128
2432	2427	11	335
2472	2427	83	267
2436	2428	16	234
2429	2433	20	156
2430	2442	21	55
2508	2431	165	303
2466	2431	66	297
2435	2432	22	335
2433	2434	3	154
2435	2456	76	74
2436	2438	4	156
2439	2436	3	234
2439	2437	5	336
2438	2440	4	156
2441	2438	3	235
2441	2439	4	336
2456	2439	26	235
2440	2442	4	156
2440	2443	3	55
2443	2441	4	336
2493	2441	132	235
2442	2445	7	156
2442	2444	3	55
2443	2491	129	55
2448	2444	7	336
2446	2457	42	156
2447	2461	29	93
2449	2505	137	124
2449	2464	38	124
2450	2465	43	129
2452	2450	58	181
2458	2451	39	335
2453	2451	76	196
2453	2468	50	55
2463	2454	19	273
2455	2461	19	96
2458	2468	99	20
2472	2456	47	235
2457	2462	24	146
2460	2458	19	332
2478	2460	72	321
2461	2533	115	95
2462	2475	67	142
2467	2463	12	277
2464	2483	131	156
2464	2498	89	126
2465	2489	79	126
2504	2466	94	305
2522	2521	4	182
2552	2466	145	261
2532	2467	102	275
2468	2491	66	52
2469	2471	3	140
2483	2469	44	228
2470	2487	43	116
2492	2470	86	218
2471	2484	42	49
2493	2472	58	238
2477	2473	6	299
2482	2473	15	255
2474	2476	6	117
2474	2477	5	80
2475	2485	24	143
2476	2492	37	119
2477	2476	4	181
2481	2477	10	299
2477	2480	8	63
2482	2477	12	233
2488	2478	25	322
2485	2479	13	241
2479	2486	14	74
2481	2480	9	350
2480	2499	32	67
2579	2481	144	307
2501	2498	86	352
2525	2482	81	229
2501	2483	50	212
2484	2500	45	32
2484	2574	110	87
2485	2486	3	141
2488	2485	4	252
2486	2490	34	155
2486	2488	4	32
2487	2528	51	87
2495	2488	38	337
2504	2518	97	52
2489	2534	54	92
2491	2497	5	54
2492	2577	117	129
2496	2493	3	239
2494	2510	17	111
2522	2494	32	258
2515	2500	86	229
2581	2496	113	235
2497	2585	114	55
2498	2503	10	127
2499	2516	18	60
2500	2506	17	30
2502	2501	9	209
2503	2502	3	212
2503	2507	3	127
2505	2503	3	212
2511	2504	6	308
2505	2509	3	127
2508	2505	3	210
2506	2507	3	29
2507	2515	6	127
2507	2509	3	29
2512	2508	3	306
2511	2508	3	208
2509	2597	119	126
2509	2512	3	30
2510	2523	11	86
2514	2511	3	308
2513	2511	3	208
2611	2512	154	306
2512	2514	3	30
2518	2513	12	210
2519	2514	6	308
2514	2517	3	30
2515	2574	76	126
2516	2527	35	27
2517	2520	8	30
2552	2518	74	210
2598	2519	110	306
2520	2519	93	183
2520	2551	72	30
2521	2523	7	175
2521	2524	4	90
2538	2522	47	208
2523	2524	7	20
2524	2542	52	27
2526	2525	3	203
2531	2526	10	203
2527	2529	3	26
2528	2553	25	87
2529	2530	5	25
2530	2537	17	30
2535	2531	14	198
2555	2532	22	274
2607	2532	95	265
2533	2610	99	89
2533	2556	22	89
2534	2546	15	118
2545	2534	14	291
2535	2537	5	129
2539	2535	6	281
2536	2535	7	211
2540	2536	6	326
2622	2536	182	232
2537	2558	18	121
2537	2539	3	31
2541	2538	3	255
2544	2538	7	219
2548	2539	13	306
2539	2540	3	31
2598	2551	165	340
2548	2540	13	318
2540	2623	182	52
2541	2542	3	159
2543	2541	3	283
2544	2541	5	196
2542	2637	186	122
2554	2543	11	297
2543	2547	7	41
2572	2544	57	208
2545	2546	3	170
2568	2545	35	206
2601	2599	3	354
2599	2600	3	3
2546	2573	147	170
2554	2547	12	333
2547	2580	80	28
2549	2570	36	24
2558	2548	6	318
2550	2549	3	344
2575	2550	143	350
2551	2557	5	30
2559	2552	3	214
2553	2572	25	127
2628	2554	161	301
2608	2555	75	266
2556	2609	76	86
2557	2560	4	30
2587	2558	45	310
2562	2559	5	223
2677	2671	9	233
2563	2578	142	170
2560	2564	7	30
2565	2561	3	315
2567	2561	4	266
2569	2562	7	216
2563	2566	3	94
2565	2563	3	223
2582	2566	140	349
2564	2571	16	33
2566	2565	3	347
2567	2565	3	216
2566	2575	18	71
2573	2567	9	264
2596	2568	81	210
2590	2569	59	214
2570	2601	78	31
2571	2594	50	35
2576	2572	16	207
2575	2573	6	265
2574	2597	37	120
2602	2600	3	255
2601	2603	3	62
2719	2715	3	244
2575	2875	377	99
2577	2576	9	208
2577	2580	3	111
2579	2577	4	205
2578	2584	8	156
2578	2586	5	109
2583	2579	4	310
2580	2589	7	114
2580	2583	3	32
2619	2581	84	240
2586	2582	5	332
2588	2582	5	280
2589	2583	7	314
2584	2592	21	152
2586	2584	6	198
2585	2631	125	62
2591	2586	15	330
2586	2593	8	96
2588	2586	4	219
2617	2587	71	232
2615	2614	3	334
2817	2588	237	267
2627	2589	107	299
2591	2593	13	2
2616	2590	55	275
2595	2591	11	334
2592	2605	41	150
2595	2592	4	249
2681	2621	141	328
2593	2818	231	88
2594	2616	49	95
2692	2672	50	332
2606	2595	40	330
2599	2596	3	297
2600	2596	3	236
2597	2604	14	127
2611	2598	39	310
2602	2603	5	162
2638	2602	97	265
2697	2683	47	346
2603	2643	98	85
2604	2657	142	133
2605	2607	24	155
2606	2605	5	238
2612	2606	27	327
2607	2608	5	152
2612	2607	9	263
2608	2609	3	152
2613	2608	9	265
2609	2610	4	152
2609	2614	9	85
2610	2622	85	150
2610	2615	8	84
2656	2611	118	315
2613	2612	5	334
2678	2612	101	265
2614	2613	3	334
2634	2613	62	264
2614	2635	61	84
2625	2615	84	331
2615	2680	100	82
2620	2616	27	305
2618	2617	14	246
2633	2618	83	326
2694	2619	104	247
2713	2619	109	250
2624	2620	23	319
2621	2632	32	77
2622	2623	6	149
2625	2622	6	263
2623	2647	63	151
2623	2626	6	84
2624	2629	49	161
2630	2624	50	338
2626	2625	6	331
2854	2625	202	268
2652	2626	62	332
2684	2691	5	118
2626	2855	201	88
2675	2627	60	307
2658	2628	51	327
2629	2639	18	150
2639	2630	17	337
2631	2686	53	76
2631	2716	68	72
2665	2632	36	285
2633	2636	6	151
2640	2633	6	296
2678	2634	38	261
2635	2680	40	84
2636	2648	12	134
2640	2636	3	226
2637	2654	45	161
2637	2653	35	155
2641	2638	3	282
2645	2638	5	237
2659	2639	24	316
2650	2640	8	291
2643	2641	5	346
2644	2641	3	270
2651	2642	9	317
2643	2646	3	59
2644	2646	3	165
2649	2644	4	300
2645	2644	3	182
2660	2645	28	213
2646	2662	19	125
2646	2649	3	66
2647	2743	131	149
2648	2655	9	87
2662	2649	18	313
2649	2664	30	28
2655	2650	10	311
2661	2651	23	333
2746	2652	128	331
2653	2667	44	165
2654	2665	38	167
2685	2691	11	157
2743	2655	61	259
2663	2656	10	326
2657	2660	7	147
2671	2658	42	345
2659	2687	34	122
2689	2659	34	298
2660	2664	3	147
2663	2660	3	210
2668	2661	27	347
2662	2684	30	120
2666	2663	3	326
2801	2663	177	210
2664	2670	9	147
2664	2666	3	30
2665	2688	80	162
2667	2665	7	205
2665	2669	5	49
2672	2666	8	326
2666	2810	179	31
2667	2669	3	165
2671	2667	3	217
2677	2668	20	336
2669	2674	11	165
2669	2673	3	51
2670	2685	43	152
2673	2671	4	345
2676	2673	12	345
2673	2679	10	51
2674	2688	71	165
2675	2756	63	129
2675	2707	27	95
2683	2676	43	344
2679	2677	3	324
2706	2677	27	236
2820	2678	99	272
2698	2679	31	323
2679	2706	27	49
2680	2825	100	92
2682	2681	27	351
2683	2693	32	17
2690	2682	72	353
2682	2696	11	78
2686	2718	15	72
2686	2721	15	76
2687	2751	34	120
2688	2695	22	167
2753	2689	34	300
2701	2690	191	359
2711	2690	8	262
2691	2700	11	158
2691	2699	5	118
2699	2692	10	338
2693	2709	6	96
2693	2698	7	27
2695	2703	39	176
2715	2694	9	244
2717	2694	8	257
2695	2734	67	169
2696	2704	5	143
2703	2696	5	212
2749	2697	76	344
2738	2697	71	350
2709	2698	7	333
2712	2699	13	340
2699	2714	6	118
2700	2775	105	158
2702	2701	5	360
2715	2702	52	355
2703	2704	9	178
2704	2708	24	177
2705	2745	18	81
2706	2754	25	71
2707	2787	49	124
2708	2710	6	171
2726	2708	9	232
2736	2709	15	327
2778	2765	5	293
2710	2724	29	171
2710	2730	7	120
2711	2735	8	106
2724	2711	13	204
2782	2712	100	338
2720	2713	3	255
2742	2757	123	175
2714	2878	189	104
2717	2715	3	345
2716	2723	3	76
2720	2717	4	345
2722	2717	3	257
2718	2727	3	76
2759	2719	56	207
2723	2720	4	345
2725	2720	3	255
2721	2729	3	91
2773	2722	31	256
2727	2723	4	345
2723	2728	3	76
2724	2735	12	166
2766	2725	29	257
2734	2726	3	266
2729	2727	3	345
2727	2732	3	76
2728	2770	29	76
2731	2729	6	354
2729	2733	3	91
2730	2737	3	85
2745	2731	76	353
2732	2763	26	77
2733	2800	65	130
2734	2737	14	173
2738	2734	3	267
2735	2742	65	174
2736	2744	29	15
2737	2742	102	177
2737	2740	3	82
2740	2738	14	353
2739	2738	3	267
2773	2774	74	12
2749	2739	7	291
2747	2740	74	356
2740	2741	3	80
2741	2752	7	52
2743	2761	21	129
2746	2743	3	222
2744	2748	3	45
2745	2789	26	86
2765	2746	20	307
2758	2747	141	356
2747	2752	79	2
2754	2750	40	184
2748	2750	3	46
2752	2749	7	349
2767	2749	16	278
2750	2864	151	115
2751	2779	21	121
2752	2767	15	72
2784	2763	71	257
2808	2753	40	299
2754	2856	110	90
2755	2754	3	190
2772	2755	69	190
2756	2771	17	135
2757	2759	13	168
2760	2758	18	349
2759	2774	37	166
2780	2760	38	346
2835	2760	91	297
2761	2762	3	169
2761	2769	3	115
2762	2764	5	178
2769	2762	3	218
2763	2785	8	79
2803	2764	54	336
2764	2768	5	18
2769	2765	4	339
2781	2766	5	259
2767	2793	11	63
2768	2769	3	2
2768	2776	3	60
2769	2776	3	111
2778	2769	4	245
2770	2783	5	79
2771	2772	4	174
2777	2773	3	258
2774	2777	4	166
2775	2834	105	142
2776	2842	72	90
2777	2781	4	166
2786	2777	3	258
2844	2778	72	270
2779	2799	17	120
2780	2814	86	97
2786	2780	8	345
2781	2783	3	166
2788	2781	3	259
2852	2782	132	321
2783	2784	4	166
2783	2791	3	79
2784	2785	3	164
2785	2800	50	164
2785	2792	3	79
2788	2786	4	345
2790	2786	3	258
2787	2826	46	119
2791	2788	4	345
2796	2788	6	259
2789	2807	13	95
2804	2789	12	267
2814	2790	23	260
2792	2791	4	345
2791	2797	5	79
2795	2792	10	345
2792	2794	3	79
2793	2798	7	62
2794	2815	22	80
2805	2795	34	345
2815	2795	81	237
2866	2796	109	264
2797	2857	90	83
2798	2824	31	99
2799	2801	3	123
2800	2806	14	174
2801	2810	3	116
2808	2801	4	208
2811	2802	37	356
2805	2845	88	47
2802	2803	23	0
2804	2807	3	156
2806	2804	26	182
2809	2804	3	270
2812	2805	20	352
2807	2822	22	95
2807	2809	3	33
2813	2808	3	300
2882	2808	261	210
2823	2809	21	275
2809	2812	26	2
2810	2816	12	97
2810	2813	3	30
2831	2811	105	337
2816	2813	11	294
2813	2883	261	31
2835	2814	35	263
2817	2818	10	180
2815	2845	43	83
2819	2817	6	261
2818	2827	22	146
2818	2821	9	72
2821	2819	8	339
2850	2819	44	275
2833	2820	23	274
2829	2820	13	234
2827	2821	21	348
2821	2850	41	86
2822	2839	28	101
2823	2822	3	182
2840	2823	29	281
2824	2828	8	134
2825	2832	25	135
2825	2837	25	93
2826	2853	48	121
2826	2831	39	25
2827	2830	46	159
2828	2847	37	122
2829	2830	19	41
2833	2829	17	304
2832	2837	22	25
2830	2836	18	159
2846	2832	27	320
2838	2833	7	274
2834	2858	63	138
2866	2835	55	271
2836	2838	5	158
2837	2841	3	95
2913	2838	139	274
2838	2841	4	158
2839	2915	148	103
2840	2839	3	207
2915	2840	145	283
2841	2940	203	93
2841	2843	7	158
2842	2871	55	90
2844	2842	3	207
2843	2848	25	165
2872	2844	55	268
2845	2857	28	79
2846	2849	3	118
2848	2846	5	208
2847	2851	36	177
2848	2849	6	177
2849	2854	40	169
2851	2935	239	136
2876	2852	81	317
2853	2859	33	123
2860	2853	32	297
2916	2854	126	273
2854	2855	4	163
2973	2971	4	261
2855	2909	113	93
2861	2856	35	221
2856	2867	38	48
2858	2877	53	137
2859	2861	6	160
2859	2868	8	118
2874	2860	18	299
2868	2860	10	321
2862	2861	3	234
2868	2862	4	263
2865	2863	4	341
2869	2864	23	194
2873	2865	15	308
2867	2868	3	9
2867	2870	4	78
2868	2870	4	120
2874	2868	10	276
2879	2869	51	206
2870	2889	44	109
2871	2930	103	90
2871	2872	6	11
2931	2872	103	272
2873	2888	35	105
2881	2874	23	293
2875	2877	6	90
2880	2876	10	317
2877	2924	113	138
2877	2880	4	90
2878	2934	103	67
2884	2879	30	208
2923	2880	105	317
2880	2886	15	90
2892	2881	17	273
2908	2882	154	198
2939	2923	74	315
2911	2883	70	316
2883	2906	80	29
2885	2884	7	195
2884	2887	6	26
2887	2885	3	325
2889	2885	13	195
2887	2891	15	16
2893	2888	5	273
2889	2891	3	92
2890	2889	3	200
2892	2890	3	219
2891	2892	5	18
2891	2918	48	84
2907	2892	28	266
2897	2893	30	344
2893	2894	18	6
2894	2895	4	11
2895	2896	17	14
2900	2897	29	349
2898	2899	20	177
2901	2898	33	185
2899	2908	66	165
2904	2900	17	352
2903	2901	32	359
2901	2902	4	3
2902	2904	21	4
2905	2903	22	356
2933	2904	99	324
2910	2905	64	345
2906	2910	76	6
2912	2907	9	267
2909	2919	20	135
2909	2914	7	113
2910	2933	79	29
2929	2911	108	347
2932	2912	29	265
2942	2913	72	272
2936	2913	96	214
2914	2917	6	109
2920	2916	5	326
2926	2916	12	290
2917	2919	9	168
2917	2921	4	103
2920	2917	5	212
2918	2932	20	75
2919	2925	15	162
2921	2920	5	345
2926	2920	8	269
2922	2927	58	8
2925	2921	22	353
2921	2938	51	99
2922	2937	76	148
2949	2923	127	317
2924	2946	118	136
2924	2936	42	139
2925	2928	70	175
2938	2926	45	287
2927	2929	77	2
2928	2931	86	177
2930	2997	209	92
2931	2930	3	191
2998	2931	209	272
2932	2964	84	88
2934	2996	231	129
2934	2955	78	67
2942	2941	90	358
2935	2943	39	117
2936	2941	48	138
2937	2982	125	109
2952	2939	55	315
2975	2939	99	294
2940	2979	108	113
2940	2944	12	92
2941	2945	27	136
2947	2942	24	269
2970	2943	54	287
2944	2948	19	86
2945	2947	7	132
2958	2948	107	303
2977	2981	9	73
2952	2962	82	126
2946	2951	10	132
2947	2950	5	132
2951	2947	5	263
2948	2950	3	85
2956	2949	9	311
2950	2957	9	132
2950	2954	5	79
2951	2954	4	132
2956	2951	4	263
2953	2952	3	319
2961	2953	8	310
2954	2963	8	132
2954	2960	4	79
2955	2959	3	68
2960	2956	4	311
2961	2956	4	263
2957	2958	3	128
2958	2979	58	124
2959	2974	34	67
2966	2960	10	311
2960	2965	4	79
2965	2961	4	310
2962	2961	3	263
2975	2962	37	258
2963	3001	146	117
2964	2972	21	94
2971	2964	19	258
2967	2965	11	310
2965	2969	12	79
3003	2966	142	296
2968	2967	3	307
2985	2968	79	301
2969	2968	80	190
2969	2977	27	75
2980	2970	31	286
2972	2971	6	336
2973	2972	6	197
2972	2992	74	89
2991	2973	70	269
2982	2974	32	243
2974	2984	34	68
2976	2975	4	252
2983	2976	21	252
2978	2977	9	348
2978	2981	14	30
2985	2978	68	323
2979	3001	91	110
3021	3033	96	121
3011	2980	342	272
2981	2983	13	61
2982	2984	4	115
2983	3009	301	67
2984	3018	477	127
3003	2985	56	291
2986	2989	73	180
2997	2986	81	202
2987	2988	3	180
2989	2987	66	180
2988	2990	61	180
2990	2991	6	180
2995	2991	3	271
2992	3002	36	89
2994	2993	73	360
2993	2999	81	22
2995	2994	135	360
3004	2995	63	275
3033	3020	99	303
3024	3012	77	272
2996	3007	250	118
2998	2997	3	205
2997	2999	3	89
2999	2998	3	333
3000	2998	4	265
3029	3017	122	209
3019	3021	7	115
3019	3020	5	83
3022	3023	7	160
3035	3024	65	277
2999	3013	313	100
3006	3000	145	252
3001	3027	352	91
3002	3004	28	89
3026	3003	348	271
3004	3005	71	94
3005	3008	106	95
3014	3006	167	304
3007	3009	51	162
3007	3015	92	77
3008	3031	157	95
3008	3013	261	13
3009	3010	61	152
3010	3016	92	139
3012	3011	32	290
3013	3019	48	110
3013	3014	3	27
3020	3014	52	290
3014	3017	138	15
3015	3022	93	149
3015	3018	32	61
3016	3025	81	138
3020	3021	3	169
3025	3028	30	166
3028	3026	6	276
3027	3029	5	96
3028	3029	3	166
3030	3028	6	276
3029	3032	6	96
3063	3030	230	288
3031	3045	117	95
3032	3062	227	108
3033	3034	3	131
3034	3036	22	129
3058	3035	154	304
3042	3035	53	232
3039	3037	174	186
3036	3046	88	133
3037	3038	7	163
3038	3042	53	149
3040	3039	16	192
3041	3040	14	191
3043	3041	54	191
3044	3043	19	185
3078	3076	12	353
3045	3044	147	191
3045	3050	23	95
3046	3055	47	137
3046	3047	21	36
3047	3052	16	38
3048	3049	4	166
3069	3048	135	239
3049	3054	8	64
3050	3061	63	96
3051	3050	13	182
3053	3051	79	184
3052	3070	137	67
3055	3053	13	204
3088	3087	4	241
3054	3071	128	59
3057	3056	8	184
3058	3057	11	190
3059	3058	26	297
3059	3060	5	118
3066	3059	64	236
3061	3068	47	96
3062	3064	9	128
3065	3063	9	307
3067	3066	10	221
3067	3078	213	5
3068	3080	44	92
3069	3071	4	139
3072	3069	4	235
3070	3073	3	73
3071	3074	12	163
3071	3075	5	51
3075	3072	4	311
3077	3072	10	228
3073	3083	47	89
3084	3073	49	266
3076	3074	30	354
3074	3075	15	0
3075	3079	9	41
3077	3079	3	150
3081	3077	96	201
3079	3082	99	21
3080	3090	38	90
3089	3080	37	264
3082	3081	3	280
3085	3081	68	191
3082	3086	69	12
3083	3087	232	175
3088	3084	233	355
3085	3086	4	86
3090	3085	104	191
3086	3093	96	13
3087	3089	20	153
3091	3088	22	332
3089	3090	4	159
3091	3089	4	264
3090	3092	4	74
3092	3091	3	343
3093	3092	9	358
3092	3094	5	83
3093	3094	11	27
3094	3095	34	78
3095	3098	129	150
3097	3096	81	245
3097	3098	110	165
3098	3099	9	163
3099	3101	13	165
3102	3100	12	345
3101	3103	171	152
3104	3102	176	332
