0	1	2
0	1	34
1	2	3
1	34	33
1	34	67
2	3	4
2	3	36
3	4	5
3	36	35
3	36	69
4	5	6
4	5	38
5	6	7
5	38	37
5	38	71
6	7	8
6	7	40
7	8	9
7	40	39
7	40	73
8	9	10
8	9	42
9	10	11
9	42	41
9	42	75
10	11	12
10	11	44
11	12	13
11	44	43
11	44	77
12	13	14
12	13	46
13	14	15
13	46	45
13	46	79
14	15	16
14	15	48
15	16	17
15	48	47
15	48	81
16	17	18
16	17	50
17	18	19
17	50	49
17	50	83
18	19	20
18	19	52
19	20	21
19	52	51
19	52	85
20	21	22
20	21	54
21	22	23
21	54	53
21	54	87
22	23	24
22	23	56
23	24	25
23	56	55
23	56	89
24	25	26
24	25	58
25	26	27
25	58	57
25	58	91
26	27	28
26	27	60
27	28	29
27	60	59
27	60	93
28	29	30
28	29	62
29	30	31
29	62	61
29	62	95
30	31	32
30	31	64
31	64	63
31	64	97
33	0	1
34	33	0
34	67	100
34	67	68
35	34	33
35	34	67
35	2	3
36	35	34
36	35	2
36	69	102
36	69	70
37	36	35
37	36	69
37	4	5
38	37	36
38	37	4
38	71	104
38	71	72
39	38	37
39	38	71
39	6	7
40	39	38
40	39	6
40	73	106
40	73	74
41	40	39
41	40	73
41	8	9
42	41	40
42	41	8
42	75	108
42	75	76
43	42	41
43	42	75
43	10	11
44	43	42
44	43	10
44	77	110
44	77	78
45	44	43
45	44	77
45	12	13
46	45	44
46	45	12
46	79	112
46	79	80
47	46	45
47	46	79
47	14	15
48	47	46
48	47	14
48	81	114
48	81	82
49	48	47
49	48	81
49	16	17
50	49	48
50	49	16
50	83	116
50	83	84
51	50	49
51	50	83
51	18	19
52	51	50
52	51	18
52	85	118
52	85	86
53	52	51
53	52	85
53	20	21
54	53	52
54	53	20
54	87	120
54	87	88
55	54	53
55	54	87
55	22	23
56	55	54
56	55	22
56	89	122
56	89	90
57	56	55
57	56	89
57	24	25
58	57	56
58	57	24
58	91	124
58	91	92
59	58	57
59	58	91
59	26	27
60	59	58
60	59	26
60	93	126
60	93	94
61	60	59
61	60	93
61	28	29
62	61	60
62	61	28
62	95	128
62	95	96
63	62	61
63	62	95
63	30	31
64	63	62
64	63	30
64	97	130
64	97	98
65	64	63
65	64	97
66	33	0
66	67	68
66	67	100
67	68	69
67	100	99
67	68	35
67	100	133
68	35	34
68	35	2
68	69	70
68	69	102
69	70	71
69	102	101
69	70	37
69	102	135
70	37	36
70	37	4
70	71	72
70	71	104
71	72	73
71	104	103
71	72	39
71	104	137
72	39	38
72	39	6
72	73	74
72	73	106
73	74	75
73	106	105
73	74	41
73	106	139
74	41	40
74	41	8
74	75	76
74	75	108
75	76	77
75	108	107
75	76	43
75	108	141
76	43	42
76	43	10
76	77	78
76	77	110
77	78	79
77	110	109
77	78	45
77	110	143
78	45	44
78	45	12
78	79	80
78	79	112
79	80	81
79	112	111
79	80	47
79	112	145
80	47	46
80	47	14
80	81	82
80	81	114
81	82	83
81	114	113
81	82	49
81	114	147
82	49	48
82	49	16
82	83	84
82	83	116
83	84	85
83	116	115
83	84	51
83	116	149
84	51	50
84	51	18
84	85	86
84	85	118
85	86	87
85	118	117
85	86	53
85	118	151
86	53	52
86	53	20
86	87	88
86	87	120
87	88	89
87	120	119
87	88	55
87	120	153
88	55	54
88	55	22
88	89	90
88	89	122
89	90	91
89	122	121
89	90	57
89	122	155
90	57	56
90	57	24
90	91	92
90	91	124
91	92	93
91	124	123
91	92	59
91	124	157
92	59	58
92	59	26
92	93	94
92	93	126
93	94	95
93	126	125
93	94	61
93	126	159
94	61	60
94	61	28
94	95	96
94	95	128
95	96	97
95	128	127
95	96	63
95	128	161
96	63	62
96	63	30
96	97	98
96	97	130
97	130	129
97	98	65
97	130	163
98	65	64
98	65	32
99	66	33
99	66	67
100	99	66
100	133	166
100	133	134
101	100	99
101	100	133
101	68	35
101	68	69
102	101	100
102	101	68
102	135	168
102	135	136
103	102	101
103	102	135
103	70	37
103	70	71
104	103	102
104	103	70
104	137	170
104	137	138
105	104	103
105	104	137
105	72	39
105	72	73
106	105	104
106	105	72
106	139	172
106	139	140
107	106	105
107	106	139
107	74	41
107	74	75
108	107	106
108	107	74
108	141	174
108	141	142
109	108	107
109	108	141
109	76	43
109	76	77
110	109	108
110	109	76
110	143	176
110	143	144
111	110	109
111	110	143
111	78	45
111	78	79
112	111	110
112	111	78
112	145	178
112	145	146
113	112	111
113	112	145
113	80	47
113	80	81
114	113	112
114	113	80
114	147	180
114	147	148
115	114	113
115	114	147
115	82	49
115	82	83
116	115	114
116	115	82
116	149	182
116	149	150
117	116	115
117	116	149
117	84	51
117	84	85
118	117	116
118	117	84
118	151	184
118	151	152
119	118	117
119	118	151
119	86	53
119	86	87
120	119	118
120	119	86
120	153	186
120	153	154
121	120	119
121	120	153
121	88	55
121	88	89
122	121	120
122	121	88
122	155	188
122	155	156
123	122	121
123	122	155
123	90	57
123	90	91
124	123	122
124	123	90
124	157	190
124	157	158
125	124	123
125	124	157
125	92	59
125	92	93
126	125	124
126	125	92
126	159	192
126	159	160
127	126	125
127	126	159
127	94	61
127	94	95
128	127	126
128	127	94
128	161	194
128	161	162
129	128	127
129	128	161
129	96	63
129	96	97
130	129	128
130	129	96
130	163	196
130	163	164
131	130	129
131	130	163
131	98	65
132	99	66
132	133	134
132	133	166
133	134	135
133	166	165
133	134	101
133	166	199
134	101	100
134	101	68
134	135	136
134	135	168
135	136	137
135	168	167
135	136	103
135	168	201
136	103	102
136	103	70
136	137	138
136	137	170
137	138	139
137	170	169
137	138	105
137	170	203
138	105	104
138	105	72
138	139	140
138	139	172
139	140	141
139	172	171
139	140	107
139	172	205
140	107	106
140	107	74
140	141	142
140	141	174
141	142	143
141	174	173
141	142	109
141	174	207
142	109	108
142	109	76
142	143	144
142	143	176
143	144	145
143	176	175
143	144	111
143	176	209
144	111	110
144	111	78
144	145	146
144	145	178
145	146	147
145	178	177
145	146	113
145	178	211
146	113	112
146	113	80
146	147	148
146	147	180
147	148	149
147	180	179
147	148	115
147	180	213
148	115	114
148	115	82
148	149	150
148	149	182
149	150	151
149	182	181
149	150	117
149	182	215
150	117	116
150	117	84
150	151	152
150	151	184
151	152	153
151	184	183
151	152	119
151	184	217
152	119	118
152	119	86
152	153	154
152	153	186
153	154	155
153	186	185
153	154	121
153	186	219
154	121	120
154	121	88
154	155	156
154	155	188
155	156	157
155	188	187
155	156	123
155	188	221
156	123	122
156	123	90
156	157	158
156	157	190
157	158	159
157	190	189
157	158	125
157	190	223
158	125	124
158	125	92
158	159	160
158	159	192
159	160	161
159	192	191
159	160	127
159	192	225
160	127	126
160	127	94
160	161	162
160	161	194
161	162	163
161	194	193
161	162	129
161	194	227
162	129	128
162	129	96
162	163	164
162	163	196
163	196	195
163	164	131
163	196	229
164	131	130
164	131	98
165	132	99
165	132	133
166	165	132
166	199	232
166	199	200
167	166	165
167	166	199
167	134	101
167	134	135
168	167	166
168	167	134
168	201	234
168	201	202
169	168	167
169	168	201
169	136	103
169	136	137
170	169	168
170	169	136
170	203	236
170	203	204
171	170	169
171	170	203
171	138	105
171	138	139
172	171	170
172	171	138
172	205	238
172	205	206
173	172	171
173	172	205
173	140	107
173	140	141
174	173	172
174	173	140
174	207	240
174	207	208
175	174	173
175	174	207
175	142	109
175	142	143
176	175	174
176	175	142
176	209	242
176	209	210
177	176	175
177	176	209
177	144	111
177	144	145
178	177	176
178	177	144
178	211	244
178	211	212
179	178	177
179	178	211
179	146	113
179	146	147
180	179	178
180	179	146
180	213	246
180	213	214
181	180	179
181	180	213
181	148	115
181	148	149
182	181	180
182	181	148
182	215	248
182	215	216
183	182	181
183	182	215
183	150	117
183	150	151
184	183	182
184	183	150
184	217	250
184	217	218
185	184	183
185	184	217
185	152	119
185	152	153
186	185	184
186	185	152
186	219	252
186	219	220
187	186	185
187	186	219
187	154	121
187	154	155
188	187	186
188	187	154
188	221	254
188	221	222
189	188	187
189	188	221
189	156	123
189	156	157
190	189	188
190	189	156
190	223	256
190	223	224
191	190	189
191	190	223
191	158	125
191	158	159
192	191	190
192	191	158
192	225	258
192	225	226
193	192	191
193	192	225
193	160	127
193	160	161
194	193	192
194	193	160
194	227	260
194	227	228
195	194	193
195	194	227
195	162	129
195	162	163
196	195	194
196	195	162
196	229	262
196	229	230
197	196	195
197	196	229
197	164	131
198	165	132
198	199	200
198	199	232
199	200	201
199	232	231
199	200	167
199	232	265
200	167	166
200	167	134
200	201	202
200	201	234
201	202	203
201	234	233
201	202	169
201	234	267
202	169	168
202	169	136
202	203	204
202	203	236
203	204	205
203	236	235
203	204	171
203	236	269
204	171	170
204	171	138
204	205	206
204	205	238
205	206	207
205	238	237
205	206	173
205	238	271
206	173	172
206	173	140
206	207	208
206	207	240
207	208	209
207	240	239
207	208	175
207	240	273
208	175	174
208	175	142
208	209	210
208	209	242
209	210	211
209	242	241
209	210	177
209	242	275
210	177	176
210	177	144
210	211	212
210	211	244
211	212	213
211	244	243
211	212	179
211	244	277
212	179	178
212	179	146
212	213	214
212	213	246
213	214	215
213	246	245
213	214	181
213	246	279
214	181	180
214	181	148
214	215	216
214	215	248
215	216	217
215	248	247
215	216	183
215	248	281
216	183	182
216	183	150
216	217	218
216	217	250
217	218	219
217	250	249
217	218	185
217	250	283
218	185	184
218	185	152
218	219	220
218	219	252
219	220	221
219	252	251
219	220	187
219	252	285
220	187	186
220	187	154
220	221	222
220	221	254
221	222	223
221	254	253
221	222	189
221	254	287
222	189	188
222	189	156
222	223	224
222	223	256
223	224	225
223	256	255
223	224	191
223	256	289
224	191	190
224	191	158
224	225	226
224	225	258
225	226	227
225	258	257
225	226	193
225	258	291
226	193	192
226	193	160
226	227	228
226	227	260
227	228	229
227	260	259
227	228	195
227	260	293
228	195	194
228	195	162
228	229	230
228	229	262
229	262	261
229	230	197
229	262	295
230	197	196
230	197	164
231	198	165
231	198	199
232	231	198
232	265	298
232	265	266
233	232	231
233	232	265
233	200	167
233	200	201
234	233	232
234	233	200
234	267	300
234	267	268
235	234	233
235	234	267
235	202	169
235	202	203
236	235	234
236	235	202
236	269	302
236	269	270
237	236	235
237	236	269
237	204	171
237	204	205
238	237	236
238	237	204
238	271	304
238	271	272
239	238	237
239	238	271
239	206	173
239	206	207
240	239	238
240	239	206
240	273	306
240	273	274
241	240	239
241	240	273
241	208	175
241	208	209
242	241	240
242	241	208
242	275	308
242	275	276
243	242	241
243	242	275
243	210	177
243	210	211
244	243	242
244	243	210
244	277	310
244	277	278
245	244	243
245	244	277
245	212	179
245	212	213
246	245	244
246	245	212
246	279	312
246	279	280
247	246	245
247	246	279
247	214	181
247	214	215
248	247	246
248	247	214
248	281	314
248	281	282
249	248	247
249	248	281
249	216	183
249	216	217
250	249	248
250	249	216
250	283	316
250	283	284
251	250	249
251	250	283
251	218	185
251	218	219
252	251	250
252	251	218
252	285	318
252	285	286
253	252	251
253	252	285
253	220	187
253	220	221
254	253	252
254	253	220
254	287	320
254	287	288
255	254	253
255	254	287
255	222	189
255	222	223
256	255	254
256	255	222
256	289	322
256	289	290
257	256	255
257	256	289
257	224	191
257	224	225
258	257	256
258	257	224
258	291	324
258	291	292
259	258	257
259	258	291
259	226	193
259	226	227
260	259	258
260	259	226
260	293	326
260	293	294
261	260	259
261	260	293
261	228	195
261	228	229
262	261	260
262	261	228
262	295	328
262	295	296
263	262	261
263	262	295
263	230	197
264	231	198
264	265	266
264	265	298
265	266	267
265	298	297
265	266	233
265	298	331
266	233	232
266	233	200
266	267	268
266	267	300
267	268	269
267	300	299
267	268	235
267	300	333
268	235	234
268	235	202
268	269	270
268	269	302
269	270	271
269	302	301
269	270	237
269	302	335
270	237	236
270	237	204
270	271	272
270	271	304
271	272	273
271	304	303
271	272	239
271	304	337
272	239	238
272	239	206
272	273	274
272	273	306
273	274	275
273	306	305
273	274	241
273	306	339
274	241	240
274	241	208
274	275	276
274	275	308
275	276	277
275	308	307
275	276	243
275	308	341
276	243	242
276	243	210
276	277	278
276	277	310
277	278	279
277	310	309
277	278	245
277	310	343
278	245	244
278	245	212
278	279	280
278	279	312
279	280	281
279	312	311
279	280	247
279	312	345
280	247	246
280	247	214
280	281	282
280	281	314
281	282	283
281	314	313
281	282	249
281	314	347
282	249	248
282	249	216
282	283	284
282	283	316
283	284	285
283	316	315
283	284	251
283	316	349
284	251	250
284	251	218
284	285	286
284	285	318
285	286	287
285	318	317
285	286	253
285	318	351
286	253	252
286	253	220
286	287	288
286	287	320
287	288	289
287	320	319
287	288	255
287	320	353
288	255	254
288	255	222
288	289	290
288	289	322
289	290	291
289	322	321
289	290	257
289	322	355
290	257	256
290	257	224
290	291	292
290	291	324
291	292	293
291	324	323
291	292	259
291	324	357
292	259	258
292	259	226
292	293	294
292	293	326
293	294	295
293	326	325
293	294	261
293	326	359
294	261	260
294	261	228
294	295	296
294	295	328
295	328	327
295	296	263
295	328	361
296	263	262
296	263	230
297	264	231
297	264	265
298	297	264
298	331	364
298	331	332
299	298	297
299	298	331
299	266	233
299	266	267
300	299	298
300	299	266
300	333	366
300	333	334
301	300	299
301	300	333
301	268	235
301	268	269
302	301	300
302	301	268
302	335	368
302	335	336
303	302	301
303	302	335
303	270	237
303	270	271
304	303	302
304	303	270
304	337	370
304	337	338
305	304	303
305	304	337
305	272	239
305	272	273
306	305	304
306	305	272
306	339	372
306	339	340
307	306	305
307	306	339
307	274	241
307	274	275
308	307	306
308	307	274
308	341	374
308	341	342
309	308	307
309	308	341
309	276	243
309	276	277
310	309	308
310	309	276
310	343	376
310	343	344
311	310	309
311	310	343
311	278	245
311	278	279
312	311	310
312	311	278
312	345	378
312	345	346
313	312	311
313	312	345
313	280	247
313	280	281
314	313	312
314	313	280
314	347	380
314	347	348
315	314	313
315	314	347
315	282	249
315	282	283
316	315	314
316	315	282
316	349	382
316	349	350
317	316	315
317	316	349
317	284	251
317	284	285
318	317	316
318	317	284
318	351	384
318	351	352
319	318	317
319	318	351
319	286	253
319	286	287
320	319	318
320	319	286
320	353	386
320	353	354
321	320	319
321	320	353
321	288	255
321	288	289
322	321	320
322	321	288
322	355	388
322	355	356
323	322	321
323	322	355
323	290	257
323	290	291
324	323	322
324	323	290
324	357	390
324	357	358
325	324	323
325	324	357
325	292	259
325	292	293
326	325	324
326	325	292
326	359	392
326	359	360
327	326	325
327	326	359
327	294	261
327	294	295
328	327	326
328	327	294
328	361	394
328	361	362
329	328	327
329	328	361
329	296	263
330	297	264
330	331	332
330	331	364
331	332	333
331	364	363
331	332	299
331	364	397
332	299	298
332	299	266
332	333	334
332	333	366
333	334	335
333	366	365
333	334	301
333	366	399
334	301	300
334	301	268
334	335	336
334	335	368
335	336	337
335	368	367
335	336	303
335	368	401
336	303	302
336	303	270
336	337	338
336	337	370
337	338	339
337	370	369
337	338	305
337	370	403
338	305	304
338	305	272
338	339	340
338	339	372
339	340	341
339	372	371
339	340	307
339	372	405
340	307	306
340	307	274
340	341	342
340	341	374
341	342	343
341	374	373
341	342	309
341	374	407
342	309	308
342	309	276
342	343	344
342	343	376
343	344	345
343	376	375
343	344	311
343	376	409
344	311	310
344	311	278
344	345	346
344	345	378
345	346	347
345	378	377
345	346	313
345	378	411
346	313	312
346	313	280
346	347	348
346	347	380
347	348	349
347	380	379
347	348	315
347	380	413
348	315	314
348	315	282
348	349	350
348	349	382
349	350	351
349	382	381
349	350	317
349	382	415
350	317	316
350	317	284
350	351	352
350	351	384
351	352	353
351	384	383
351	352	319
351	384	417
352	319	318
352	319	286
352	353	354
352	353	386
353	354	355
353	386	385
353	354	321
353	386	419
354	321	320
354	321	288
354	355	356
354	355	388
355	356	357
355	388	387
355	356	323
355	388	421
356	323	322
356	323	290
356	357	358
356	357	390
357	358	359
357	390	389
357	358	325
357	390	423
358	325	324
358	325	292
358	359	360
358	359	392
359	360	361
359	392	391
359	360	327
359	392	425
360	327	326
360	327	294
360	361	362
360	361	394
361	394	393
361	362	329
361	394	427
362	329	328
362	329	296
363	330	297
363	330	331
364	363	330
364	397	430
364	397	398
365	364	363
365	364	397
365	332	299
365	332	333
366	365	364
366	365	332
366	399	432
366	399	400
367	366	365
367	366	399
367	334	301
367	334	335
368	367	366
368	367	334
368	401	434
368	401	402
369	368	367
369	368	401
369	336	303
369	336	337
370	369	368
370	369	336
370	403	436
370	403	404
371	370	369
371	370	403
371	338	305
371	338	339
372	371	370
372	371	338
372	405	438
372	405	406
373	372	371
373	372	405
373	340	307
373	340	341
374	373	372
374	373	340
374	407	440
374	407	408
375	374	373
375	374	407
375	342	309
375	342	343
376	375	374
376	375	342
376	409	442
376	409	410
377	376	375
377	376	409
377	344	311
377	344	345
378	377	376
378	377	344
378	411	444
378	411	412
379	378	377
379	378	411
379	346	313
379	346	347
380	379	378
380	379	346
380	413	446
380	413	414
381	380	379
381	380	413
381	348	315
381	348	349
382	381	380
382	381	348
382	415	448
382	415	416
383	382	381
383	382	415
383	350	317
383	350	351
384	383	382
384	383	350
384	417	450
384	417	418
385	384	383
385	384	417
385	352	319
385	352	353
386	385	384
386	385	352
386	419	452
386	419	420
387	386	385
387	386	419
387	354	321
387	354	355
388	387	386
388	387	354
388	421	454
388	421	422
389	388	387
389	388	421
389	356	323
389	356	357
390	389	388
390	389	356
390	423	456
390	423	424
391	390	389
391	390	423
391	358	325
391	358	359
392	391	390
392	391	358
392	425	458
392	425	426
393	392	391
393	392	425
393	360	327
393	360	361
394	393	392
394	393	360
394	427	460
394	427	428
395	394	393
395	394	427
395	362	329
396	363	330
396	397	398
396	397	430
397	398	399
397	430	429
397	398	365
397	430	463
398	365	364
398	365	332
398	399	400
398	399	432
399	400	401
399	432	431
399	400	367
399	432	465
400	367	366
400	367	334
400	401	402
400	401	434
401	402	403
401	434	433
401	402	369
401	434	467
402	369	368
402	369	336
402	403	404
402	403	436
403	404	405
403	436	435
403	404	371
403	436	469
404	371	370
404	371	338
404	405	406
404	405	438
405	406	407
405	438	437
405	406	373
405	438	471
406	373	372
406	373	340
406	407	408
406	407	440
407	408	409
407	440	439
407	408	375
407	440	473
408	375	374
408	375	342
408	409	410
408	409	442
409	410	411
409	442	441
409	410	377
409	442	475
410	377	376
410	377	344
410	411	412
410	411	444
411	412	413
411	444	443
411	412	379
411	444	477
412	379	378
412	379	346
412	413	414
412	413	446
413	414	415
413	446	445
413	414	381
413	446	479
414	381	380
414	381	348
414	415	416
414	415	448
415	416	417
415	448	447
415	416	383
415	448	481
416	383	382
416	383	350
416	417	418
416	417	450
417	418	419
417	450	449
417	418	385
417	450	483
418	385	384
418	385	352
418	419	420
418	419	452
419	420	421
419	452	451
419	420	387
419	452	485
420	387	386
420	387	354
420	421	422
420	421	454
421	422	423
421	454	453
421	422	389
421	454	487
422	389	388
422	389	356
422	423	424
422	423	456
423	424	425
423	456	455
423	424	391
423	456	489
424	391	390
424	391	358
424	425	426
424	425	458
425	426	427
425	458	457
425	426	393
425	458	491
426	393	392
426	393	360
426	427	428
426	427	460
427	460	459
427	428	395
427	460	493
428	395	394
428	395	362
429	396	363
429	396	397
430	429	396
430	463	496
430	463	464
431	430	429
431	430	463
431	398	365
431	398	399
432	431	430
432	431	398
432	465	498
432	465	466
433	432	431
433	432	465
433	400	367
433	400	401
434	433	432
434	433	400
434	467	500
434	467	468
435	434	433
435	434	467
435	402	369
435	402	403
436	435	434
436	435	402
436	469	502
436	469	470
437	436	435
437	436	469
437	404	371
437	404	405
438	437	436
438	437	404
438	471	504
438	471	472
439	438	437
439	438	471
439	406	373
439	406	407
440	439	438
440	439	406
440	473	506
440	473	474
441	440	439
441	440	473
441	408	375
441	408	409
442	441	440
442	441	408
442	475	508
442	475	476
443	442	441
443	442	475
443	410	377
443	410	411
444	443	442
444	443	410
444	477	510
444	477	478
445	444	443
445	444	477
445	412	379
445	412	413
446	445	444
446	445	412
446	479	512
446	479	480
447	446	445
447	446	479
447	414	381
447	414	415
448	447	446
448	447	414
448	481	514
448	481	482
449	448	447
449	448	481
449	416	383
449	416	417
450	449	448
450	449	416
450	483	516
450	483	484
451	450	449
451	450	483
451	418	385
451	418	419
452	451	450
452	451	418
452	485	518
452	485	486
453	452	451
453	452	485
453	420	387
453	420	421
454	453	452
454	453	420
454	487	520
454	487	488
455	454	453
455	454	487
455	422	389
455	422	423
456	455	454
456	455	422
456	489	522
456	489	490
457	456	455
457	456	489
457	424	391
457	424	425
458	457	456
458	457	424
458	491	524
458	491	492
459	458	457
459	458	491
459	426	393
459	426	427
460	459	458
460	459	426
460	493	526
460	493	494
461	460	459
461	460	493
461	428	395
462	429	396
462	463	464
462	463	496
463	464	465
463	496	495
463	464	431
463	496	529
464	431	430
464	431	398
464	465	466
464	465	498
465	466	467
465	498	497
465	466	433
465	498	531
466	433	432
466	433	400
466	467	468
466	467	500
467	468	469
467	500	499
467	468	435
467	500	533
468	435	434
468	435	402
468	469	470
468	469	502
469	470	471
469	502	501
469	470	437
469	502	535
470	437	436
470	437	404
470	471	472
470	471	504
471	472	473
471	504	503
471	472	439
471	504	537
472	439	438
472	439	406
472	473	474
472	473	506
473	474	475
473	506	505
473	474	441
473	506	539
474	441	440
474	441	408
474	475	476
474	475	508
475	476	477
475	508	507
475	476	443
475	508	541
476	443	442
476	443	410
476	477	478
476	477	510
477	478	479
477	510	509
477	478	445
477	510	543
478	445	444
478	445	412
478	479	480
478	479	512
479	480	481
479	512	511
479	480	447
479	512	545
480	447	446
480	447	414
480	481	482
480	481	514
481	482	483
481	514	513
481	482	449
481	514	547
482	449	448
482	449	416
482	483	484
482	483	516
483	484	485
483	516	515
483	484	451
483	516	549
484	451	450
484	451	418
484	485	486
484	485	518
485	486	487
485	518	517
485	486	453
485	518	551
486	453	452
486	453	420
486	487	488
486	487	520
487	488	489
487	520	519
487	488	455
487	520	553
488	455	454
488	455	422
488	489	490
488	489	522
489	490	491
489	522	521
489	490	457
489	522	555
490	457	456
490	457	424
490	491	492
490	491	524
491	492	493
491	524	523
491	492	459
491	524	557
492	459	458
492	459	426
492	493	494
492	493	526
493	526	525
493	494	461
493	526	559
494	461	460
494	461	428
495	462	429
495	462	463
496	495	462
496	529	562
496	529	530
497	496	495
497	496	529
497	464	431
497	464	465
498	497	496
498	497	464
498	531	564
498	531	532
499	498	497
499	498	531
499	466	433
499	466	467
500	499	498
500	499	466
500	533	566
500	533	534
501	500	499
501	500	533
501	468	435
501	468	469
502	501	500
502	501	468
502	535	568
502	535	536
503	502	501
503	502	535
503	470	437
503	470	471
504	503	502
504	503	470
504	537	570
504	537	538
505	504	503
505	504	537
505	472	439
505	472	473
506	505	504
506	505	472
506	539	572
506	539	540
507	506	505
507	506	539
507	474	441
507	474	475
508	507	506
508	507	474
508	541	574
508	541	542
509	508	507
509	508	541
509	476	443
509	476	477
510	509	508
510	509	476
510	543	576
510	543	544
511	510	509
511	510	543
511	478	445
511	478	479
512	511	510
512	511	478
512	545	578
512	545	546
513	512	511
513	512	545
513	480	447
513	480	481
514	513	512
514	513	480
514	547	580
514	547	548
515	514	513
515	514	547
515	482	449
515	482	483
516	515	514
516	515	482
516	549	582
516	549	550
517	516	515
517	516	549
517	484	451
517	484	485
518	517	516
518	517	484
518	551	584
518	551	552
519	518	517
519	518	551
519	486	453
519	486	487
520	519	518
520	519	486
520	553	586
520	553	554
521	520	519
521	520	553
521	488	455
521	488	489
522	521	520
522	521	488
522	555	588
522	555	556
523	522	521
523	522	555
523	490	457
523	490	491
524	523	522
524	523	490
524	557	590
524	557	558
525	524	523
525	524	557
525	492	459
525	492	493
526	525	524
526	525	492
526	559	592
526	559	560
527	526	525
527	526	559
527	494	461
528	495	462
528	529	530
528	529	562
529	530	531
529	562	561
529	530	497
529	562	595
530	497	496
530	497	464
530	531	532
530	531	564
531	532	533
531	564	563
531	532	499
531	564	597
532	499	498
532	499	466
532	533	534
532	533	566
533	534	535
533	566	565
533	534	501
533	566	599
534	501	500
534	501	468
534	535	536
534	535	568
535	536	537
535	568	567
535	536	503
535	568	601
536	503	502
536	503	470
536	537	538
536	537	570
537	538	539
537	570	569
537	538	505
537	570	603
538	505	504
538	505	472
538	539	540
538	539	572
539	540	541
539	572	571
539	540	507
539	572	605
540	507	506
540	507	474
540	541	542
540	541	574
541	542	543
541	574	573
541	542	509
541	574	607
542	509	508
542	509	476
542	543	544
542	543	576
543	544	545
543	576	575
543	544	511
543	576	609
544	511	510
544	511	478
544	545	546
544	545	578
545	546	547
545	578	577
545	546	513
545	578	611
546	513	512
546	513	480
546	547	548
546	547	580
547	548	549
547	580	579
547	548	515
547	580	613
548	515	514
548	515	482
548	549	550
548	549	582
549	550	551
549	582	581
549	550	517
549	582	615
550	517	516
550	517	484
550	551	552
550	551	584
551	552	553
551	584	583
551	552	519
551	584	617
552	519	518
552	519	486
552	553	554
552	553	586
553	554	555
553	586	585
553	554	521
553	586	619
554	521	520
554	521	488
554	555	556
554	555	588
555	556	557
555	588	587
555	556	523
555	588	621
556	523	522
556	523	490
556	557	558
556	557	590
557	558	559
557	590	589
557	558	525
557	590	623
558	525	524
558	525	492
558	559	560
558	559	592
559	592	591
559	560	527
559	592	625
560	527	526
560	527	494
561	528	495
561	528	529
562	561	528
562	595	628
562	595	596
563	562	561
563	562	595
563	530	497
563	530	531
564	563	562
564	563	530
564	597	630
564	597	598
565	564	563
565	564	597
565	532	499
565	532	533
566	565	564
566	565	532
566	599	632
566	599	600
567	566	565
567	566	599
567	534	501
567	534	535
568	567	566
568	567	534
568	601	634
568	601	602
569	568	567
569	568	601
569	536	503
569	536	537
570	569	568
570	569	536
570	603	636
570	603	604
571	570	569
571	570	603
571	538	505
571	538	539
572	571	570
572	571	538
572	605	638
572	605	606
573	572	571
573	572	605
573	540	507
573	540	541
574	573	572
574	573	540
574	607	640
574	607	608
575	574	573
575	574	607
575	542	509
575	542	543
576	575	574
576	575	542
576	609	642
576	609	610
577	576	575
577	576	609
577	544	511
577	544	545
578	577	576
578	577	544
578	611	644
578	611	612
579	578	577
579	578	611
579	546	513
579	546	547
580	579	578
580	579	546
580	613	646
580	613	614
581	580	579
581	580	613
581	548	515
581	548	549
582	581	580
582	581	548
582	615	648
582	615	616
583	582	581
583	582	615
583	550	517
583	550	551
584	583	582
584	583	550
584	617	650
584	617	618
585	584	583
585	584	617
585	552	519
585	552	553
586	585	584
586	585	552
586	619	652
586	619	620
587	586	585
587	586	619
587	554	521
587	554	555
588	587	586
588	587	554
588	621	654
588	621	622
589	588	587
589	588	621
589	556	523
589	556	557
590	589	588
590	589	556
590	623	656
590	623	624
591	590	589
591	590	623
591	558	525
591	558	559
592	591	590
592	591	558
592	625	658
592	625	626
593	592	591
593	592	625
593	560	527
594	561	528
594	595	596
594	595	628
595	596	597
595	628	627
595	596	563
595	628	661
596	563	562
596	563	530
596	597	598
596	597	630
597	598	599
597	630	629
597	598	565
597	630	663
598	565	564
598	565	532
598	599	600
598	599	632
599	600	601
599	632	631
599	600	567
599	632	665
600	567	566
600	567	534
600	601	602
600	601	634
601	602	603
601	634	633
601	602	569
601	634	667
602	569	568
602	569	536
602	603	604
602	603	636
603	604	605
603	636	635
603	604	571
603	636	669
604	571	570
604	571	538
604	605	606
604	605	638
605	606	607
605	638	637
605	606	573
605	638	671
606	573	572
606	573	540
606	607	608
606	607	640
607	608	609
607	640	639
607	608	575
607	640	673
608	575	574
608	575	542
608	609	610
608	609	642
609	610	611
609	642	641
609	610	577
609	642	675
610	577	576
610	577	544
610	611	612
610	611	644
611	612	613
611	644	643
611	612	579
611	644	677
612	579	578
612	579	546
612	613	614
612	613	646
613	614	615
613	646	645
613	614	581
613	646	679
614	581	580
614	581	548
614	615	616
614	615	648
615	616	617
615	648	647
615	616	583
615	648	681
616	583	582
616	583	550
616	617	618
616	617	650
617	618	619
617	650	649
617	618	585
617	650	683
618	585	584
618	585	552
618	619	620
618	619	652
619	620	621
619	652	651
619	620	587
619	652	685
620	587	586
620	587	554
620	621	622
620	621	654
621	622	623
621	654	653
621	622	589
621	654	687
622	589	588
622	589	556
622	623	624
622	623	656
623	624	625
623	656	655
623	624	591
623	656	689
624	591	590
624	591	558
624	625	626
624	625	658
625	658	657
625	626	593
625	658	691
626	593	592
626	593	560
627	594	561
627	594	595
628	627	594
628	661	694
628	661	662
629	628	627
629	628	661
629	596	563
629	596	597
630	629	628
630	629	596
630	663	696
630	663	664
631	630	629
631	630	663
631	598	565
631	598	599
632	631	630
632	631	598
632	665	698
632	665	666
633	632	631
633	632	665
633	600	567
633	600	601
634	633	632
634	633	600
634	667	700
634	667	668
635	634	633
635	634	667
635	602	569
635	602	603
636	635	634
636	635	602
636	669	702
636	669	670
637	636	635
637	636	669
637	604	571
637	604	605
638	637	636
638	637	604
638	671	704
638	671	672
639	638	637
639	638	671
639	606	573
639	606	607
640	639	638
640	639	606
640	673	706
640	673	674
641	640	639
641	640	673
641	608	575
641	608	609
642	641	640
642	641	608
642	675	708
642	675	676
643	642	641
643	642	675
643	610	577
643	610	611
644	643	642
644	643	610
644	677	710
644	677	678
645	644	643
645	644	677
645	612	579
645	612	613
646	645	644
646	645	612
646	679	712
646	679	680
647	646	645
647	646	679
647	614	581
647	614	615
648	647	646
648	647	614
648	681	714
648	681	682
649	648	647
649	648	681
649	616	583
649	616	617
650	649	648
650	649	616
650	683	716
650	683	684
651	650	649
651	650	683
651	618	585
651	618	619
652	651	650
652	651	618
652	685	718
652	685	686
653	652	651
653	652	685
653	620	587
653	620	621
654	653	652
654	653	620
654	687	720
654	687	688
655	654	653
655	654	687
655	622	589
655	622	623
656	655	654
656	655	622
656	689	722
656	689	690
657	656	655
657	656	689
657	624	591
657	624	625
658	657	656
658	657	624
658	691	724
658	691	692
659	658	657
659	658	691
659	626	593
660	627	594
660	661	662
660	661	694
661	662	663
661	694	693
661	662	629
661	694	727
662	629	628
662	629	596
662	663	664
662	663	696
663	664	665
663	696	695
663	664	631
663	696	729
664	631	630
664	631	598
664	665	666
664	665	698
665	666	667
665	698	697
665	666	633
665	698	731
666	633	632
666	633	600
666	667	668
666	667	700
667	668	669
667	700	699
667	668	635
667	700	733
668	635	634
668	635	602
668	669	670
668	669	702
669	670	671
669	702	701
669	670	637
669	702	735
670	637	636
670	637	604
670	671	672
670	671	704
671	672	673
671	704	703
671	672	639
671	704	737
672	639	638
672	639	606
672	673	674
672	673	706
673	674	675
673	706	705
673	674	641
673	706	739
674	641	640
674	641	608
674	675	676
674	675	708
675	676	677
675	708	707
675	676	643
675	708	741
676	643	642
676	643	610
676	677	678
676	677	710
677	678	679
677	710	709
677	678	645
677	710	743
678	645	644
678	645	612
678	679	680
678	679	712
679	680	681
679	712	711
679	680	647
679	712	745
680	647	646
680	647	614
680	681	682
680	681	714
681	682	683
681	714	713
681	682	649
681	714	747
682	649	648
682	649	616
682	683	684
682	683	716
683	684	685
683	716	715
683	684	651
683	716	749
684	651	650
684	651	618
684	685	686
684	685	718
685	686	687
685	718	717
685	686	653
685	718	751
686	653	652
686	653	620
686	687	688
686	687	720
687	688	689
687	720	719
687	688	655
687	720	753
688	655	654
688	655	622
688	689	690
688	689	722
689	690	691
689	722	721
689	690	657
689	722	755
690	657	656
690	657	624
690	691	692
690	691	724
691	724	723
691	692	659
691	724	757
692	659	658
692	659	626
693	660	627
693	660	661
694	693	660
694	727	760
694	727	728
695	694	693
695	694	727
695	662	629
695	662	663
696	695	694
696	695	662
696	729	762
696	729	730
697	696	695
697	696	729
697	664	631
697	664	665
698	697	696
698	697	664
698	731	764
698	731	732
699	698	697
699	698	731
699	666	633
699	666	667
700	699	698
700	699	666
700	733	766
700	733	734
701	700	699
701	700	733
701	668	635
701	668	669
702	701	700
702	701	668
702	735	768
702	735	736
703	702	701
703	702	735
703	670	637
703	670	671
704	703	702
704	703	670
704	737	770
704	737	738
705	704	703
705	704	737
705	672	639
705	672	673
706	705	704
706	705	672
706	739	772
706	739	740
707	706	705
707	706	739
707	674	641
707	674	675
708	707	706
708	707	674
708	741	774
708	741	742
709	708	707
709	708	741
709	676	643
709	676	677
710	709	708
710	709	676
710	743	776
710	743	744
711	710	709
711	710	743
711	678	645
711	678	679
712	711	710
712	711	678
712	745	778
712	745	746
713	712	711
713	712	745
713	680	647
713	680	681
714	713	712
714	713	680
714	747	780
714	747	748
715	714	713
715	714	747
715	682	649
715	682	683
716	715	714
716	715	682
716	749	782
716	749	750
717	716	715
717	716	749
717	684	651
717	684	685
718	717	716
718	717	684
718	751	784
718	751	752
719	718	717
719	718	751
719	686	653
719	686	687
720	719	718
720	719	686
720	753	786
720	753	754
721	720	719
721	720	753
721	688	655
721	688	689
722	721	720
722	721	688
722	755	788
722	755	756
723	722	721
723	722	755
723	690	657
723	690	691
724	723	722
724	723	690
724	757	790
724	757	758
725	724	723
725	724	757
725	692	659
726	693	660
726	727	728
726	727	760
727	728	729
727	760	759
727	728	695
727	760	793
728	695	694
728	695	662
728	729	730
728	729	762
729	730	731
729	762	761
729	730	697
729	762	795
730	697	696
730	697	664
730	731	732
730	731	764
731	732	733
731	764	763
731	732	699
731	764	797
732	699	698
732	699	666
732	733	734
732	733	766
733	734	735
733	766	765
733	734	701
733	766	799
734	701	700
734	701	668
734	735	736
734	735	768
735	736	737
735	768	767
735	736	703
735	768	801
736	703	702
736	703	670
736	737	738
736	737	770
737	738	739
737	770	769
737	738	705
737	770	803
738	705	704
738	705	672
738	739	740
738	739	772
739	740	741
739	772	771
739	740	707
739	772	805
740	707	706
740	707	674
740	741	742
740	741	774
741	742	743
741	774	773
741	742	709
741	774	807
742	709	708
742	709	676
742	743	744
742	743	776
743	744	745
743	776	775
743	744	711
743	776	809
744	711	710
744	711	678
744	745	746
744	745	778
745	746	747
745	778	777
745	746	713
745	778	811
746	713	712
746	713	680
746	747	748
746	747	780
747	748	749
747	780	779
747	748	715
747	780	813
748	715	714
748	715	682
748	749	750
748	749	782
749	750	751
749	782	781
749	750	717
749	782	815
750	717	716
750	717	684
750	751	752
750	751	784
751	752	753
751	784	783
751	752	719
751	784	817
752	719	718
752	719	686
752	753	754
752	753	786
753	754	755
753	786	785
753	754	721
753	786	819
754	721	720
754	721	688
754	755	756
754	755	788
755	756	757
755	788	787
755	756	723
755	788	821
756	723	722
756	723	690
756	757	758
756	757	790
757	790	789
757	758	725
757	790	823
758	725	724
758	725	692
759	726	693
759	726	727
760	759	726
760	793	826
760	793	794
761	760	759
761	760	793
761	728	695
761	728	729
762	761	760
762	761	728
762	795	828
762	795	796
763	762	761
763	762	795
763	730	697
763	730	731
764	763	762
764	763	730
764	797	830
764	797	798
765	764	763
765	764	797
765	732	699
765	732	733
766	765	764
766	765	732
766	799	832
766	799	800
767	766	765
767	766	799
767	734	701
767	734	735
768	767	766
768	767	734
768	801	834
768	801	802
769	768	767
769	768	801
769	736	703
769	736	737
770	769	768
770	769	736
770	803	836
770	803	804
771	770	769
771	770	803
771	738	705
771	738	739
772	771	770
772	771	738
772	805	838
772	805	806
773	772	771
773	772	805
773	740	707
773	740	741
774	773	772
774	773	740
774	807	840
774	807	808
775	774	773
775	774	807
775	742	709
775	742	743
776	775	774
776	775	742
776	809	842
776	809	810
777	776	775
777	776	809
777	744	711
777	744	745
778	777	776
778	777	744
778	811	844
778	811	812
779	778	777
779	778	811
779	746	713
779	746	747
780	779	778
780	779	746
780	813	846
780	813	814
781	780	779
781	780	813
781	748	715
781	748	749
782	781	780
782	781	748
782	815	848
782	815	816
783	782	781
783	782	815
783	750	717
783	750	751
784	783	782
784	783	750
784	817	850
784	817	818
785	784	783
785	784	817
785	752	719
785	752	753
786	785	784
786	785	752
786	819	852
786	819	820
787	786	785
787	786	819
787	754	721
787	754	755
788	787	786
788	787	754
788	821	854
788	821	822
789	788	787
789	788	821
789	756	723
789	756	757
790	789	788
790	789	756
790	823	856
790	823	824
791	790	789
791	790	823
791	758	725
792	759	726
792	793	794
792	793	826
793	794	795
793	826	825
793	794	761
793	826	859
794	761	760
794	761	728
794	795	796
794	795	828
795	796	797
795	828	827
795	796	763
795	828	861
796	763	762
796	763	730
796	797	798
796	797	830
797	798	799
797	830	829
797	798	765
797	830	863
798	765	764
798	765	732
798	799	800
798	799	832
799	800	801
799	832	831
799	800	767
799	832	865
800	767	766
800	767	734
800	801	802
800	801	834
801	802	803
801	834	833
801	802	769
801	834	867
802	769	768
802	769	736
802	803	804
802	803	836
803	804	805
803	836	835
803	804	771
803	836	869
804	771	770
804	771	738
804	805	806
804	805	838
805	806	807
805	838	837
805	806	773
805	838	871
806	773	772
806	773	740
806	807	808
806	807	840
807	808	809
807	840	839
807	808	775
807	840	873
808	775	774
808	775	742
808	809	810
808	809	842
809	810	811
809	842	841
809	810	777
809	842	875
810	777	776
810	777	744
810	811	812
810	811	844
811	812	813
811	844	843
811	812	779
811	844	877
812	779	778
812	779	746
812	813	814
812	813	846
813	814	815
813	846	845
813	814	781
813	846	879
814	781	780
814	781	748
814	815	816
814	815	848
815	816	817
815	848	847
815	816	783
815	848	881
816	783	782
816	783	750
816	817	818
816	817	850
817	818	819
817	850	849
817	818	785
817	850	883
818	785	784
818	785	752
818	819	820
818	819	852
819	820	821
819	852	851
819	820	787
819	852	885
820	787	786
820	787	754
820	821	822
820	821	854
821	822	823
821	854	853
821	822	789
821	854	887
822	789	788
822	789	756
822	823	824
822	823	856
823	856	855
823	824	791
823	856	889
824	791	790
824	791	758
825	792	759
825	792	793
826	825	792
826	859	892
826	859	860
827	826	825
827	826	859
827	794	761
827	794	795
828	827	826
828	827	794
828	861	894
828	861	862
829	828	827
829	828	861
829	796	763
829	796	797
830	829	828
830	829	796
830	863	896
830	863	864
831	830	829
831	830	863
831	798	765
831	798	799
832	831	830
832	831	798
832	865	898
832	865	866
833	832	831
833	832	865
833	800	767
833	800	801
834	833	832
834	833	800
834	867	900
834	867	868
835	834	833
835	834	867
835	802	769
835	802	803
836	835	834
836	835	802
836	869	902
836	869	870
837	836	835
837	836	869
837	804	771
837	804	805
838	837	836
838	837	804
838	871	904
838	871	872
839	838	837
839	838	871
839	806	773
839	806	807
840	839	838
840	839	806
840	873	906
840	873	874
841	840	839
841	840	873
841	808	775
841	808	809
842	841	840
842	841	808
842	875	908
842	875	876
843	842	841
843	842	875
843	810	777
843	810	811
844	843	842
844	843	810
844	877	910
844	877	878
845	844	843
845	844	877
845	812	779
845	812	813
846	845	844
846	845	812
846	879	912
846	879	880
847	846	845
847	846	879
847	814	781
847	814	815
848	847	846
848	847	814
848	881	914
848	881	882
849	848	847
849	848	881
849	816	783
849	816	817
850	849	848
850	849	816
850	883	916
850	883	884
851	850	849
851	850	883
851	818	785
851	818	819
852	851	850
852	851	818
852	885	918
852	885	886
853	852	851
853	852	885
853	820	787
853	820	821
854	853	852
854	853	820
854	887	920
854	887	888
855	854	853
855	854	887
855	822	789
855	822	823
856	855	854
856	855	822
856	889	922
856	889	890
857	856	855
857	856	889
857	824	791
858	825	792
858	859	860
858	859	892
859	860	861
859	892	891
859	860	827
859	892	925
860	827	826
860	827	794
860	861	862
860	861	894
861	862	863
861	894	893
861	862	829
861	894	927
862	829	828
862	829	796
862	863	864
862	863	896
863	864	865
863	896	895
863	864	831
863	896	929
864	831	830
864	831	798
864	865	866
864	865	898
865	866	867
865	898	897
865	866	833
865	898	931
866	833	832
866	833	800
866	867	868
866	867	900
867	868	869
867	900	899
867	868	835
867	900	933
868	835	834
868	835	802
868	869	870
868	869	902
869	870	871
869	902	901
869	870	837
869	902	935
870	837	836
870	837	804
870	871	872
870	871	904
871	872	873
871	904	903
871	872	839
871	904	937
872	839	838
872	839	806
872	873	874
872	873	906
873	874	875
873	906	905
873	874	841
873	906	939
874	841	840
874	841	808
874	875	876
874	875	908
875	876	877
875	908	907
875	876	843
875	908	941
876	843	842
876	843	810
876	877	878
876	877	910
877	878	879
877	910	909
877	878	845
877	910	943
878	845	844
878	845	812
878	879	880
878	879	912
879	880	881
879	912	911
879	880	847
879	912	945
880	847	846
880	847	814
880	881	882
880	881	914
881	882	883
881	914	913
881	882	849
881	914	947
882	849	848
882	849	816
882	883	884
882	883	916
883	884	885
883	916	915
883	884	851
883	916	949
884	851	850
884	851	818
884	885	886
884	885	918
885	886	887
885	918	917
885	886	853
885	918	951
886	853	852
886	853	820
886	887	888
886	887	920
887	888	889
887	920	919
887	888	855
887	920	953
888	855	854
888	855	822
888	889	890
888	889	922
889	922	921
889	890	857
889	922	955
890	857	856
890	857	824
891	858	825
891	858	859
892	891	858
892	925	958
892	925	926
893	892	891
893	892	925
893	860	827
893	860	861
894	893	892
894	893	860
894	927	960
894	927	928
895	894	893
895	894	927
895	862	829
895	862	863
896	895	894
896	895	862
896	929	962
896	929	930
897	896	895
897	896	929
897	864	831
897	864	865
898	897	896
898	897	864
898	931	964
898	931	932
899	898	897
899	898	931
899	866	833
899	866	867
900	899	898
900	899	866
900	933	966
900	933	934
901	900	899
901	900	933
901	868	835
901	868	869
902	901	900
902	901	868
902	935	968
902	935	936
903	902	901
903	902	935
903	870	837
903	870	871
904	903	902
904	903	870
904	937	970
904	937	938
905	904	903
905	904	937
905	872	839
905	872	873
906	905	904
906	905	872
906	939	972
906	939	940
907	906	905
907	906	939
907	874	841
907	874	875
908	907	906
908	907	874
908	941	974
908	941	942
909	908	907
909	908	941
909	876	843
909	876	877
910	909	908
910	909	876
910	943	976
910	943	944
911	910	909
911	910	943
911	878	845
911	878	879
912	911	910
912	911	878
912	945	978
912	945	946
913	912	911
913	912	945
913	880	847
913	880	881
914	913	912
914	913	880
914	947	980
914	947	948
915	914	913
915	914	947
915	882	849
915	882	883
916	915	914
916	915	882
916	949	982
916	949	950
917	916	915
917	916	949
917	884	851
917	884	885
918	917	916
918	917	884
918	951	984
918	951	952
919	918	917
919	918	951
919	886	853
919	886	887
920	919	918
920	919	886
920	953	986
920	953	954
921	920	919
921	920	953
921	888	855
921	888	889
922	921	920
922	921	888
922	955	988
922	955	956
923	922	921
923	922	955
923	890	857
924	891	858
924	925	926
924	925	958
925	926	927
925	958	957
925	926	893
925	958	991
926	893	892
926	893	860
926	927	928
926	927	960
927	928	929
927	960	959
927	928	895
927	960	993
928	895	894
928	895	862
928	929	930
928	929	962
929	930	931
929	962	961
929	930	897
929	962	995
930	897	896
930	897	864
930	931	932
930	931	964
931	932	933
931	964	963
931	932	899
931	964	997
932	899	898
932	899	866
932	933	934
932	933	966
933	934	935
933	966	965
933	934	901
933	966	999
934	901	900
934	901	868
934	935	936
934	935	968
935	936	937
935	968	967
935	936	903
935	968	1001
936	903	902
936	903	870
936	937	938
936	937	970
937	938	939
937	970	969
937	938	905
937	970	1003
938	905	904
938	905	872
938	939	940
938	939	972
939	940	941
939	972	971
939	940	907
939	972	1005
940	907	906
940	907	874
940	941	942
940	941	974
941	942	943
941	974	973
941	942	909
941	974	1007
942	909	908
942	909	876
942	943	944
942	943	976
943	944	945
943	976	975
943	944	911
943	976	1009
944	911	910
944	911	878
944	945	946
944	945	978
945	946	947
945	978	977
945	946	913
945	978	1011
946	913	912
946	913	880
946	947	948
946	947	980
947	948	949
947	980	979
947	948	915
947	980	1013
948	915	914
948	915	882
948	949	950
948	949	982
949	950	951
949	982	981
949	950	917
949	982	1015
950	917	916
950	917	884
950	951	952
950	951	984
951	952	953
951	984	983
951	952	919
951	984	1017
952	919	918
952	919	886
952	953	954
952	953	986
953	954	955
953	986	985
953	954	921
953	986	1019
954	921	920
954	921	888
954	955	956
954	955	988
955	988	987
955	956	923
955	988	1021
956	923	922
956	923	890
957	924	891
957	924	925
958	957	924
958	991	1024
958	991	992
959	958	957
959	958	991
959	926	893
959	926	927
960	959	958
960	959	926
960	993	1026
960	993	994
961	960	959
961	960	993
961	928	895
961	928	929
962	961	960
962	961	928
962	995	1028
962	995	996
963	962	961
963	962	995
963	930	897
963	930	931
964	963	962
964	963	930
964	997	1030
964	997	998
965	964	963
965	964	997
965	932	899
965	932	933
966	965	964
966	965	932
966	999	1032
966	999	1000
967	966	965
967	966	999
967	934	901
967	934	935
968	967	966
968	967	934
968	1001	1034
968	1001	1002
969	968	967
969	968	1001
969	936	903
969	936	937
970	969	968
970	969	936
970	1003	1036
970	1003	1004
971	970	969
971	970	1003
971	938	905
971	938	939
972	971	970
972	971	938
972	1005	1038
972	1005	1006
973	972	971
973	972	1005
973	940	907
973	940	941
974	973	972
974	973	940
974	1007	1040
974	1007	1008
975	974	973
975	974	1007
975	942	909
975	942	943
976	975	974
976	975	942
976	1009	1042
976	1009	1010
977	976	975
977	976	1009
977	944	911
977	944	945
978	977	976
978	977	944
978	1011	1044
978	1011	1012
979	978	977
979	978	1011
979	946	913
979	946	947
980	979	978
980	979	946
980	1013	1046
980	1013	1014
981	980	979
981	980	1013
981	948	915
981	948	949
982	981	980
982	981	948
982	1015	1048
982	1015	1016
983	982	981
983	982	1015
983	950	917
983	950	951
984	983	982
984	983	950
984	1017	1050
984	1017	1018
985	984	983
985	984	1017
985	952	919
985	952	953
986	985	984
986	985	952
986	1019	1052
986	1019	1020
987	986	985
987	986	1019
987	954	921
987	954	955
988	987	986
988	987	954
988	1021	1054
988	1021	1022
989	988	987
989	988	1021
989	956	923
990	957	924
990	991	992
990	991	1024
991	992	993
991	1024	1023
991	992	959
991	1024	1057
992	959	958
992	959	926
992	993	994
992	993	1026
993	994	995
993	1026	1025
993	994	961
993	1026	1059
994	961	960
994	961	928
994	995	996
994	995	1028
995	996	997
995	1028	1027
995	996	963
995	1028	1061
996	963	962
996	963	930
996	997	998
996	997	1030
997	998	999
997	1030	1029
997	998	965
997	1030	1063
998	965	964
998	965	932
998	999	1000
998	999	1032
999	1000	1001
999	1032	1031
999	1000	967
999	1032	1065
1000	967	966
1000	967	934
1000	1001	1002
1000	1001	1034
1001	1002	1003
1001	1034	1033
1001	1002	969
1001	1034	1067
1002	969	968
1002	969	936
1002	1003	1004
1002	1003	1036
1003	1004	1005
1003	1036	1035
1003	1004	971
1003	1036	1069
1004	971	970
1004	971	938
1004	1005	1006
1004	1005	1038
1005	1006	1007
1005	1038	1037
1005	1006	973
1005	1038	1071
1006	973	972
1006	973	940
1006	1007	1008
1006	1007	1040
1007	1008	1009
1007	1040	1039
1007	1008	975
1007	1040	1073
1008	975	974
1008	975	942
1008	1009	1010
1008	1009	1042
1009	1010	1011
1009	1042	1041
1009	1010	977
1009	1042	1075
1010	977	976
1010	977	944
1010	1011	1012
1010	1011	1044
1011	1012	1013
1011	1044	1043
1011	1012	979
1011	1044	1077
1012	979	978
1012	979	946
1012	1013	1014
1012	1013	1046
1013	1014	1015
1013	1046	1045
1013	1014	981
1013	1046	1079
1014	981	980
1014	981	948
1014	1015	1016
1014	1015	1048
1015	1016	1017
1015	1048	1047
1015	1016	983
1015	1048	1081
1016	983	982
1016	983	950
1016	1017	1018
1016	1017	1050
1017	1018	1019
1017	1050	1049
1017	1018	985
1017	1050	1083
1018	985	984
1018	985	952
1018	1019	1020
1018	1019	1052
1019	1020	1021
1019	1052	1051
1019	1020	987
1019	1052	1085
1020	987	986
1020	987	954
1020	1021	1022
1020	1021	1054
1021	1054	1053
1021	1022	989
1021	1054	1087
1022	989	988
1022	989	956
1023	990	957
1023	990	991
1024	1023	990
1024	1057	1058
1025	1024	1023
1025	1024	1057
1025	992	959
1025	992	993
1026	1025	1024
1026	1025	992
1026	1059	1060
1027	1026	1025
1027	1026	1059
1027	994	961
1027	994	995
1028	1027	1026
1028	1027	994
1028	1061	1062
1029	1028	1027
1029	1028	1061
1029	996	963
1029	996	997
1030	1029	1028
1030	1029	996
1030	1063	1064
1031	1030	1029
1031	1030	1063
1031	998	965
1031	998	999
1032	1031	1030
1032	1031	998
1032	1065	1066
1033	1032	1031
1033	1032	1065
1033	1000	967
1033	1000	1001
1034	1033	1032
1034	1033	1000
1034	1067	1068
1035	1034	1033
1035	1034	1067
1035	1002	969
1035	1002	1003
1036	1035	1034
1036	1035	1002
1036	1069	1070
1037	1036	1035
1037	1036	1069
1037	1004	971
1037	1004	1005
1038	1037	1036
1038	1037	1004
1038	1071	1072
1039	1038	1037
1039	1038	1071
1039	1006	973
1039	1006	1007
1040	1039	1038
1040	1039	1006
1040	1073	1074
1041	1040	1039
1041	1040	1073
1041	1008	975
1041	1008	1009
1042	1041	1040
1042	1041	1008
1042	1075	1076
1043	1042	1041
1043	1042	1075
1043	1010	977
1043	1010	1011
1044	1043	1042
1044	1043	1010
1044	1077	1078
1045	1044	1043
1045	1044	1077
1045	1012	979
1045	1012	1013
1046	1045	1044
1046	1045	1012
1046	1079	1080
1047	1046	1045
1047	1046	1079
1047	1014	981
1047	1014	1015
1048	1047	1046
1048	1047	1014
1048	1081	1082
1049	1048	1047
1049	1048	1081
1049	1016	983
1049	1016	1017
1050	1049	1048
1050	1049	1016
1050	1083	1084
1051	1050	1049
1051	1050	1083
1051	1018	985
1051	1018	1019
1052	1051	1050
1052	1051	1018
1052	1085	1086
1053	1052	1051
1053	1052	1085
1053	1020	987
1053	1020	1021
1054	1053	1052
1054	1053	1020
1054	1087	1088
1055	1054	1053
1055	1054	1087
1055	1022	989
1056	1023	990
1056	1057	1058
1057	1058	1059
1057	1058	1025
1058	1025	1024
1058	1025	992
1058	1059	1060
1059	1060	1061
1059	1060	1027
1060	1027	1026
1060	1027	994
1060	1061	1062
1061	1062	1063
1061	1062	1029
1062	1029	1028
1062	1029	996
1062	1063	1064
1063	1064	1065
1063	1064	1031
1064	1031	1030
1064	1031	998
1064	1065	1066
1065	1066	1067
1065	1066	1033
1066	1033	1032
1066	1033	1000
1066	1067	1068
1067	1068	1069
1067	1068	1035
1068	1035	1034
1068	1035	1002
1068	1069	1070
1069	1070	1071
1069	1070	1037
1070	1037	1036
1070	1037	1004
1070	1071	1072
1071	1072	1073
1071	1072	1039
1072	1039	1038
1072	1039	1006
1072	1073	1074
1073	1074	1075
1073	1074	1041
1074	1041	1040
1074	1041	1008
1074	1075	1076
1075	1076	1077
1075	1076	1043
1076	1043	1042
1076	1043	1010
1076	1077	1078
1077	1078	1079
1077	1078	1045
1078	1045	1044
1078	1045	1012
1078	1079	1080
1079	1080	1081
1079	1080	1047
1080	1047	1046
1080	1047	1014
1080	1081	1082
1081	1082	1083
1081	1082	1049
1082	1049	1048
1082	1049	1016
1082	1083	1084
1083	1084	1085
1083	1084	1051
1084	1051	1050
1084	1051	1018
1084	1085	1086
1085	1086	1087
1085	1086	1053
1086	1053	1052
1086	1053	1020
1086	1087	1088
1087	1088	1055
1088	1055	1054
1088	1055	1022
