0	1	30	0
0	30	30	270
1	2	30	0
1	0	30	180
1	31	30	270
2	3	30	0
2	1	30	180
2	32	30	270
3	4	30	0
3	2	30	180
3	33	30	270
4	5	30	0
4	3	30	180
4	34	30	270
5	6	30	0
5	4	30	180
5	35	30	270
6	7	30	0
6	5	30	180
6	36	30	270
7	8	30	0
7	6	30	180
7	37	30	270
8	9	30	0
8	7	30	180
8	38	30	270
9	10	30	0
9	8	30	180
9	39	30	270
10	11	30	0
10	9	30	180
10	40	30	270
11	12	30	0
11	10	30	180
11	41	30	270
12	13	30	0
12	11	30	180
12	42	30	270
13	14	30	0
13	12	30	180
13	43	30	270
14	15	30	0
14	13	30	180
14	44	30	270
15	16	30	0
15	14	30	180
15	45	30	270
16	17	30	0
16	15	30	180
16	46	30	270
17	18	30	0
17	16	30	180
17	47	30	270
18	19	30	0
18	17	30	180
18	48	30	270
19	20	30	0
19	18	30	180
19	49	30	270
20	21	30	0
20	19	30	180
20	50	30	270
21	22	30	0
21	20	30	180
21	51	30	270
22	23	30	0
22	21	30	180
22	52	30	270
23	24	30	0
23	22	30	180
23	53	30	270
24	25	30	0
24	23	30	180
24	54	30	270
25	26	30	0
25	24	30	180
25	55	30	270
26	27	30	0
26	25	30	180
26	56	30	270
27	28	30	0
27	26	30	180
27	57	30	270
28	29	30	0
28	27	30	180
28	58	30	270
29	28	30	180
29	59	30	270
30	31	30	0
30	60	30	270
30	0	30	90
31	32	30	0
31	30	30	180
31	61	30	270
31	1	30	90
32	33	30	0
32	31	30	180
32	62	30	270
32	2	30	90
33	34	30	0
33	32	30	180
33	63	30	270
33	3	30	90
34	35	30	0
34	33	30	180
34	64	30	270
34	4	30	90
35	36	30	0
35	34	30	180
35	65	30	270
35	5	30	90
36	37	30	0
36	35	30	180
36	66	30	270
36	6	30	90
37	38	30	0
37	36	30	180
37	67	30	270
37	7	30	90
38	39	30	0
38	37	30	180
38	68	30	270
38	8	30	90
39	40	30	0
39	38	30	180
39	69	30	270
39	9	30	90
40	41	30	0
40	39	30	180
40	70	30	270
40	10	30	90
41	42	30	0
41	40	30	180
41	71	30	270
41	11	30	90
42	43	30	0
42	41	30	180
42	72	30	270
42	12	30	90
43	44	30	0
43	42	30	180
43	73	30	270
43	13	30	90
44	45	30	0
44	43	30	180
44	74	30	270
44	14	30	90
45	46	30	0
45	44	30	180
45	75	30	270
45	15	30	90
46	47	30	0
46	45	30	180
46	76	30	270
46	16	30	90
47	48	30	0
47	46	30	180
47	77	30	270
47	17	30	90
48	49	30	0
48	47	30	180
48	78	30	270
48	18	30	90
49	50	30	0
49	48	30	180
49	79	30	270
49	19	30	90
50	51	30	0
50	49	30	180
50	80	30	270
50	20	30	90
51	52	30	0
51	50	30	180
51	81	30	270
51	21	30	90
52	53	30	0
52	51	30	180
52	82	30	270
52	22	30	90
53	54	30	0
53	52	30	180
53	83	30	270
53	23	30	90
54	55	30	0
54	53	30	180
54	84	30	270
54	24	30	90
55	56	30	0
55	54	30	180
55	85	30	270
55	25	30	90
56	57	30	0
56	55	30	180
56	86	30	270
56	26	30	90
57	58	30	0
57	56	30	180
57	87	30	270
57	27	30	90
58	59	30	0
58	57	30	180
58	88	30	270
58	28	30	90
59	58	30	180
59	89	30	270
59	29	30	90
60	61	30	0
60	90	30	270
60	30	30	90
61	62	30	0
61	60	30	180
61	91	30	270
61	31	30	90
62	63	30	0
62	61	30	180
62	92	30	270
62	32	30	90
63	64	30	0
63	62	30	180
63	93	30	270
63	33	30	90
64	65	30	0
64	63	30	180
64	94	30	270
64	34	30	90
65	66	30	0
65	64	30	180
65	95	30	270
65	35	30	90
66	67	30	0
66	65	30	180
66	96	30	270
66	36	30	90
67	68	30	0
67	66	30	180
67	97	30	270
67	37	30	90
68	69	30	0
68	67	30	180
68	98	30	270
68	38	30	90
69	70	30	0
69	68	30	180
69	99	30	270
69	39	30	90
70	71	30	0
70	69	30	180
70	100	30	270
70	40	30	90
71	72	30	0
71	70	30	180
71	101	30	270
71	41	30	90
72	73	30	0
72	71	30	180
72	102	30	270
72	42	30	90
73	74	30	0
73	72	30	180
73	103	30	270
73	43	30	90
74	75	30	0
74	73	30	180
74	104	30	270
74	44	30	90
75	76	30	0
75	74	30	180
75	105	30	270
75	45	30	90
76	77	30	0
76	75	30	180
76	106	30	270
76	46	30	90
77	78	30	0
77	76	30	180
77	107	30	270
77	47	30	90
78	79	30	0
78	77	30	180
78	108	30	270
78	48	30	90
79	80	30	0
79	78	30	180
79	109	30	270
79	49	30	90
80	81	30	0
80	79	30	180
80	110	30	270
80	50	30	90
81	82	30	0
81	80	30	180
81	111	30	270
81	51	30	90
82	83	30	0
82	81	30	180
82	112	30	270
82	52	30	90
83	84	30	0
83	82	30	180
83	113	30	270
83	53	30	90
84	85	30	0
84	83	30	180
84	114	30	270
84	54	30	90
85	86	30	0
85	84	30	180
85	115	30	270
85	55	30	90
86	87	30	0
86	85	30	180
86	116	30	270
86	56	30	90
87	88	30	0
87	86	30	180
87	117	30	270
87	57	30	90
88	89	30	0
88	87	30	180
88	118	30	270
88	58	30	90
89	88	30	180
89	119	30	270
89	59	30	90
90	91	30	0
90	120	30	270
90	60	30	90
91	92	30	0
91	90	30	180
91	121	30	270
91	61	30	90
92	93	30	0
92	91	30	180
92	122	30	270
92	62	30	90
93	94	30	0
93	92	30	180
93	123	30	270
93	63	30	90
94	95	30	0
94	93	30	180
94	124	30	270
94	64	30	90
95	96	30	0
95	94	30	180
95	125	30	270
95	65	30	90
96	97	30	0
96	95	30	180
96	126	30	270
96	66	30	90
97	98	30	0
97	96	30	180
97	127	30	270
97	67	30	90
98	99	30	0
98	97	30	180
98	128	30	270
98	68	30	90
99	100	30	0
99	98	30	180
99	129	30	270
99	69	30	90
100	101	30	0
100	99	30	180
100	130	30	270
100	70	30	90
101	102	30	0
101	100	30	180
101	131	30	270
101	71	30	90
102	103	30	0
102	101	30	180
102	132	30	270
102	72	30	90
103	104	30	0
103	102	30	180
103	133	30	270
103	73	30	90
104	105	30	0
104	103	30	180
104	134	30	270
104	74	30	90
105	106	30	0
105	104	30	180
105	135	30	270
105	75	30	90
106	107	30	0
106	105	30	180
106	136	30	270
106	76	30	90
107	108	30	0
107	106	30	180
107	137	30	270
107	77	30	90
108	109	30	0
108	107	30	180
108	138	30	270
108	78	30	90
109	110	30	0
109	108	30	180
109	139	30	270
109	79	30	90
110	111	30	0
110	109	30	180
110	140	30	270
110	80	30	90
111	112	30	0
111	110	30	180
111	141	30	270
111	81	30	90
112	113	30	0
112	111	30	180
112	142	30	270
112	82	30	90
113	114	30	0
113	112	30	180
113	143	30	270
113	83	30	90
114	115	30	0
114	113	30	180
114	144	30	270
114	84	30	90
115	116	30	0
115	114	30	180
115	145	30	270
115	85	30	90
116	117	30	0
116	115	30	180
116	146	30	270
116	86	30	90
117	118	30	0
117	116	30	180
117	147	30	270
117	87	30	90
118	119	30	0
118	117	30	180
118	148	30	270
118	88	30	90
119	118	30	180
119	149	30	270
119	89	30	90
120	121	30	0
120	150	30	270
120	90	30	90
121	122	30	0
121	120	30	180
121	151	30	270
121	91	30	90
122	123	30	0
122	121	30	180
122	152	30	270
122	92	30	90
123	124	30	0
123	122	30	180
123	153	30	270
123	93	30	90
124	125	30	0
124	123	30	180
124	154	30	270
124	94	30	90
125	126	30	0
125	124	30	180
125	155	30	270
125	95	30	90
126	127	30	0
126	125	30	180
126	156	30	270
126	96	30	90
127	128	30	0
127	126	30	180
127	157	30	270
127	97	30	90
128	129	30	0
128	127	30	180
128	158	30	270
128	98	30	90
129	130	30	0
129	128	30	180
129	159	30	270
129	99	30	90
130	131	30	0
130	129	30	180
130	160	30	270
130	100	30	90
131	132	30	0
131	130	30	180
131	161	30	270
131	101	30	90
132	133	30	0
132	131	30	180
132	162	30	270
132	102	30	90
133	134	30	0
133	132	30	180
133	163	30	270
133	103	30	90
134	135	30	0
134	133	30	180
134	164	30	270
134	104	30	90
135	136	30	0
135	134	30	180
135	165	30	270
135	105	30	90
136	137	30	0
136	135	30	180
136	166	30	270
136	106	30	90
137	138	30	0
137	136	30	180
137	167	30	270
137	107	30	90
138	139	30	0
138	137	30	180
138	168	30	270
138	108	30	90
139	140	30	0
139	138	30	180
139	169	30	270
139	109	30	90
140	141	30	0
140	139	30	180
140	170	30	270
140	110	30	90
141	142	30	0
141	140	30	180
141	171	30	270
141	111	30	90
142	143	30	0
142	141	30	180
142	172	30	270
142	112	30	90
143	144	30	0
143	142	30	180
143	173	30	270
143	113	30	90
144	145	30	0
144	143	30	180
144	174	30	270
144	114	30	90
145	146	30	0
145	144	30	180
145	175	30	270
145	115	30	90
146	147	30	0
146	145	30	180
146	176	30	270
146	116	30	90
147	148	30	0
147	146	30	180
147	177	30	270
147	117	30	90
148	149	30	0
148	147	30	180
148	178	30	270
148	118	30	90
149	148	30	180
149	179	30	270
149	119	30	90
150	151	30	0
150	180	30	270
150	120	30	90
151	152	30	0
151	150	30	180
151	181	30	270
151	121	30	90
152	153	30	0
152	151	30	180
152	182	30	270
152	122	30	90
153	154	30	0
153	152	30	180
153	183	30	270
153	123	30	90
154	155	30	0
154	153	30	180
154	184	30	270
154	124	30	90
155	156	30	0
155	154	30	180
155	185	30	270
155	125	30	90
156	157	30	0
156	155	30	180
156	186	30	270
156	126	30	90
157	158	30	0
157	156	30	180
157	187	30	270
157	127	30	90
158	159	30	0
158	157	30	180
158	188	30	270
158	128	30	90
159	160	30	0
159	158	30	180
159	189	30	270
159	129	30	90
160	161	30	0
160	159	30	180
160	190	30	270
160	130	30	90
161	162	30	0
161	160	30	180
161	191	30	270
161	131	30	90
162	163	30	0
162	161	30	180
162	192	30	270
162	132	30	90
163	164	30	0
163	162	30	180
163	193	30	270
163	133	30	90
164	165	30	0
164	163	30	180
164	194	30	270
164	134	30	90
165	166	30	0
165	164	30	180
165	195	30	270
165	135	30	90
166	167	30	0
166	165	30	180
166	196	30	270
166	136	30	90
167	168	30	0
167	166	30	180
167	197	30	270
167	137	30	90
168	169	30	0
168	167	30	180
168	198	30	270
168	138	30	90
169	170	30	0
169	168	30	180
169	199	30	270
169	139	30	90
170	171	30	0
170	169	30	180
170	200	30	270
170	140	30	90
171	172	30	0
171	170	30	180
171	201	30	270
171	141	30	90
172	173	30	0
172	171	30	180
172	202	30	270
172	142	30	90
173	174	30	0
173	172	30	180
173	203	30	270
173	143	30	90
174	175	30	0
174	173	30	180
174	204	30	270
174	144	30	90
175	176	30	0
175	174	30	180
175	205	30	270
175	145	30	90
176	177	30	0
176	175	30	180
176	206	30	270
176	146	30	90
177	178	30	0
177	176	30	180
177	207	30	270
177	147	30	90
178	179	30	0
178	177	30	180
178	208	30	270
178	148	30	90
179	178	30	180
179	209	30	270
179	149	30	90
180	181	30	0
180	210	30	270
180	150	30	90
181	182	30	0
181	180	30	180
181	211	30	270
181	151	30	90
182	183	30	0
182	181	30	180
182	212	30	270
182	152	30	90
183	184	30	0
183	182	30	180
183	213	30	270
183	153	30	90
184	185	30	0
184	183	30	180
184	214	30	270
184	154	30	90
185	186	30	0
185	184	30	180
185	215	30	270
185	155	30	90
186	187	30	0
186	185	30	180
186	216	30	270
186	156	30	90
187	188	30	0
187	186	30	180
187	217	30	270
187	157	30	90
188	189	30	0
188	187	30	180
188	218	30	270
188	158	30	90
189	190	30	0
189	188	30	180
189	219	30	270
189	159	30	90
190	191	30	0
190	189	30	180
190	220	30	270
190	160	30	90
191	192	30	0
191	190	30	180
191	221	30	270
191	161	30	90
192	193	30	0
192	191	30	180
192	222	30	270
192	162	30	90
193	194	30	0
193	192	30	180
193	223	30	270
193	163	30	90
194	195	30	0
194	193	30	180
194	224	30	270
194	164	30	90
195	196	30	0
195	194	30	180
195	225	30	270
195	165	30	90
196	197	30	0
196	195	30	180
196	226	30	270
196	166	30	90
197	198	30	0
197	196	30	180
197	227	30	270
197	167	30	90
198	199	30	0
198	197	30	180
198	228	30	270
198	168	30	90
199	200	30	0
199	198	30	180
199	229	30	270
199	169	30	90
200	201	30	0
200	199	30	180
200	230	30	270
200	170	30	90
201	202	30	0
201	200	30	180
201	231	30	270
201	171	30	90
202	203	30	0
202	201	30	180
202	232	30	270
202	172	30	90
203	204	30	0
203	202	30	180
203	233	30	270
203	173	30	90
204	205	30	0
204	203	30	180
204	234	30	270
204	174	30	90
205	206	30	0
205	204	30	180
205	235	30	270
205	175	30	90
206	207	30	0
206	205	30	180
206	236	30	270
206	176	30	90
207	208	30	0
207	206	30	180
207	237	30	270
207	177	30	90
208	209	30	0
208	207	30	180
208	238	30	270
208	178	30	90
209	208	30	180
209	239	30	270
209	179	30	90
210	211	30	0
210	240	30	270
210	180	30	90
211	212	30	0
211	210	30	180
211	241	30	270
211	181	30	90
212	213	30	0
212	211	30	180
212	242	30	270
212	182	30	90
213	214	30	0
213	212	30	180
213	243	30	270
213	183	30	90
214	215	30	0
214	213	30	180
214	244	30	270
214	184	30	90
215	216	30	0
215	214	30	180
215	245	30	270
215	185	30	90
216	217	30	0
216	215	30	180
216	246	30	270
216	186	30	90
217	218	30	0
217	216	30	180
217	247	30	270
217	187	30	90
218	219	30	0
218	217	30	180
218	248	30	270
218	188	30	90
219	220	30	0
219	218	30	180
219	249	30	270
219	189	30	90
220	221	30	0
220	219	30	180
220	250	30	270
220	190	30	90
221	222	30	0
221	220	30	180
221	251	30	270
221	191	30	90
222	223	30	0
222	221	30	180
222	252	30	270
222	192	30	90
223	224	30	0
223	222	30	180
223	253	30	270
223	193	30	90
224	225	30	0
224	223	30	180
224	254	30	270
224	194	30	90
225	226	30	0
225	224	30	180
225	255	30	270
225	195	30	90
226	227	30	0
226	225	30	180
226	256	30	270
226	196	30	90
227	228	30	0
227	226	30	180
227	257	30	270
227	197	30	90
228	229	30	0
228	227	30	180
228	258	30	270
228	198	30	90
229	230	30	0
229	228	30	180
229	259	30	270
229	199	30	90
230	231	30	0
230	229	30	180
230	260	30	270
230	200	30	90
231	232	30	0
231	230	30	180
231	261	30	270
231	201	30	90
232	233	30	0
232	231	30	180
232	262	30	270
232	202	30	90
233	234	30	0
233	232	30	180
233	263	30	270
233	203	30	90
234	235	30	0
234	233	30	180
234	264	30	270
234	204	30	90
235	236	30	0
235	234	30	180
235	265	30	270
235	205	30	90
236	237	30	0
236	235	30	180
236	266	30	270
236	206	30	90
237	238	30	0
237	236	30	180
237	267	30	270
237	207	30	90
238	239	30	0
238	237	30	180
238	268	30	270
238	208	30	90
239	238	30	180
239	269	30	270
239	209	30	90
240	241	30	0
240	270	30	270
240	210	30	90
241	242	30	0
241	240	30	180
241	271	30	270
241	211	30	90
242	243	30	0
242	241	30	180
242	272	30	270
242	212	30	90
243	244	30	0
243	242	30	180
243	273	30	270
243	213	30	90
244	245	30	0
244	243	30	180
244	274	30	270
244	214	30	90
245	246	30	0
245	244	30	180
245	275	30	270
245	215	30	90
246	247	30	0
246	245	30	180
246	276	30	270
246	216	30	90
247	248	30	0
247	246	30	180
247	277	30	270
247	217	30	90
248	249	30	0
248	247	30	180
248	278	30	270
248	218	30	90
249	250	30	0
249	248	30	180
249	279	30	270
249	219	30	90
250	251	30	0
250	249	30	180
250	280	30	270
250	220	30	90
251	252	30	0
251	250	30	180
251	281	30	270
251	221	30	90
252	253	30	0
252	251	30	180
252	282	30	270
252	222	30	90
253	254	30	0
253	252	30	180
253	283	30	270
253	223	30	90
254	255	30	0
254	253	30	180
254	284	30	270
254	224	30	90
255	256	30	0
255	254	30	180
255	285	30	270
255	225	30	90
256	257	30	0
256	255	30	180
256	286	30	270
256	226	30	90
257	258	30	0
257	256	30	180
257	287	30	270
257	227	30	90
258	259	30	0
258	257	30	180
258	288	30	270
258	228	30	90
259	260	30	0
259	258	30	180
259	289	30	270
259	229	30	90
260	261	30	0
260	259	30	180
260	290	30	270
260	230	30	90
261	262	30	0
261	260	30	180
261	291	30	270
261	231	30	90
262	263	30	0
262	261	30	180
262	292	30	270
262	232	30	90
263	264	30	0
263	262	30	180
263	293	30	270
263	233	30	90
264	265	30	0
264	263	30	180
264	294	30	270
264	234	30	90
265	266	30	0
265	264	30	180
265	295	30	270
265	235	30	90
266	267	30	0
266	265	30	180
266	296	30	270
266	236	30	90
267	268	30	0
267	266	30	180
267	297	30	270
267	237	30	90
268	269	30	0
268	267	30	180
268	298	30	270
268	238	30	90
269	268	30	180
269	299	30	270
269	239	30	90
270	271	30	0
270	300	30	270
270	240	30	90
271	272	30	0
271	270	30	180
271	301	30	270
271	241	30	90
272	273	30	0
272	271	30	180
272	302	30	270
272	242	30	90
273	274	30	0
273	272	30	180
273	303	30	270
273	243	30	90
274	275	30	0
274	273	30	180
274	304	30	270
274	244	30	90
275	276	30	0
275	274	30	180
275	305	30	270
275	245	30	90
276	277	30	0
276	275	30	180
276	306	30	270
276	246	30	90
277	278	30	0
277	276	30	180
277	307	30	270
277	247	30	90
278	279	30	0
278	277	30	180
278	308	30	270
278	248	30	90
279	280	30	0
279	278	30	180
279	309	30	270
279	249	30	90
280	281	30	0
280	279	30	180
280	310	30	270
280	250	30	90
281	282	30	0
281	280	30	180
281	311	30	270
281	251	30	90
282	283	30	0
282	281	30	180
282	312	30	270
282	252	30	90
283	284	30	0
283	282	30	180
283	313	30	270
283	253	30	90
284	285	30	0
284	283	30	180
284	314	30	270
284	254	30	90
285	286	30	0
285	284	30	180
285	315	30	270
285	255	30	90
286	287	30	0
286	285	30	180
286	316	30	270
286	256	30	90
287	288	30	0
287	286	30	180
287	317	30	270
287	257	30	90
288	289	30	0
288	287	30	180
288	318	30	270
288	258	30	90
289	290	30	0
289	288	30	180
289	319	30	270
289	259	30	90
290	291	30	0
290	289	30	180
290	320	30	270
290	260	30	90
291	292	30	0
291	290	30	180
291	321	30	270
291	261	30	90
292	293	30	0
292	291	30	180
292	322	30	270
292	262	30	90
293	294	30	0
293	292	30	180
293	323	30	270
293	263	30	90
294	295	30	0
294	293	30	180
294	324	30	270
294	264	30	90
295	296	30	0
295	294	30	180
295	325	30	270
295	265	30	90
296	297	30	0
296	295	30	180
296	326	30	270
296	266	30	90
297	298	30	0
297	296	30	180
297	327	30	270
297	267	30	90
298	299	30	0
298	297	30	180
298	328	30	270
298	268	30	90
299	298	30	180
299	329	30	270
299	269	30	90
300	301	30	0
300	330	30	270
300	270	30	90
301	302	30	0
301	300	30	180
301	331	30	270
301	271	30	90
302	303	30	0
302	301	30	180
302	332	30	270
302	272	30	90
303	304	30	0
303	302	30	180
303	333	30	270
303	273	30	90
304	305	30	0
304	303	30	180
304	334	30	270
304	274	30	90
305	306	30	0
305	304	30	180
305	335	30	270
305	275	30	90
306	307	30	0
306	305	30	180
306	336	30	270
306	276	30	90
307	308	30	0
307	306	30	180
307	337	30	270
307	277	30	90
308	309	30	0
308	307	30	180
308	338	30	270
308	278	30	90
309	310	30	0
309	308	30	180
309	339	30	270
309	279	30	90
310	311	30	0
310	309	30	180
310	340	30	270
310	280	30	90
311	312	30	0
311	310	30	180
311	341	30	270
311	281	30	90
312	313	30	0
312	311	30	180
312	342	30	270
312	282	30	90
313	314	30	0
313	312	30	180
313	343	30	270
313	283	30	90
314	315	30	0
314	313	30	180
314	344	30	270
314	284	30	90
315	316	30	0
315	314	30	180
315	345	30	270
315	285	30	90
316	317	30	0
316	315	30	180
316	346	30	270
316	286	30	90
317	318	30	0
317	316	30	180
317	347	30	270
317	287	30	90
318	319	30	0
318	317	30	180
318	348	30	270
318	288	30	90
319	320	30	0
319	318	30	180
319	349	30	270
319	289	30	90
320	321	30	0
320	319	30	180
320	350	30	270
320	290	30	90
321	322	30	0
321	320	30	180
321	351	30	270
321	291	30	90
322	323	30	0
322	321	30	180
322	352	30	270
322	292	30	90
323	324	30	0
323	322	30	180
323	353	30	270
323	293	30	90
324	325	30	0
324	323	30	180
324	354	30	270
324	294	30	90
325	326	30	0
325	324	30	180
325	355	30	270
325	295	30	90
326	327	30	0
326	325	30	180
326	356	30	270
326	296	30	90
327	328	30	0
327	326	30	180
327	357	30	270
327	297	30	90
328	329	30	0
328	327	30	180
328	358	30	270
328	298	30	90
329	328	30	180
329	359	30	270
329	299	30	90
330	331	30	0
330	360	30	270
330	300	30	90
331	332	30	0
331	330	30	180
331	361	30	270
331	301	30	90
332	333	30	0
332	331	30	180
332	362	30	270
332	302	30	90
333	334	30	0
333	332	30	180
333	363	30	270
333	303	30	90
334	335	30	0
334	333	30	180
334	364	30	270
334	304	30	90
335	336	30	0
335	334	30	180
335	365	30	270
335	305	30	90
336	337	30	0
336	335	30	180
336	366	30	270
336	306	30	90
337	338	30	0
337	336	30	180
337	367	30	270
337	307	30	90
338	339	30	0
338	337	30	180
338	368	30	270
338	308	30	90
339	340	30	0
339	338	30	180
339	369	30	270
339	309	30	90
340	341	30	0
340	339	30	180
340	370	30	270
340	310	30	90
341	342	30	0
341	340	30	180
341	371	30	270
341	311	30	90
342	343	30	0
342	341	30	180
342	372	30	270
342	312	30	90
343	344	30	0
343	342	30	180
343	373	30	270
343	313	30	90
344	345	30	0
344	343	30	180
344	374	30	270
344	314	30	90
345	346	30	0
345	344	30	180
345	375	30	270
345	315	30	90
346	347	30	0
346	345	30	180
346	376	30	270
346	316	30	90
347	348	30	0
347	346	30	180
347	377	30	270
347	317	30	90
348	349	30	0
348	347	30	180
348	378	30	270
348	318	30	90
349	350	30	0
349	348	30	180
349	379	30	270
349	319	30	90
350	351	30	0
350	349	30	180
350	380	30	270
350	320	30	90
351	352	30	0
351	350	30	180
351	381	30	270
351	321	30	90
352	353	30	0
352	351	30	180
352	382	30	270
352	322	30	90
353	354	30	0
353	352	30	180
353	383	30	270
353	323	30	90
354	355	30	0
354	353	30	180
354	384	30	270
354	324	30	90
355	356	30	0
355	354	30	180
355	385	30	270
355	325	30	90
356	357	30	0
356	355	30	180
356	386	30	270
356	326	30	90
357	358	30	0
357	356	30	180
357	387	30	270
357	327	30	90
358	359	30	0
358	357	30	180
358	388	30	270
358	328	30	90
359	358	30	180
359	389	30	270
359	329	30	90
360	361	30	0
360	390	30	270
360	330	30	90
361	362	30	0
361	360	30	180
361	391	30	270
361	331	30	90
362	363	30	0
362	361	30	180
362	392	30	270
362	332	30	90
363	364	30	0
363	362	30	180
363	393	30	270
363	333	30	90
364	365	30	0
364	363	30	180
364	394	30	270
364	334	30	90
365	366	30	0
365	364	30	180
365	395	30	270
365	335	30	90
366	367	30	0
366	365	30	180
366	396	30	270
366	336	30	90
367	368	30	0
367	366	30	180
367	397	30	270
367	337	30	90
368	369	30	0
368	367	30	180
368	398	30	270
368	338	30	90
369	370	30	0
369	368	30	180
369	399	30	270
369	339	30	90
370	371	30	0
370	369	30	180
370	400	30	270
370	340	30	90
371	372	30	0
371	370	30	180
371	401	30	270
371	341	30	90
372	373	30	0
372	371	30	180
372	402	30	270
372	342	30	90
373	374	30	0
373	372	30	180
373	403	30	270
373	343	30	90
374	375	30	0
374	373	30	180
374	404	30	270
374	344	30	90
375	376	30	0
375	374	30	180
375	405	30	270
375	345	30	90
376	377	30	0
376	375	30	180
376	406	30	270
376	346	30	90
377	378	30	0
377	376	30	180
377	407	30	270
377	347	30	90
378	379	30	0
378	377	30	180
378	408	30	270
378	348	30	90
379	380	30	0
379	378	30	180
379	409	30	270
379	349	30	90
380	381	30	0
380	379	30	180
380	410	30	270
380	350	30	90
381	382	30	0
381	380	30	180
381	411	30	270
381	351	30	90
382	383	30	0
382	381	30	180
382	412	30	270
382	352	30	90
383	384	30	0
383	382	30	180
383	413	30	270
383	353	30	90
384	385	30	0
384	383	30	180
384	414	30	270
384	354	30	90
385	386	30	0
385	384	30	180
385	415	30	270
385	355	30	90
386	387	30	0
386	385	30	180
386	416	30	270
386	356	30	90
387	388	30	0
387	386	30	180
387	417	30	270
387	357	30	90
388	389	30	0
388	387	30	180
388	418	30	270
388	358	30	90
389	388	30	180
389	419	30	270
389	359	30	90
390	391	30	0
390	420	30	270
390	360	30	90
391	392	30	0
391	390	30	180
391	421	30	270
391	361	30	90
392	393	30	0
392	391	30	180
392	422	30	270
392	362	30	90
393	394	30	0
393	392	30	180
393	423	30	270
393	363	30	90
394	395	30	0
394	393	30	180
394	424	30	270
394	364	30	90
395	396	30	0
395	394	30	180
395	425	30	270
395	365	30	90
396	397	30	0
396	395	30	180
396	426	30	270
396	366	30	90
397	398	30	0
397	396	30	180
397	427	30	270
397	367	30	90
398	399	30	0
398	397	30	180
398	428	30	270
398	368	30	90
399	400	30	0
399	398	30	180
399	429	30	270
399	369	30	90
400	401	30	0
400	399	30	180
400	430	30	270
400	370	30	90
401	402	30	0
401	400	30	180
401	431	30	270
401	371	30	90
402	403	30	0
402	401	30	180
402	432	30	270
402	372	30	90
403	404	30	0
403	402	30	180
403	433	30	270
403	373	30	90
404	405	30	0
404	403	30	180
404	434	30	270
404	374	30	90
405	406	30	0
405	404	30	180
405	435	30	270
405	375	30	90
406	407	30	0
406	405	30	180
406	436	30	270
406	376	30	90
407	408	30	0
407	406	30	180
407	437	30	270
407	377	30	90
408	409	30	0
408	407	30	180
408	438	30	270
408	378	30	90
409	410	30	0
409	408	30	180
409	439	30	270
409	379	30	90
410	411	30	0
410	409	30	180
410	440	30	270
410	380	30	90
411	412	30	0
411	410	30	180
411	441	30	270
411	381	30	90
412	413	30	0
412	411	30	180
412	442	30	270
412	382	30	90
413	414	30	0
413	412	30	180
413	443	30	270
413	383	30	90
414	415	30	0
414	413	30	180
414	444	30	270
414	384	30	90
415	416	30	0
415	414	30	180
415	445	30	270
415	385	30	90
416	417	30	0
416	415	30	180
416	446	30	270
416	386	30	90
417	418	30	0
417	416	30	180
417	447	30	270
417	387	30	90
418	419	30	0
418	417	30	180
418	448	30	270
418	388	30	90
419	418	30	180
419	449	30	270
419	389	30	90
420	421	30	0
420	450	30	270
420	390	30	90
421	422	30	0
421	420	30	180
421	451	30	270
421	391	30	90
422	423	30	0
422	421	30	180
422	452	30	270
422	392	30	90
423	424	30	0
423	422	30	180
423	453	30	270
423	393	30	90
424	425	30	0
424	423	30	180
424	454	30	270
424	394	30	90
425	426	30	0
425	424	30	180
425	455	30	270
425	395	30	90
426	427	30	0
426	425	30	180
426	456	30	270
426	396	30	90
427	428	30	0
427	426	30	180
427	457	30	270
427	397	30	90
428	429	30	0
428	427	30	180
428	458	30	270
428	398	30	90
429	430	30	0
429	428	30	180
429	459	30	270
429	399	30	90
430	431	30	0
430	429	30	180
430	460	30	270
430	400	30	90
431	432	30	0
431	430	30	180
431	461	30	270
431	401	30	90
432	433	30	0
432	431	30	180
432	462	30	270
432	402	30	90
433	434	30	0
433	432	30	180
433	463	30	270
433	403	30	90
434	435	30	0
434	433	30	180
434	464	30	270
434	404	30	90
435	436	30	0
435	434	30	180
435	465	30	270
435	405	30	90
436	437	30	0
436	435	30	180
436	466	30	270
436	406	30	90
437	438	30	0
437	436	30	180
437	467	30	270
437	407	30	90
438	439	30	0
438	437	30	180
438	468	30	270
438	408	30	90
439	440	30	0
439	438	30	180
439	469	30	270
439	409	30	90
440	441	30	0
440	439	30	180
440	470	30	270
440	410	30	90
441	442	30	0
441	440	30	180
441	471	30	270
441	411	30	90
442	443	30	0
442	441	30	180
442	472	30	270
442	412	30	90
443	444	30	0
443	442	30	180
443	473	30	270
443	413	30	90
444	445	30	0
444	443	30	180
444	474	30	270
444	414	30	90
445	446	30	0
445	444	30	180
445	475	30	270
445	415	30	90
446	447	30	0
446	445	30	180
446	476	30	270
446	416	30	90
447	448	30	0
447	446	30	180
447	477	30	270
447	417	30	90
448	449	30	0
448	447	30	180
448	478	30	270
448	418	30	90
449	448	30	180
449	479	30	270
449	419	30	90
450	451	30	0
450	480	30	270
450	420	30	90
451	452	30	0
451	450	30	180
451	481	30	270
451	421	30	90
452	453	30	0
452	451	30	180
452	482	30	270
452	422	30	90
453	454	30	0
453	452	30	180
453	483	30	270
453	423	30	90
454	455	30	0
454	453	30	180
454	484	30	270
454	424	30	90
455	456	30	0
455	454	30	180
455	485	30	270
455	425	30	90
456	457	30	0
456	455	30	180
456	486	30	270
456	426	30	90
457	458	30	0
457	456	30	180
457	487	30	270
457	427	30	90
458	459	30	0
458	457	30	180
458	488	30	270
458	428	30	90
459	460	30	0
459	458	30	180
459	489	30	270
459	429	30	90
460	461	30	0
460	459	30	180
460	490	30	270
460	430	30	90
461	462	30	0
461	460	30	180
461	491	30	270
461	431	30	90
462	463	30	0
462	461	30	180
462	492	30	270
462	432	30	90
463	464	30	0
463	462	30	180
463	493	30	270
463	433	30	90
464	465	30	0
464	463	30	180
464	494	30	270
464	434	30	90
465	466	30	0
465	464	30	180
465	495	30	270
465	435	30	90
466	467	30	0
466	465	30	180
466	496	30	270
466	436	30	90
467	468	30	0
467	466	30	180
467	497	30	270
467	437	30	90
468	469	30	0
468	467	30	180
468	498	30	270
468	438	30	90
469	470	30	0
469	468	30	180
469	499	30	270
469	439	30	90
470	471	30	0
470	469	30	180
470	500	30	270
470	440	30	90
471	472	30	0
471	470	30	180
471	501	30	270
471	441	30	90
472	473	30	0
472	471	30	180
472	502	30	270
472	442	30	90
473	474	30	0
473	472	30	180
473	503	30	270
473	443	30	90
474	475	30	0
474	473	30	180
474	504	30	270
474	444	30	90
475	476	30	0
475	474	30	180
475	505	30	270
475	445	30	90
476	477	30	0
476	475	30	180
476	506	30	270
476	446	30	90
477	478	30	0
477	476	30	180
477	507	30	270
477	447	30	90
478	479	30	0
478	477	30	180
478	508	30	270
478	448	30	90
479	478	30	180
479	509	30	270
479	449	30	90
480	481	30	0
480	510	30	270
480	450	30	90
481	482	30	0
481	480	30	180
481	511	30	270
481	451	30	90
482	483	30	0
482	481	30	180
482	512	30	270
482	452	30	90
483	484	30	0
483	482	30	180
483	513	30	270
483	453	30	90
484	485	30	0
484	483	30	180
484	514	30	270
484	454	30	90
485	486	30	0
485	484	30	180
485	515	30	270
485	455	30	90
486	487	30	0
486	485	30	180
486	516	30	270
486	456	30	90
487	488	30	0
487	486	30	180
487	517	30	270
487	457	30	90
488	489	30	0
488	487	30	180
488	518	30	270
488	458	30	90
489	490	30	0
489	488	30	180
489	519	30	270
489	459	30	90
490	491	30	0
490	489	30	180
490	520	30	270
490	460	30	90
491	492	30	0
491	490	30	180
491	521	30	270
491	461	30	90
492	493	30	0
492	491	30	180
492	522	30	270
492	462	30	90
493	494	30	0
493	492	30	180
493	523	30	270
493	463	30	90
494	495	30	0
494	493	30	180
494	524	30	270
494	464	30	90
495	496	30	0
495	494	30	180
495	525	30	270
495	465	30	90
496	497	30	0
496	495	30	180
496	526	30	270
496	466	30	90
497	498	30	0
497	496	30	180
497	527	30	270
497	467	30	90
498	499	30	0
498	497	30	180
498	528	30	270
498	468	30	90
499	500	30	0
499	498	30	180
499	529	30	270
499	469	30	90
500	501	30	0
500	499	30	180
500	530	30	270
500	470	30	90
501	502	30	0
501	500	30	180
501	531	30	270
501	471	30	90
502	503	30	0
502	501	30	180
502	532	30	270
502	472	30	90
503	504	30	0
503	502	30	180
503	533	30	270
503	473	30	90
504	505	30	0
504	503	30	180
504	534	30	270
504	474	30	90
505	506	30	0
505	504	30	180
505	535	30	270
505	475	30	90
506	507	30	0
506	505	30	180
506	536	30	270
506	476	30	90
507	508	30	0
507	506	30	180
507	537	30	270
507	477	30	90
508	509	30	0
508	507	30	180
508	538	30	270
508	478	30	90
509	508	30	180
509	539	30	270
509	479	30	90
510	511	30	0
510	540	30	270
510	480	30	90
511	512	30	0
511	510	30	180
511	541	30	270
511	481	30	90
512	513	30	0
512	511	30	180
512	542	30	270
512	482	30	90
513	514	30	0
513	512	30	180
513	543	30	270
513	483	30	90
514	515	30	0
514	513	30	180
514	544	30	270
514	484	30	90
515	516	30	0
515	514	30	180
515	545	30	270
515	485	30	90
516	517	30	0
516	515	30	180
516	546	30	270
516	486	30	90
517	518	30	0
517	516	30	180
517	547	30	270
517	487	30	90
518	519	30	0
518	517	30	180
518	548	30	270
518	488	30	90
519	520	30	0
519	518	30	180
519	549	30	270
519	489	30	90
520	521	30	0
520	519	30	180
520	550	30	270
520	490	30	90
521	522	30	0
521	520	30	180
521	551	30	270
521	491	30	90
522	523	30	0
522	521	30	180
522	552	30	270
522	492	30	90
523	524	30	0
523	522	30	180
523	553	30	270
523	493	30	90
524	525	30	0
524	523	30	180
524	554	30	270
524	494	30	90
525	526	30	0
525	524	30	180
525	555	30	270
525	495	30	90
526	527	30	0
526	525	30	180
526	556	30	270
526	496	30	90
527	528	30	0
527	526	30	180
527	557	30	270
527	497	30	90
528	529	30	0
528	527	30	180
528	558	30	270
528	498	30	90
529	530	30	0
529	528	30	180
529	559	30	270
529	499	30	90
530	531	30	0
530	529	30	180
530	560	30	270
530	500	30	90
531	532	30	0
531	530	30	180
531	561	30	270
531	501	30	90
532	533	30	0
532	531	30	180
532	562	30	270
532	502	30	90
533	534	30	0
533	532	30	180
533	563	30	270
533	503	30	90
534	535	30	0
534	533	30	180
534	564	30	270
534	504	30	90
535	536	30	0
535	534	30	180
535	565	30	270
535	505	30	90
536	537	30	0
536	535	30	180
536	566	30	270
536	506	30	90
537	538	30	0
537	536	30	180
537	567	30	270
537	507	30	90
538	539	30	0
538	537	30	180
538	568	30	270
538	508	30	90
539	538	30	180
539	569	30	270
539	509	30	90
540	541	30	0
540	570	30	270
540	510	30	90
541	542	30	0
541	540	30	180
541	571	30	270
541	511	30	90
542	543	30	0
542	541	30	180
542	572	30	270
542	512	30	90
543	544	30	0
543	542	30	180
543	573	30	270
543	513	30	90
544	545	30	0
544	543	30	180
544	574	30	270
544	514	30	90
545	546	30	0
545	544	30	180
545	575	30	270
545	515	30	90
546	547	30	0
546	545	30	180
546	576	30	270
546	516	30	90
547	548	30	0
547	546	30	180
547	577	30	270
547	517	30	90
548	549	30	0
548	547	30	180
548	578	30	270
548	518	30	90
549	550	30	0
549	548	30	180
549	579	30	270
549	519	30	90
550	551	30	0
550	549	30	180
550	580	30	270
550	520	30	90
551	552	30	0
551	550	30	180
551	581	30	270
551	521	30	90
552	553	30	0
552	551	30	180
552	582	30	270
552	522	30	90
553	554	30	0
553	552	30	180
553	583	30	270
553	523	30	90
554	555	30	0
554	553	30	180
554	584	30	270
554	524	30	90
555	556	30	0
555	554	30	180
555	585	30	270
555	525	30	90
556	557	30	0
556	555	30	180
556	586	30	270
556	526	30	90
557	558	30	0
557	556	30	180
557	587	30	270
557	527	30	90
558	559	30	0
558	557	30	180
558	588	30	270
558	528	30	90
559	560	30	0
559	558	30	180
559	589	30	270
559	529	30	90
560	561	30	0
560	559	30	180
560	590	30	270
560	530	30	90
561	562	30	0
561	560	30	180
561	591	30	270
561	531	30	90
562	563	30	0
562	561	30	180
562	592	30	270
562	532	30	90
563	564	30	0
563	562	30	180
563	593	30	270
563	533	30	90
564	565	30	0
564	563	30	180
564	594	30	270
564	534	30	90
565	566	30	0
565	564	30	180
565	595	30	270
565	535	30	90
566	567	30	0
566	565	30	180
566	596	30	270
566	536	30	90
567	568	30	0
567	566	30	180
567	597	30	270
567	537	30	90
568	569	30	0
568	567	30	180
568	598	30	270
568	538	30	90
569	568	30	180
569	599	30	270
569	539	30	90
570	571	30	0
570	600	30	270
570	540	30	90
571	572	30	0
571	570	30	180
571	601	30	270
571	541	30	90
572	573	30	0
572	571	30	180
572	602	30	270
572	542	30	90
573	574	30	0
573	572	30	180
573	603	30	270
573	543	30	90
574	575	30	0
574	573	30	180
574	604	30	270
574	544	30	90
575	576	30	0
575	574	30	180
575	605	30	270
575	545	30	90
576	577	30	0
576	575	30	180
576	606	30	270
576	546	30	90
577	578	30	0
577	576	30	180
577	607	30	270
577	547	30	90
578	579	30	0
578	577	30	180
578	608	30	270
578	548	30	90
579	580	30	0
579	578	30	180
579	609	30	270
579	549	30	90
580	581	30	0
580	579	30	180
580	610	30	270
580	550	30	90
581	582	30	0
581	580	30	180
581	611	30	270
581	551	30	90
582	583	30	0
582	581	30	180
582	612	30	270
582	552	30	90
583	584	30	0
583	582	30	180
583	613	30	270
583	553	30	90
584	585	30	0
584	583	30	180
584	614	30	270
584	554	30	90
585	586	30	0
585	584	30	180
585	615	30	270
585	555	30	90
586	587	30	0
586	585	30	180
586	616	30	270
586	556	30	90
587	588	30	0
587	586	30	180
587	617	30	270
587	557	30	90
588	589	30	0
588	587	30	180
588	618	30	270
588	558	30	90
589	590	30	0
589	588	30	180
589	619	30	270
589	559	30	90
590	591	30	0
590	589	30	180
590	620	30	270
590	560	30	90
591	592	30	0
591	590	30	180
591	621	30	270
591	561	30	90
592	593	30	0
592	591	30	180
592	622	30	270
592	562	30	90
593	594	30	0
593	592	30	180
593	623	30	270
593	563	30	90
594	595	30	0
594	593	30	180
594	624	30	270
594	564	30	90
595	596	30	0
595	594	30	180
595	625	30	270
595	565	30	90
596	597	30	0
596	595	30	180
596	626	30	270
596	566	30	90
597	598	30	0
597	596	30	180
597	627	30	270
597	567	30	90
598	599	30	0
598	597	30	180
598	628	30	270
598	568	30	90
599	598	30	180
599	629	30	270
599	569	30	90
600	601	30	0
600	630	30	270
600	570	30	90
601	602	30	0
601	600	30	180
601	631	30	270
601	571	30	90
602	603	30	0
602	601	30	180
602	632	30	270
602	572	30	90
603	604	30	0
603	602	30	180
603	633	30	270
603	573	30	90
604	605	30	0
604	603	30	180
604	634	30	270
604	574	30	90
605	606	30	0
605	604	30	180
605	635	30	270
605	575	30	90
606	607	30	0
606	605	30	180
606	636	30	270
606	576	30	90
607	608	30	0
607	606	30	180
607	637	30	270
607	577	30	90
608	609	30	0
608	607	30	180
608	638	30	270
608	578	30	90
609	610	30	0
609	608	30	180
609	639	30	270
609	579	30	90
610	611	30	0
610	609	30	180
610	640	30	270
610	580	30	90
611	612	30	0
611	610	30	180
611	641	30	270
611	581	30	90
612	613	30	0
612	611	30	180
612	642	30	270
612	582	30	90
613	614	30	0
613	612	30	180
613	643	30	270
613	583	30	90
614	615	30	0
614	613	30	180
614	644	30	270
614	584	30	90
615	616	30	0
615	614	30	180
615	645	30	270
615	585	30	90
616	617	30	0
616	615	30	180
616	646	30	270
616	586	30	90
617	618	30	0
617	616	30	180
617	647	30	270
617	587	30	90
618	619	30	0
618	617	30	180
618	648	30	270
618	588	30	90
619	620	30	0
619	618	30	180
619	649	30	270
619	589	30	90
620	621	30	0
620	619	30	180
620	650	30	270
620	590	30	90
621	622	30	0
621	620	30	180
621	651	30	270
621	591	30	90
622	623	30	0
622	621	30	180
622	652	30	270
622	592	30	90
623	624	30	0
623	622	30	180
623	653	30	270
623	593	30	90
624	625	30	0
624	623	30	180
624	654	30	270
624	594	30	90
625	626	30	0
625	624	30	180
625	655	30	270
625	595	30	90
626	627	30	0
626	625	30	180
626	656	30	270
626	596	30	90
627	628	30	0
627	626	30	180
627	657	30	270
627	597	30	90
628	629	30	0
628	627	30	180
628	658	30	270
628	598	30	90
629	628	30	180
629	659	30	270
629	599	30	90
630	631	30	0
630	660	30	270
630	600	30	90
631	632	30	0
631	630	30	180
631	661	30	270
631	601	30	90
632	633	30	0
632	631	30	180
632	662	30	270
632	602	30	90
633	634	30	0
633	632	30	180
633	663	30	270
633	603	30	90
634	635	30	0
634	633	30	180
634	664	30	270
634	604	30	90
635	636	30	0
635	634	30	180
635	665	30	270
635	605	30	90
636	637	30	0
636	635	30	180
636	666	30	270
636	606	30	90
637	638	30	0
637	636	30	180
637	667	30	270
637	607	30	90
638	639	30	0
638	637	30	180
638	668	30	270
638	608	30	90
639	640	30	0
639	638	30	180
639	669	30	270
639	609	30	90
640	641	30	0
640	639	30	180
640	670	30	270
640	610	30	90
641	642	30	0
641	640	30	180
641	671	30	270
641	611	30	90
642	643	30	0
642	641	30	180
642	672	30	270
642	612	30	90
643	644	30	0
643	642	30	180
643	673	30	270
643	613	30	90
644	645	30	0
644	643	30	180
644	674	30	270
644	614	30	90
645	646	30	0
645	644	30	180
645	675	30	270
645	615	30	90
646	647	30	0
646	645	30	180
646	676	30	270
646	616	30	90
647	648	30	0
647	646	30	180
647	677	30	270
647	617	30	90
648	649	30	0
648	647	30	180
648	678	30	270
648	618	30	90
649	650	30	0
649	648	30	180
649	679	30	270
649	619	30	90
650	651	30	0
650	649	30	180
650	680	30	270
650	620	30	90
651	652	30	0
651	650	30	180
651	681	30	270
651	621	30	90
652	653	30	0
652	651	30	180
652	682	30	270
652	622	30	90
653	654	30	0
653	652	30	180
653	683	30	270
653	623	30	90
654	655	30	0
654	653	30	180
654	684	30	270
654	624	30	90
655	656	30	0
655	654	30	180
655	685	30	270
655	625	30	90
656	657	30	0
656	655	30	180
656	686	30	270
656	626	30	90
657	658	30	0
657	656	30	180
657	687	30	270
657	627	30	90
658	659	30	0
658	657	30	180
658	688	30	270
658	628	30	90
659	658	30	180
659	689	30	270
659	629	30	90
660	661	30	0
660	690	30	270
660	630	30	90
661	662	30	0
661	660	30	180
661	691	30	270
661	631	30	90
662	663	30	0
662	661	30	180
662	692	30	270
662	632	30	90
663	664	30	0
663	662	30	180
663	693	30	270
663	633	30	90
664	665	30	0
664	663	30	180
664	694	30	270
664	634	30	90
665	666	30	0
665	664	30	180
665	695	30	270
665	635	30	90
666	667	30	0
666	665	30	180
666	696	30	270
666	636	30	90
667	668	30	0
667	666	30	180
667	697	30	270
667	637	30	90
668	669	30	0
668	667	30	180
668	698	30	270
668	638	30	90
669	670	30	0
669	668	30	180
669	699	30	270
669	639	30	90
670	671	30	0
670	669	30	180
670	700	30	270
670	640	30	90
671	672	30	0
671	670	30	180
671	701	30	270
671	641	30	90
672	673	30	0
672	671	30	180
672	702	30	270
672	642	30	90
673	674	30	0
673	672	30	180
673	703	30	270
673	643	30	90
674	675	30	0
674	673	30	180
674	704	30	270
674	644	30	90
675	676	30	0
675	674	30	180
675	705	30	270
675	645	30	90
676	677	30	0
676	675	30	180
676	706	30	270
676	646	30	90
677	678	30	0
677	676	30	180
677	707	30	270
677	647	30	90
678	679	30	0
678	677	30	180
678	708	30	270
678	648	30	90
679	680	30	0
679	678	30	180
679	709	30	270
679	649	30	90
680	681	30	0
680	679	30	180
680	710	30	270
680	650	30	90
681	682	30	0
681	680	30	180
681	711	30	270
681	651	30	90
682	683	30	0
682	681	30	180
682	712	30	270
682	652	30	90
683	684	30	0
683	682	30	180
683	713	30	270
683	653	30	90
684	685	30	0
684	683	30	180
684	714	30	270
684	654	30	90
685	686	30	0
685	684	30	180
685	715	30	270
685	655	30	90
686	687	30	0
686	685	30	180
686	716	30	270
686	656	30	90
687	688	30	0
687	686	30	180
687	717	30	270
687	657	30	90
688	689	30	0
688	687	30	180
688	718	30	270
688	658	30	90
689	688	30	180
689	719	30	270
689	659	30	90
690	691	30	0
690	720	30	270
690	660	30	90
691	692	30	0
691	690	30	180
691	721	30	270
691	661	30	90
692	693	30	0
692	691	30	180
692	722	30	270
692	662	30	90
693	694	30	0
693	692	30	180
693	723	30	270
693	663	30	90
694	695	30	0
694	693	30	180
694	724	30	270
694	664	30	90
695	696	30	0
695	694	30	180
695	725	30	270
695	665	30	90
696	697	30	0
696	695	30	180
696	726	30	270
696	666	30	90
697	698	30	0
697	696	30	180
697	727	30	270
697	667	30	90
698	699	30	0
698	697	30	180
698	728	30	270
698	668	30	90
699	700	30	0
699	698	30	180
699	729	30	270
699	669	30	90
700	701	30	0
700	699	30	180
700	730	30	270
700	670	30	90
701	702	30	0
701	700	30	180
701	731	30	270
701	671	30	90
702	703	30	0
702	701	30	180
702	732	30	270
702	672	30	90
703	704	30	0
703	702	30	180
703	733	30	270
703	673	30	90
704	705	30	0
704	703	30	180
704	734	30	270
704	674	30	90
705	706	30	0
705	704	30	180
705	735	30	270
705	675	30	90
706	707	30	0
706	705	30	180
706	736	30	270
706	676	30	90
707	708	30	0
707	706	30	180
707	737	30	270
707	677	30	90
708	709	30	0
708	707	30	180
708	738	30	270
708	678	30	90
709	710	30	0
709	708	30	180
709	739	30	270
709	679	30	90
710	711	30	0
710	709	30	180
710	740	30	270
710	680	30	90
711	712	30	0
711	710	30	180
711	741	30	270
711	681	30	90
712	713	30	0
712	711	30	180
712	742	30	270
712	682	30	90
713	714	30	0
713	712	30	180
713	743	30	270
713	683	30	90
714	715	30	0
714	713	30	180
714	744	30	270
714	684	30	90
715	716	30	0
715	714	30	180
715	745	30	270
715	685	30	90
716	717	30	0
716	715	30	180
716	746	30	270
716	686	30	90
717	718	30	0
717	716	30	180
717	747	30	270
717	687	30	90
718	719	30	0
718	717	30	180
718	748	30	270
718	688	30	90
719	718	30	180
719	749	30	270
719	689	30	90
720	721	30	0
720	750	30	270
720	690	30	90
721	722	30	0
721	720	30	180
721	751	30	270
721	691	30	90
722	723	30	0
722	721	30	180
722	752	30	270
722	692	30	90
723	724	30	0
723	722	30	180
723	753	30	270
723	693	30	90
724	725	30	0
724	723	30	180
724	754	30	270
724	694	30	90
725	726	30	0
725	724	30	180
725	755	30	270
725	695	30	90
726	727	30	0
726	725	30	180
726	756	30	270
726	696	30	90
727	728	30	0
727	726	30	180
727	757	30	270
727	697	30	90
728	729	30	0
728	727	30	180
728	758	30	270
728	698	30	90
729	730	30	0
729	728	30	180
729	759	30	270
729	699	30	90
730	731	30	0
730	729	30	180
730	760	30	270
730	700	30	90
731	732	30	0
731	730	30	180
731	761	30	270
731	701	30	90
732	733	30	0
732	731	30	180
732	762	30	270
732	702	30	90
733	734	30	0
733	732	30	180
733	763	30	270
733	703	30	90
734	735	30	0
734	733	30	180
734	764	30	270
734	704	30	90
735	736	30	0
735	734	30	180
735	765	30	270
735	705	30	90
736	737	30	0
736	735	30	180
736	766	30	270
736	706	30	90
737	738	30	0
737	736	30	180
737	767	30	270
737	707	30	90
738	739	30	0
738	737	30	180
738	768	30	270
738	708	30	90
739	740	30	0
739	738	30	180
739	769	30	270
739	709	30	90
740	741	30	0
740	739	30	180
740	770	30	270
740	710	30	90
741	742	30	0
741	740	30	180
741	771	30	270
741	711	30	90
742	743	30	0
742	741	30	180
742	772	30	270
742	712	30	90
743	744	30	0
743	742	30	180
743	773	30	270
743	713	30	90
744	745	30	0
744	743	30	180
744	774	30	270
744	714	30	90
745	746	30	0
745	744	30	180
745	775	30	270
745	715	30	90
746	747	30	0
746	745	30	180
746	776	30	270
746	716	30	90
747	748	30	0
747	746	30	180
747	777	30	270
747	717	30	90
748	749	30	0
748	747	30	180
748	778	30	270
748	718	30	90
749	748	30	180
749	779	30	270
749	719	30	90
750	751	30	0
750	780	30	270
750	720	30	90
751	752	30	0
751	750	30	180
751	781	30	270
751	721	30	90
752	753	30	0
752	751	30	180
752	782	30	270
752	722	30	90
753	754	30	0
753	752	30	180
753	783	30	270
753	723	30	90
754	755	30	0
754	753	30	180
754	784	30	270
754	724	30	90
755	756	30	0
755	754	30	180
755	785	30	270
755	725	30	90
756	757	30	0
756	755	30	180
756	786	30	270
756	726	30	90
757	758	30	0
757	756	30	180
757	787	30	270
757	727	30	90
758	759	30	0
758	757	30	180
758	788	30	270
758	728	30	90
759	760	30	0
759	758	30	180
759	789	30	270
759	729	30	90
760	761	30	0
760	759	30	180
760	790	30	270
760	730	30	90
761	762	30	0
761	760	30	180
761	791	30	270
761	731	30	90
762	763	30	0
762	761	30	180
762	792	30	270
762	732	30	90
763	764	30	0
763	762	30	180
763	793	30	270
763	733	30	90
764	765	30	0
764	763	30	180
764	794	30	270
764	734	30	90
765	766	30	0
765	764	30	180
765	795	30	270
765	735	30	90
766	767	30	0
766	765	30	180
766	796	30	270
766	736	30	90
767	768	30	0
767	766	30	180
767	797	30	270
767	737	30	90
768	769	30	0
768	767	30	180
768	798	30	270
768	738	30	90
769	770	30	0
769	768	30	180
769	799	30	270
769	739	30	90
770	771	30	0
770	769	30	180
770	800	30	270
770	740	30	90
771	772	30	0
771	770	30	180
771	801	30	270
771	741	30	90
772	773	30	0
772	771	30	180
772	802	30	270
772	742	30	90
773	774	30	0
773	772	30	180
773	803	30	270
773	743	30	90
774	775	30	0
774	773	30	180
774	804	30	270
774	744	30	90
775	776	30	0
775	774	30	180
775	805	30	270
775	745	30	90
776	777	30	0
776	775	30	180
776	806	30	270
776	746	30	90
777	778	30	0
777	776	30	180
777	807	30	270
777	747	30	90
778	779	30	0
778	777	30	180
778	808	30	270
778	748	30	90
779	778	30	180
779	809	30	270
779	749	30	90
780	781	30	0
780	810	30	270
780	750	30	90
781	782	30	0
781	780	30	180
781	811	30	270
781	751	30	90
782	783	30	0
782	781	30	180
782	812	30	270
782	752	30	90
783	784	30	0
783	782	30	180
783	813	30	270
783	753	30	90
784	785	30	0
784	783	30	180
784	814	30	270
784	754	30	90
785	786	30	0
785	784	30	180
785	815	30	270
785	755	30	90
786	787	30	0
786	785	30	180
786	816	30	270
786	756	30	90
787	788	30	0
787	786	30	180
787	817	30	270
787	757	30	90
788	789	30	0
788	787	30	180
788	818	30	270
788	758	30	90
789	790	30	0
789	788	30	180
789	819	30	270
789	759	30	90
790	791	30	0
790	789	30	180
790	820	30	270
790	760	30	90
791	792	30	0
791	790	30	180
791	821	30	270
791	761	30	90
792	793	30	0
792	791	30	180
792	822	30	270
792	762	30	90
793	794	30	0
793	792	30	180
793	823	30	270
793	763	30	90
794	795	30	0
794	793	30	180
794	824	30	270
794	764	30	90
795	796	30	0
795	794	30	180
795	825	30	270
795	765	30	90
796	797	30	0
796	795	30	180
796	826	30	270
796	766	30	90
797	798	30	0
797	796	30	180
797	827	30	270
797	767	30	90
798	799	30	0
798	797	30	180
798	828	30	270
798	768	30	90
799	800	30	0
799	798	30	180
799	829	30	270
799	769	30	90
800	801	30	0
800	799	30	180
800	830	30	270
800	770	30	90
801	802	30	0
801	800	30	180
801	831	30	270
801	771	30	90
802	803	30	0
802	801	30	180
802	832	30	270
802	772	30	90
803	804	30	0
803	802	30	180
803	833	30	270
803	773	30	90
804	805	30	0
804	803	30	180
804	834	30	270
804	774	30	90
805	806	30	0
805	804	30	180
805	835	30	270
805	775	30	90
806	807	30	0
806	805	30	180
806	836	30	270
806	776	30	90
807	808	30	0
807	806	30	180
807	837	30	270
807	777	30	90
808	809	30	0
808	807	30	180
808	838	30	270
808	778	30	90
809	808	30	180
809	839	30	270
809	779	30	90
810	811	30	0
810	840	30	270
810	780	30	90
811	812	30	0
811	810	30	180
811	841	30	270
811	781	30	90
812	813	30	0
812	811	30	180
812	842	30	270
812	782	30	90
813	814	30	0
813	812	30	180
813	843	30	270
813	783	30	90
814	815	30	0
814	813	30	180
814	844	30	270
814	784	30	90
815	816	30	0
815	814	30	180
815	845	30	270
815	785	30	90
816	817	30	0
816	815	30	180
816	846	30	270
816	786	30	90
817	818	30	0
817	816	30	180
817	847	30	270
817	787	30	90
818	819	30	0
818	817	30	180
818	848	30	270
818	788	30	90
819	820	30	0
819	818	30	180
819	849	30	270
819	789	30	90
820	821	30	0
820	819	30	180
820	850	30	270
820	790	30	90
821	822	30	0
821	820	30	180
821	851	30	270
821	791	30	90
822	823	30	0
822	821	30	180
822	852	30	270
822	792	30	90
823	824	30	0
823	822	30	180
823	853	30	270
823	793	30	90
824	825	30	0
824	823	30	180
824	854	30	270
824	794	30	90
825	826	30	0
825	824	30	180
825	855	30	270
825	795	30	90
826	827	30	0
826	825	30	180
826	856	30	270
826	796	30	90
827	828	30	0
827	826	30	180
827	857	30	270
827	797	30	90
828	829	30	0
828	827	30	180
828	858	30	270
828	798	30	90
829	830	30	0
829	828	30	180
829	859	30	270
829	799	30	90
830	831	30	0
830	829	30	180
830	860	30	270
830	800	30	90
831	832	30	0
831	830	30	180
831	861	30	270
831	801	30	90
832	833	30	0
832	831	30	180
832	862	30	270
832	802	30	90
833	834	30	0
833	832	30	180
833	863	30	270
833	803	30	90
834	835	30	0
834	833	30	180
834	864	30	270
834	804	30	90
835	836	30	0
835	834	30	180
835	865	30	270
835	805	30	90
836	837	30	0
836	835	30	180
836	866	30	270
836	806	30	90
837	838	30	0
837	836	30	180
837	867	30	270
837	807	30	90
838	839	30	0
838	837	30	180
838	868	30	270
838	808	30	90
839	838	30	180
839	869	30	270
839	809	30	90
840	841	30	0
840	870	30	270
840	810	30	90
841	842	30	0
841	840	30	180
841	871	30	270
841	811	30	90
842	843	30	0
842	841	30	180
842	872	30	270
842	812	30	90
843	844	30	0
843	842	30	180
843	873	30	270
843	813	30	90
844	845	30	0
844	843	30	180
844	874	30	270
844	814	30	90
845	846	30	0
845	844	30	180
845	875	30	270
845	815	30	90
846	847	30	0
846	845	30	180
846	876	30	270
846	816	30	90
847	848	30	0
847	846	30	180
847	877	30	270
847	817	30	90
848	849	30	0
848	847	30	180
848	878	30	270
848	818	30	90
849	850	30	0
849	848	30	180
849	879	30	270
849	819	30	90
850	851	30	0
850	849	30	180
850	880	30	270
850	820	30	90
851	852	30	0
851	850	30	180
851	881	30	270
851	821	30	90
852	853	30	0
852	851	30	180
852	882	30	270
852	822	30	90
853	854	30	0
853	852	30	180
853	883	30	270
853	823	30	90
854	855	30	0
854	853	30	180
854	884	30	270
854	824	30	90
855	856	30	0
855	854	30	180
855	885	30	270
855	825	30	90
856	857	30	0
856	855	30	180
856	886	30	270
856	826	30	90
857	858	30	0
857	856	30	180
857	887	30	270
857	827	30	90
858	859	30	0
858	857	30	180
858	888	30	270
858	828	30	90
859	860	30	0
859	858	30	180
859	889	30	270
859	829	30	90
860	861	30	0
860	859	30	180
860	890	30	270
860	830	30	90
861	862	30	0
861	860	30	180
861	891	30	270
861	831	30	90
862	863	30	0
862	861	30	180
862	892	30	270
862	832	30	90
863	864	30	0
863	862	30	180
863	893	30	270
863	833	30	90
864	865	30	0
864	863	30	180
864	894	30	270
864	834	30	90
865	866	30	0
865	864	30	180
865	895	30	270
865	835	30	90
866	867	30	0
866	865	30	180
866	896	30	270
866	836	30	90
867	868	30	0
867	866	30	180
867	897	30	270
867	837	30	90
868	869	30	0
868	867	30	180
868	898	30	270
868	838	30	90
869	868	30	180
869	899	30	270
869	839	30	90
870	871	30	0
870	840	30	90
871	872	30	0
871	870	30	180
871	841	30	90
872	873	30	0
872	871	30	180
872	842	30	90
873	874	30	0
873	872	30	180
873	843	30	90
874	875	30	0
874	873	30	180
874	844	30	90
875	876	30	0
875	874	30	180
875	845	30	90
876	877	30	0
876	875	30	180
876	846	30	90
877	878	30	0
877	876	30	180
877	847	30	90
878	879	30	0
878	877	30	180
878	848	30	90
879	880	30	0
879	878	30	180
879	849	30	90
880	881	30	0
880	879	30	180
880	850	30	90
881	882	30	0
881	880	30	180
881	851	30	90
882	883	30	0
882	881	30	180
882	852	30	90
883	884	30	0
883	882	30	180
883	853	30	90
884	885	30	0
884	883	30	180
884	854	30	90
885	886	30	0
885	884	30	180
885	855	30	90
886	887	30	0
886	885	30	180
886	856	30	90
887	888	30	0
887	886	30	180
887	857	30	90
888	889	30	0
888	887	30	180
888	858	30	90
889	890	30	0
889	888	30	180
889	859	30	90
890	891	30	0
890	889	30	180
890	860	30	90
891	892	30	0
891	890	30	180
891	861	30	90
892	893	30	0
892	891	30	180
892	862	30	90
893	894	30	0
893	892	30	180
893	863	30	90
894	895	30	0
894	893	30	180
894	864	30	90
895	896	30	0
895	894	30	180
895	865	30	90
896	897	30	0
896	895	30	180
896	866	30	90
897	898	30	0
897	896	30	180
897	867	30	90
898	899	30	0
898	897	30	180
898	868	30	90
899	898	30	180
899	869	30	90
