11	4	3
9	8	7
14	9	8
36	10	19
36	10	11
10	11	4
10	11	16
15	14	9
15	14	23
16	15	14
11	16	15
28	17	12
13	18	29
27	21	19
70	22	2
85	25	51
85	25	6
39	26	7
35	27	21
37	28	17
18	29	38
33	30	31
30	31	34
43	32	74
43	32	24
35	33	30
35	33	23
36	35	27
36	35	33
40	36	35
40	36	10
41	37	28
29	38	42
86	39	26
83	39	26
49	40	36
44	41	37
38	42	45
45	44	41
45	44	46
47	44	41
47	44	46
42	45	44
42	45	48
70	45	44
70	45	48
44	46	5
94	46	5
64	47	44
45	48	65
69	49	40
63	49	40
52	50	51
50	51	52
25	51	52
114	52	50
51	52	50
43	53	58
56	53	58
57	54	55
57	54	20
54	55	56
57	55	56
55	56	53
55	56	58
56	58	60
53	58	60
60	59	61
58	60	61
58	60	59
75	63	49
66	63	49
72	64	47
48	65	73
67	66	63
68	67	66
96	68	67
71	69	49
107	70	45
107	70	22
82	70	45
82	70	22
76	71	69
102	72	64
65	73	103
32	74	90
80	74	90
79	75	63
79	76	71
82	78	61
84	78	61
88	79	76
88	79	75
84	80	87
84	80	74
91	81	62
98	82	70
98	82	78
89	83	39
115	84	80
115	84	78
242	85	25
242	85	114
125	86	39
80	87	115
80	87	92
93	88	79
95	89	83
97	91	81
87	92	90
111	93	88
100	94	46
101	95	89
113	97	91
99	98	82
122	99	98
105	100	94
104	101	95
118	102	72
73	103	124
109	104	101
108	105	109
108	105	100
127	107	70
117	108	105
105	109	104
96	110	112
96	110	139
128	111	93
119	113	97
129	114	52
85	114	52
87	115	239
87	115	84
268	116	112
120	117	108
123	118	102
120	118	102
121	119	113
121	119	106
146	120	118
146	120	117
123	120	118
123	120	117
200	121	119
140	121	119
167	122	127
167	122	99
130	123	120
130	123	118
124	123	120
124	123	118
103	124	132
103	124	123
126	124	132
126	124	123
264	125	131
264	125	86
165	126	124
122	127	143
122	127	107
139	128	111
190	129	136
190	129	114
138	130	123
124	132	148
124	132	171
143	133	153
135	134	131
137	135	134
129	136	144
142	137	135
147	138	130
147	138	145
142	139	128
110	139	128
187	141	267
187	141	160
191	143	133
127	143	133
136	144	194
138	145	147
149	146	120
145	147	138
145	147	148
149	147	138
149	147	148
132	148	150
132	148	151
147	148	150
147	148	151
179	149	147
179	149	146
151	149	147
151	149	146
148	150	174
148	151	183
148	151	149
152	151	183
152	151	149
175	152	151
154	153	155
133	153	155
154	155	156
153	155	156
155	156	157
155	156	161
161	159	166
158	159	166
141	160	163
207	161	159
207	161	157
156	161	159
156	161	157
142	162	283
160	163	252
204	164	167
166	165	126
166	165	173
159	166	180
159	166	165
169	167	170
169	167	122
164	167	170
164	167	122
169	168	206
172	169	167
172	169	168
306	169	167
306	169	168
167	170	232
132	171	173
233	172	169
165	173	178
165	173	177
171	173	178
171	173	177
150	174	178
176	175	184
176	175	152
182	176	175
173	177	186
174	178	182
174	178	181
173	178	182
173	178	181
187	179	149
166	180	208
202	180	208
178	181	186
178	182	201
178	182	176
185	182	201
185	182	176
151	183	188
175	184	189
205	185	182
177	186	202
181	186	202
192	187	141
192	187	179
188	187	141
188	187	179
189	188	187
189	188	193
183	188	187
183	188	193
184	189	193
184	189	188
201	189	193
201	189	188
247	190	129
204	191	143
210	192	187
189	193	214
188	193	214
198	194	197
144	194	197
196	195	238
203	198	197
203	198	194
215	199	221
227	200	121
182	201	189
182	201	229
186	202	208
186	202	180
212	203	198
218	204	191
218	204	164
206	204	191
206	204	164
226	205	185
209	205	185
168	206	220
168	206	204
217	206	220
217	206	204
213	207	161
180	208	211
202	208	211
216	209	226
216	209	205
223	210	192
208	211	213
221	212	225
221	212	203
211	213	218
211	213	207
219	213	218
219	213	207
193	214	224
244	215	199
219	216	209
412	217	206
213	218	204
222	219	216
222	219	213
220	219	216
220	219	213
206	220	219
199	221	212
199	221	225
226	222	219
249	223	210
214	224	251
221	225	231
212	225	231
209	226	222
209	226	205
228	227	200
305	228	227
201	229	230
229	230	262
225	231	281
170	232	234
236	233	172
232	234	241
232	234	235
234	235	241
234	235	239
237	236	233
248	237	236
243	237	236
195	238	240
235	239	259
115	239	259
238	240	271
234	241	255
235	241	255
245	242	247
245	242	85
257	243	237
257	243	248
287	244	215
246	245	247
246	245	242
250	246	245
242	247	190
245	247	190
243	248	237
275	248	237
252	249	223
293	250	246
224	251	253
163	252	249
163	252	253
254	252	249
254	252	253
252	253	256
252	253	258
251	253	256
251	253	258
322	254	252
241	255	259
253	256	325
263	257	243
253	258	291
255	259	260
255	259	265
239	259	260
239	259	265
259	260	263
262	261	291
230	262	261
260	263	275
260	263	257
266	263	275
266	263	257
269	264	125
267	264	125
259	265	273
274	266	263
141	267	264
141	267	270
278	268	116
270	269	264
267	270	269
272	270	269
240	271	277
340	272	270
265	273	279
280	274	266
263	275	286
263	275	248
336	276	197
336	276	77
305	278	268
273	279	302
303	280	274
231	281	345
284	282	288
162	283	284
162	283	285
283	284	282
283	285	341
275	286	289
295	287	244
290	287	244
282	288	392
286	289	374
292	290	287
292	290	314
258	291	338
261	291	338
298	292	290
298	292	296
298	293	250
196	294	297
196	294	299
313	295	287
292	296	304
292	296	326
294	297	299
294	297	301
300	297	299
300	297	301
304	298	293
304	298	292
297	299	327
294	299	327
309	300	301
309	300	297
297	301	307
300	301	307
279	302	307
308	303	280
315	304	298
296	304	298
427	305	228
427	305	278
374	306	169
312	306	169
301	307	309
301	307	308
302	307	309
302	307	308
311	308	303
311	308	316
307	308	303
307	308	316
307	309	300
307	309	327
313	310	335
318	311	308
328	311	308
323	312	306
319	313	295
319	313	310
314	313	295
314	313	310
324	314	313
290	314	313
333	315	304
308	316	317
308	316	318
320	317	321
320	317	318
316	317	321
316	317	318
316	318	311
317	318	311
329	319	313
328	320	321
328	320	317
317	321	426
320	321	426
330	322	254
357	323	312
326	324	334
326	324	314
256	325	331
332	326	347
332	326	324
296	326	347
296	326	324
309	327	430
299	327	430
431	328	320
431	328	311
339	329	319
351	330	322
325	331	352
333	332	343
333	332	326
346	333	332
346	333	315
310	335	339
310	335	355
337	336	276
291	338	360
291	338	363
335	339	329
342	340	272
285	341	348
356	342	340
347	343	368
332	343	368
364	344	347
364	344	334
349	346	333
344	347	343
344	347	364
326	347	343
326	347	364
341	348	365
420	349	346
354	350	351
367	351	352
367	351	330
350	351	352
350	351	330
351	352	353
351	352	378
331	352	353
331	352	378
352	353	375
359	354	350
335	355	428
361	356	342
358	356	342
416	357	323
362	358	356
361	359	354
338	360	408
362	361	359
362	361	369
362	361	356
370	362	358
370	362	361
383	362	358
383	362	361
338	363	366
347	364	424
347	364	344
348	365	383
363	366	376
371	367	351
382	367	351
343	368	391
361	369	371
361	369	373
380	370	362
372	371	367
369	371	367
382	372	371
369	373	381
691	374	306
289	374	306
376	375	379
353	375	379
366	376	379
366	376	375
385	377	381
352	378	384
352	378	398
375	379	407
376	379	407
388	380	370
396	380	370
373	381	385
377	381	385
384	382	367
384	382	372
386	382	367
386	382	372
365	383	362
394	384	382
394	384	389
378	384	382
378	384	389
387	385	377
387	385	386
381	385	377
381	385	386
387	386	382
387	386	389
385	386	382
385	386	389
388	387	386
388	387	385
396	388	380
396	388	387
390	388	380
390	388	387
384	389	390
384	389	394
386	389	390
386	389	394
389	390	393
389	390	388
395	390	393
395	390	388
368	391	409
390	393	395
390	393	399
389	394	398
389	394	384
397	394	398
397	394	384
404	395	390
393	395	390
442	396	388
442	396	380
405	397	394
378	398	401
378	398	403
394	398	401
394	398	403
402	399	400
393	399	400
399	400	444
398	401	406
398	401	403
404	402	399
401	403	405
401	403	421
398	403	405
398	403	421
413	404	402
413	404	395
405	404	402
405	404	395
413	405	404
413	405	397
403	405	404
403	405	397
401	406	421
379	407	465
360	408	410
391	409	436
408	410	595
438	411	392
414	412	217
414	412	415
472	413	405
472	413	404
417	414	412
417	414	415
414	415	416
414	415	418
412	415	416
412	415	418
415	416	357
415	416	418
419	417	414
416	418	419
415	418	419
423	419	417
418	419	417
429	420	349
403	421	470
406	421	470
425	423	419
455	424	452
364	424	452
449	425	423
321	426	579
485	427	305
490	427	305
355	428	488
433	429	420
433	429	450
327	430	445
327	430	432
456	431	328
447	431	328
430	432	435
430	432	433
435	433	429
432	433	429
437	434	443
435	434	443
437	435	434
437	435	433
432	435	434
432	435	433
409	436	455
439	437	435
439	437	434
443	439	437
441	440	442
482	442	396
482	442	444
440	442	396
440	442	444
445	443	439
445	443	450
434	443	439
434	443	450
400	444	480
400	444	446
442	444	480
442	444	446
430	445	458
430	445	443
447	445	458
447	445	443
444	446	487
460	447	445
460	447	431
448	447	445
448	447	431
451	448	454
451	448	447
460	448	454
460	448	447
516	449	425
443	450	458
429	450	458
453	451	448
457	453	451
454	453	451
448	454	457
448	454	453
436	455	461
436	455	424
459	456	431
457	456	431
454	457	456
454	457	453
459	457	456
459	457	453
450	458	698
445	458	698
539	459	456
539	459	457
696	460	448
696	460	447
455	461	463
455	461	462
461	462	463
461	462	477
462	463	545
461	463	545
441	464	498
407	465	468
407	465	466
465	466	468
465	466	467
466	468	469
465	468	469
468	469	467
468	469	473
421	470	471
421	470	467
470	471	473
474	472	413
471	473	474
471	473	475
469	473	474
469	473	475
476	474	481
476	474	472
473	474	481
473	474	472
473	475	493
479	476	474
462	477	679
486	478	496
438	478	496
481	479	476
483	479	476
444	480	503
444	480	514
483	481	479
474	481	479
502	482	442
511	482	442
497	483	479
497	483	481
491	484	489
422	484	489
486	485	427
499	485	427
528	486	485
528	486	478
484	489	492
484	489	521
494	490	427
495	491	492
495	491	484
491	492	515
489	492	515
475	493	557
541	494	490
523	495	491
513	495	491
478	496	498
478	496	522
559	497	483
533	500	563
499	500	563
511	501	502
507	502	503
507	502	482
501	502	503
501	502	482
502	503	504
502	503	508
480	503	504
480	503	508
503	504	505
504	505	514
507	506	509
508	507	506
508	507	502
527	507	506
527	507	502
510	508	530
510	508	507
503	508	530
503	508	507
506	509	527
506	509	528
512	510	508
522	511	501
522	511	482
537	512	510
530	512	510
518	513	495
505	514	525
480	514	525
492	515	517
543	516	449
515	517	521
515	517	519
518	517	521
518	517	519
523	518	517
523	518	513
519	518	517
519	518	513
517	519	520
517	519	518
519	520	526
519	520	524
531	520	526
531	520	524
489	521	529
517	521	529
528	522	511
496	522	511
562	523	518
562	523	495
520	524	535
514	525	487
514	525	532
520	526	535
520	526	534
509	527	507
509	528	486
509	528	522
508	530	512
525	532	546
526	534	538
535	534	538
524	535	534
526	535	534
542	536	575
544	537	512
534	538	564
548	539	459
565	541	494
551	542	536
583	543	516
547	544	537
547	544	663
559	546	643
559	546	547
532	546	643
532	546	547
653	547	544
546	547	544
550	548	549
550	548	539
548	549	553
548	549	556
553	550	548
560	550	548
552	551	542
565	552	551
555	553	556
555	553	550
555	553	554
549	553	556
549	553	550
549	553	554
555	554	560
553	554	560
558	555	554
558	555	553
549	556	558
553	556	558
493	557	559
493	557	572
556	558	555
656	558	555
570	559	546
570	559	497
557	559	546
557	559	497
554	560	550
596	560	550
569	562	523
500	563	567
538	564	574
651	565	541
651	565	552
563	567	571
566	568	575
573	569	562
602	569	562
580	570	559
567	571	584
557	572	578
666	573	569
564	574	667
536	575	585
568	575	585
577	576	602
599	577	576
599	577	488
572	578	588
572	578	591
426	579	581
589	580	570
594	580	570
579	581	582
581	582	593
680	583	543
571	584	671
575	585	586
585	586	672
578	588	590
592	589	580
592	590	591
592	590	619
588	590	591
588	590	619
590	591	614
578	591	614
623	592	589
623	592	590
594	592	589
594	592	590
582	593	673
626	594	580
626	594	592
410	595	601
410	595	598
682	597	604
600	597	604
609	598	606
595	598	606
604	599	577
607	599	577
605	600	597
605	600	683
843	600	597
843	600	683
576	602	569
576	602	657
597	604	607
597	604	599
667	605	600
609	606	705
598	606	705
604	607	666
604	607	599
706	608	616
706	608	610
611	609	606
611	609	598
616	610	613
608	610	613
613	611	609
613	611	601
612	611	609
612	611	601
621	612	611
627	613	611
627	613	615
610	613	611
610	613	615
591	614	620
591	614	622
613	615	617
613	615	630
608	616	610
640	616	610
615	617	625
630	617	625
623	619	622
623	619	629
590	619	622
590	619	629
622	620	621
614	620	621
624	621	612
620	621	612
619	622	620
619	622	628
614	622	620
614	622	628
631	623	619
631	623	592
626	623	619
626	623	592
628	624	621
632	625	641
617	625	641
633	626	623
633	626	594
642	626	623
642	626	594
636	627	613
649	627	613
629	628	624
629	628	634
622	628	624
622	628	634
631	629	635
631	629	628
619	629	635
619	629	628
615	630	617
649	630	617
633	631	629
633	631	623
637	631	629
637	631	623
639	633	631
639	633	626
638	633	631
638	633	626
632	634	635
632	634	641
628	634	635
628	634	641
629	635	637
629	635	645
634	635	637
634	635	645
652	636	640
652	636	627
646	637	631
646	637	639
635	637	631
635	637	639
642	638	633
637	639	633
637	639	644
647	639	633
647	639	644
636	640	652
636	640	616
625	641	675
625	641	645
634	641	675
634	641	645
643	642	638
643	642	626
546	643	642
639	644	650
635	645	646
635	645	659
641	645	646
641	645	659
645	646	647
645	646	637
658	646	647
658	646	637
655	647	648
655	647	639
646	647	648
646	647	639
655	648	650
647	648	650
654	649	630
654	649	627
644	650	653
648	650	653
681	651	565
671	651	565
640	652	636
654	652	636
650	653	547
674	655	648
674	655	647
792	656	558
716	656	558
660	657	662
602	657	662
674	658	646
645	659	675
662	660	657
661	660	657
657	662	664
657	662	660
544	663	665
662	664	666
663	665	677
607	666	573
607	666	667
664	666	573
664	666	667
666	667	605
666	667	668
574	667	605
574	667	668
667	668	846
678	671	651
584	671	651
586	672	684
764	672	684
685	674	658
685	674	655
659	675	686
641	675	686
677	676	687
677	676	587
665	677	676
804	677	676
816	678	671
477	679	789
704	680	583
688	680	583
684	681	651
694	681	651
767	682	597
600	683	768
672	684	681
686	685	674
730	685	674
675	686	685
675	686	731
676	687	753
689	688	680
693	689	688
733	690	692
654	690	692
697	691	374
697	691	695
690	692	726
699	693	689
924	693	689
778	694	681
691	695	702
697	695	702
723	696	460
700	697	691
700	697	695
458	698	722
701	699	747
701	699	693
709	700	697
709	700	702
705	701	699
705	701	707
695	702	718
695	702	703
700	702	718
700	702	703
715	703	712
702	703	712
727	704	783
727	704	680
706	705	707
706	705	701
606	705	707
606	705	701
708	706	705
708	706	608
710	706	705
710	706	608
705	707	708
705	707	720
701	707	708
701	707	720
707	708	710
707	708	706
720	708	710
720	708	706
725	709	700
713	709	700
708	710	706
708	710	726
716	711	771
703	712	715
717	713	709
728	714	603
712	715	718
712	715	703
717	715	718
717	715	703
734	716	656
734	716	711
725	717	713
725	717	715
719	717	713
719	717	715
715	718	736
715	718	719
702	718	736
702	718	719
737	719	717
737	719	729
718	719	717
718	719	729
782	720	708
707	720	708
724	721	673
698	722	775
739	723	696
769	724	721
729	725	709
729	725	717
710	726	742
763	726	742
692	726	742
732	727	704
776	728	714
719	729	725
719	729	783
738	730	685
686	731	735
924	732	727
740	733	690
916	734	716
897	734	716
731	735	745
731	735	743
718	736	769
770	737	719
741	738	730
787	739	723
748	739	723
803	740	733
803	740	746
750	741	738
762	741	738
735	743	752
744	743	752
754	744	743
756	744	743
735	745	749
735	745	754
699	747	780
773	748	739
754	749	751
745	749	751
758	750	759
758	750	741
749	751	746
749	751	755
743	752	757
687	753	828
756	754	749
756	754	744
745	754	749
745	754	744
755	754	749
755	754	744
751	755	760
751	755	754
777	755	760
777	755	754
757	756	744
757	756	754
758	757	760
758	757	756
752	757	760
752	757	756
759	758	750
759	758	757
761	758	750
761	758	757
750	759	758
755	760	766
755	760	761
757	760	766
757	760	761
765	761	758
765	761	762
760	761	758
760	761	762
761	762	741
806	763	814
806	763	726
964	764	672
964	764	781
848	765	761
760	766	849
789	767	682
683	768	807
770	769	724
770	769	867
736	769	724
736	769	867
840	770	737
840	770	769
866	770	737
866	770	769
711	771	774
618	772	846
788	773	785
788	773	748
771	774	879
722	775	790
722	775	808
779	776	792
779	776	728
819	777	755
847	779	776
747	780	883
884	780	883
764	781	794
786	782	806
786	782	720
729	783	784
704	783	784
783	784	801
773	785	788
900	786	782
791	787	739
785	788	790
785	788	773
791	788	790
791	788	773
679	789	767
805	789	767
788	790	795
788	790	793
775	790	795
775	790	793
793	791	788
793	791	787
827	791	788
827	791	787
856	792	656
776	792	656
790	793	799
790	793	791
796	793	799
796	793	791
781	794	881
790	795	808
800	796	793
845	797	798
845	797	742
797	798	802
793	799	826
793	799	824
812	800	796
821	800	796
784	801	810
798	802	803
802	803	740
802	803	882
802	803	819
833	804	677
808	805	789
813	805	789
782	806	763
782	806	923
782	806	814
768	807	809
768	807	818
775	808	805
795	808	805
807	809	817
807	809	815
801	810	811
810	811	820
813	812	800
821	813	812
821	813	805
815	813	812
815	813	805
763	814	837
763	814	841
806	814	837
806	814	841
809	815	823
809	815	813
817	815	823
817	815	813
862	816	678
864	816	678
818	817	851
818	817	815
809	817	851
809	817	815
807	818	817
861	819	777
803	819	777
811	820	838
822	821	800
822	821	813
824	822	821
815	823	825
829	823	825
826	824	829
826	824	822
799	824	829
799	824	822
823	825	829
827	826	830
827	826	824
799	826	830
799	826	824
831	827	826
831	827	791
834	827	826
834	827	791
753	828	832
824	829	830
824	829	823
825	829	830
825	829	823
826	830	851
826	830	831
829	830	851
829	830	831
830	831	835
830	831	827
969	831	835
969	831	827
828	832	836
875	833	804
842	833	804
858	834	827
831	835	860
832	836	859
814	837	845
814	837	877
820	838	943
876	840	770
876	840	866
814	841	936
844	842	833
1030	843	600
848	844	842
837	845	797
865	845	797
668	846	1090
772	846	1090
850	847	779
850	847	856
849	848	765
849	848	844
889	848	765
889	848	844
766	849	890
766	849	848
852	849	890
852	849	848
857	850	847
830	851	975
817	851	975
861	852	849
963	853	854
853	854	855
854	855	859
847	856	792
847	856	949
857	856	792
857	856	949
863	857	856
863	857	850
891	857	856
891	857	850
879	858	834
879	858	860
836	859	862
855	859	862
835	860	880
835	860	952
858	860	880
858	860	952
941	862	816
859	862	816
942	863	857
888	865	845
871	866	770
871	866	867
869	866	770
869	866	867
840	866	770
840	866	867
769	867	870
769	867	940
869	867	870
869	867	940
866	867	870
866	867	940
871	869	867
871	869	866
870	869	867
870	869	866
867	870	869
867	870	874
872	870	869
872	870	874
1001	871	866
1001	871	869
912	872	870
912	872	874
881	873	839
870	874	878
872	874	878
1056	875	833
1056	875	885
837	877	906
874	878	918
929	879	858
929	879	880
774	879	858
774	879	880
860	880	933
879	880	933
794	881	873
803	882	893
907	882	893
780	883	895
896	884	780
875	885	886
885	886	889
861	887	901
892	887	901
927	888	865
1117	889	848
890	889	848
886	889	848
898	890	1118
898	890	889
849	890	1118
849	890	889
922	891	857
910	892	887
910	892	907
882	893	909
882	893	915
895	894	899
883	895	904
883	895	894
896	895	904
896	895	894
914	896	895
914	896	884
905	896	895
905	896	884
921	897	734
901	898	890
894	899	902
894	899	908
917	900	914
917	900	786
887	901	898
919	902	928
899	902	928
908	903	904
895	904	905
903	904	905
904	905	896
904	905	920
877	906	1010
892	907	909
892	907	882
911	907	909
911	907	882
919	908	903
899	908	903
907	909	915
907	909	911
893	909	915
893	909	911
911	910	892
913	910	892
909	911	910
909	911	907
913	911	910
913	911	907
946	912	872
925	913	911
925	913	910
915	913	911
915	913	910
900	914	896
917	914	896
893	915	913
893	915	930
931	915	913
931	915	930
925	915	913
925	915	930
909	915	913
909	915	930
932	916	734
929	916	734
920	917	914
920	917	900
926	917	914
926	917	900
938	917	914
938	917	900
878	918	1054
937	919	908
937	919	902
905	920	917
905	920	926
1016	921	897
935	922	891
806	923	954
956	923	954
928	924	732
928	924	693
1033	925	915
1033	925	913
920	926	917
920	926	948
1035	927	888
902	928	944
902	928	924
937	928	944
937	928	924
933	929	916
933	929	879
932	929	916
932	929	879
915	930	1032
931	930	1032
958	931	930
958	931	915
980	932	929
980	932	916
939	933	934
939	933	929
880	933	934
880	933	929
933	934	982
939	934	982
951	935	922
950	935	922
841	936	993
978	937	928
978	937	919
967	937	928
967	937	919
957	938	948
957	938	917
1105	939	934
1105	939	933
867	940	942
1163	941	862
946	942	950
946	942	863
940	942	950
940	942	863
838	943	945
928	944	953
943	945	966
947	946	942
947	946	912
961	947	946
938	948	974
926	948	974
856	949	968
856	949	955
942	950	935
942	950	951
960	951	955
960	951	935
950	951	955
950	951	935
860	952	969
944	953	970
944	953	967
923	954	957
923	954	962
951	955	968
951	955	960
949	955	968
949	955	960
965	956	923
971	956	923
962	957	938
954	957	938
959	958	931
1035	959	958
989	960	961
989	960	951
955	960	961
955	960	951
960	961	947
989	961	947
954	962	974
954	962	957
965	962	974
965	962	957
1029	963	853
976	964	764
972	964	764
974	965	956
974	965	962
971	965	956
971	965	962
945	966	990
985	966	990
953	967	937
977	967	937
955	968	988
949	968	988
952	969	975
952	969	831
1102	969	975
1102	969	831
977	970	985
953	970	985
979	971	956
979	971	965
566	972	964
566	972	976
962	974	984
962	974	965
962	974	983
948	974	984
948	974	965
948	974	983
969	975	999
969	975	1106
851	975	999
851	975	1106
1069	976	964
972	976	964
991	977	967
991	977	970
986	978	937
984	979	971
992	979	971
1006	980	932
995	981	839
934	982	1008
974	983	1042
974	984	997
974	984	979
970	985	966
970	985	990
991	985	966
991	985	990
998	986	1017
998	986	978
968	988	1003
1002	989	961
1002	989	960
966	990	996
966	990	994
985	990	996
985	990	994
1017	991	985
1017	991	977
994	991	985
994	991	977
1007	992	979
1007	992	997
1013	993	1005
936	993	1005
1000	994	991
1000	994	1017
990	994	991
990	994	1017
864	995	981
990	996	1014
984	997	1023
992	997	1023
1044	998	986
1025	998	986
975	999	1172
1018	1000	994
1046	1001	871
1111	1002	989
988	1003	1108
993	1005	1007
993	1005	1011
1009	1006	980
1005	1007	992
1011	1007	992
982	1008	1012
1036	1009	1006
906	1010	1015
1019	1010	1015
1013	1011	1023
1013	1011	1007
1005	1011	1023
1005	1011	1007
1008	1012	1038
1040	1013	993
1040	1013	1011
1027	1013	993
1027	1013	1011
996	1014	1021
1019	1015	1020
1010	1015	1020
1036	1016	921
994	1017	991
994	1017	1025
986	1017	991
986	1017	1025
1024	1018	1000
1015	1020	1026
1015	1020	1022
1014	1021	1034
1014	1021	1004
1011	1023	1028
1011	1023	1027
997	1023	1028
997	1023	1027
1037	1024	1018
1017	1025	1084
1017	1025	998
1040	1026	1022
1020	1026	1022
1028	1027	1013
1028	1027	1048
1023	1027	1013
1023	1027	1048
1023	1028	1027
1023	1028	1047
1031	1029	963
868	1030	843
1089	1030	843
1050	1031	1029
930	1032	1033
930	1032	1082
1032	1033	1043
1032	1033	925
1080	1033	1043
1080	1033	925
1021	1034	1046
1021	1034	1052
1053	1035	959
1053	1035	927
1038	1036	1016
1038	1036	1009
1058	1036	1016
1058	1036	1009
1039	1037	1024
1012	1038	1036
1012	1038	1061
1071	1039	1037
1060	1039	1037
1048	1040	1013
1048	1040	1026
1099	1040	1013
1099	1040	1026
1033	1043	1059
1033	1043	1041
1070	1044	998
1046	1045	1054
1057	1046	1045
1057	1046	1001
1034	1046	1045
1034	1046	1001
1028	1047	1104
1141	1048	1101
1141	1048	1040
1027	1048	1101
1027	1048	1040
1076	1049	1070
1087	1050	1064
1087	1050	1031
1053	1051	1062
1034	1052	1057
1067	1053	1051
1067	1053	1035
1045	1054	1055
918	1054	1055
1054	1055	1094
1054	1055	1072
1064	1056	875
1052	1057	1046
1052	1057	1072
1066	1057	1046
1066	1057	1072
1065	1058	1036
1043	1059	1079
1066	1060	1039
1038	1061	1068
1051	1062	1063
1051	1062	1081
1062	1063	1067
1050	1064	1056
1135	1065	1058
1071	1066	1057
1071	1066	1060
1075	1066	1057
1075	1066	1060
1129	1067	1053
1063	1067	1053
1061	1068	1139
1049	1070	1044
1049	1070	1084
1074	1071	1066
1074	1071	1039
1083	1071	1066
1083	1071	1039
1055	1072	1073
1055	1072	1075
1057	1072	1073
1057	1072	1075
1072	1073	1094
1077	1074	1071
1072	1075	1066
1072	1075	1077
1078	1075	1066
1078	1075	1077
1075	1077	1074
1075	1077	1086
1098	1077	1074
1098	1077	1086
1098	1078	1075
1162	1079	1041
1059	1079	1041
1088	1080	1033
1096	1080	1033
1062	1081	1085
1085	1081	1085
1032	1082	1088
1032	1082	1093
1115	1083	1071
1025	1084	1109
1070	1084	1109
1081	1085	1081
1081	1085	1099
1077	1086	1114
1082	1088	1080
1082	1088	1092
1091	1088	1080
1091	1088	1092
1329	1089	1030
846	1090	1242
846	1090	1571
1095	1091	1088
1095	1091	1093
1092	1091	1088
1092	1091	1093
1096	1092	1091
1096	1092	1097
1088	1092	1091
1088	1092	1097
1091	1093	1103
1082	1093	1103
1055	1094	1125
1073	1094	1125
1100	1095	1097
1100	1095	1091
1157	1096	1080
1157	1096	1092
1095	1097	1156
1092	1097	1156
1131	1098	1078
1131	1098	1077
1124	1099	1101
1124	1099	1040
1085	1099	1101
1085	1099	1040
1107	1100	1095
1048	1101	1126
1099	1101	1126
1127	1102	969
1093	1103	1112
1047	1104	1116
1137	1105	939
975	1106	1110
1113	1107	1100
1111	1108	1135
1003	1108	1135
1106	1110	1121
1106	1110	1130
1136	1111	1002
1136	1111	1108
1103	1112	1148
1149	1113	1107
1086	1114	1120
1201	1115	1083
1104	1116	1158
1166	1117	889
1166	1117	1119
1118	1117	889
1118	1117	1119
890	1118	1165
890	1118	1117
1117	1119	1122
1114	1120	1147
1110	1121	1176
1119	1122	1151
1124	1123	1129
1138	1123	1129
1138	1124	1099
1138	1124	1123
1126	1124	1099
1126	1124	1123
1094	1125	1133
1101	1126	1143
1101	1126	1128
1101	1126	1124
1132	1127	1102
1126	1128	1153
1123	1129	1152
1123	1129	1067
1110	1130	1179
1134	1131	1098
1203	1132	1127
1182	1132	1127
1125	1133	1175
1181	1134	1131
1108	1135	1065
1108	1135	1139
1136	1135	1065
1136	1135	1139
1140	1136	1135
1140	1136	1111
1146	1136	1135
1146	1136	1111
1144	1137	1105
1142	1138	1124
1142	1138	1123
1068	1139	1140
1068	1139	1191
1135	1139	1140
1135	1139	1191
1139	1140	1136
1139	1140	1171
1192	1140	1136
1192	1140	1171
1145	1141	1048
1153	1141	1048
1205	1142	1138
1205	1142	1143
1142	1143	1204
1126	1143	1204
1214	1144	1137
1158	1145	1141
1158	1145	1154
1168	1146	1136
1120	1147	1211
1112	1148	1152
1161	1149	1113
1164	1150	1109
1122	1151	1160
1087	1151	1160
1148	1152	1161
1129	1152	1161
1128	1153	1154
1128	1153	1141
1153	1154	1155
1145	1154	1155
1097	1156	1157
1156	1157	1096
1156	1157	1162
1116	1158	1145
1456	1159	1202
1151	1160	1167
1152	1161	1149
1157	1162	1079
1157	1162	1165
1334	1162	1079
1334	1162	1165
1170	1163	941
1169	1163	941
1201	1164	1198
1201	1164	1150
1162	1165	1166
1162	1165	1212
1118	1165	1166
1118	1165	1212
1213	1166	1117
1165	1166	1117
1160	1167	1174
1175	1168	1146
1197	1169	1163
1140	1171	1185
999	1172	1199
999	1172	1173
1167	1174	1184
1178	1175	1168
1178	1175	1185
1133	1175	1168
1133	1175	1185
1262	1176	1177
1121	1176	1177
1176	1177	1180
1181	1178	1175
1188	1178	1175
1182	1179	1183
1130	1179	1183
1177	1180	1219
1177	1180	1183
1188	1181	1178
1188	1181	1134
1189	1181	1178
1189	1181	1134
1190	1182	1132
1190	1182	1179
1186	1182	1132
1186	1182	1179
1179	1183	1186
1179	1183	1328
1180	1183	1186
1180	1183	1328
1174	1184	1187
1174	1184	1195
1171	1185	1304
1171	1185	1193
1175	1185	1304
1175	1185	1193
1233	1186	1182
1233	1186	1194
1183	1186	1182
1183	1186	1194
1184	1187	1195
1184	1187	1348
1193	1188	1178
1193	1188	1181
1193	1189	1232
1193	1189	1181
1203	1190	1182
1139	1191	1245
1139	1191	1258
1235	1192	1140
1218	1193	1188
1218	1193	1189
1185	1193	1188
1185	1193	1189
1186	1194	1208
1184	1195	1196
1187	1195	1196
1195	1196	1280
1207	1197	1169
1164	1198	1216
1172	1199	1338
1217	1200	1209
1259	1201	1115
1259	1201	1164
1206	1201	1115
1206	1201	1164
1638	1202	1272
1159	1202	1272
1230	1203	1190
1230	1203	1132
1143	1204	1274
1143	1204	1253
1270	1205	1142
1246	1205	1142
1211	1206	1201
1210	1207	1197
1233	1208	1239
1194	1208	1239
1200	1209	1220
1200	1209	1297
1226	1210	1207
1147	1211	1267
1147	1211	1206
1147	1211	1215
1165	1212	1221
1224	1213	1166
1231	1214	1227
1231	1214	1144
1211	1215	1279
1198	1216	1308
1241	1216	1308
1223	1217	1200
1220	1217	1200
1325	1218	1193
1426	1218	1193
1180	1219	1328
1180	1219	1262
1209	1220	1222
1209	1220	1217
1212	1221	1236
1220	1222	1223
1240	1223	1155
1240	1223	1217
1222	1223	1155
1222	1223	1217
1237	1224	1213
1321	1225	1226
1225	1226	1210
1231	1227	1234
1231	1227	1229
1214	1227	1234
1214	1227	1229
1227	1229	1230
1229	1230	1203
1234	1230	1203
1238	1231	1214
1238	1231	1227
1189	1232	1363
1832	1233	1186
1832	1233	1208
1256	1234	1230
1256	1234	1239
1227	1234	1230
1227	1234	1239
1303	1235	1192
1251	1235	1192
1221	1236	1398
1237	1236	1398
1345	1237	1224
1345	1237	1236
1400	1237	1224
1400	1237	1236
1248	1238	1231
1276	1238	1231
1234	1239	1244
1208	1239	1244
1243	1240	1223
1254	1241	1216
1090	1242	1252
1255	1242	1252
1269	1243	1240
1239	1244	1406
1239	1244	1249
1191	1245	1275
1250	1246	1205
1250	1246	1264
1387	1247	1336
1260	1248	1238
1256	1248	1238
1244	1249	1273
1244	1249	1256
1264	1250	1246
1258	1251	1235
1282	1251	1235
1242	1252	1263
1204	1253	1265
1299	1254	1241
1257	1255	1242
1261	1255	1242
1260	1256	1248
1260	1256	1234
1249	1256	1248
1249	1256	1234
1261	1257	1255
1261	1257	1329
1191	1258	1251
1191	1258	1278
1308	1259	1201
1273	1260	1256
1273	1260	1248
1276	1260	1256
1276	1260	1248
1266	1261	1255
1266	1261	1257
1219	1262	1281
1219	1262	1176
1252	1263	1266
1252	1263	1283
1270	1264	1250
1270	1264	1265
1246	1264	1250
1246	1264	1265
1253	1265	1274
1253	1265	1271
1264	1265	1274
1264	1265	1271
1263	1266	1261
1283	1266	1261
1211	1267	1268
1211	1267	1464
1267	1268	1317
1277	1269	1243
1271	1270	1205
1271	1270	1264
1331	1270	1205
1331	1270	1264
1265	1271	1270
1265	1271	1292
1284	1271	1270
1284	1271	1292
1069	1272	1228
1202	1272	1228
1249	1273	1296
1249	1273	1260
1332	1273	1296
1332	1273	1260
1204	1274	1277
1265	1274	1277
1245	1275	1318
1278	1275	1318
1311	1276	1260
1311	1276	1238
1274	1277	1289
1274	1277	1269
1258	1278	1275
1258	1278	1291
1282	1278	1275
1282	1278	1291
1215	1279	1319
1196	1280	1320
1293	1282	1278
1293	1282	1251
1287	1282	1278
1287	1282	1251
1263	1283	1474
1263	1283	1266
1288	1284	1271
1323	1285	1291
1288	1286	1292
1303	1287	1282
1295	1288	1284
1295	1288	1286
1278	1291	1293
1278	1291	1324
1285	1291	1293
1285	1291	1324
1286	1292	1335
1271	1292	1335
1309	1293	1282
1309	1293	1294
1291	1293	1282
1291	1293	1294
1293	1294	1309
1298	1295	1288
1298	1295	1289
1305	1295	1288
1305	1295	1289
1273	1296	1314
1332	1296	1314
1209	1297	1306
1209	1297	1449
1209	1297	1301
1300	1298	1295
1300	1298	1330
1290	1298	1295
1290	1298	1330
1301	1299	1254
1302	1300	1298
1290	1300	1298
1297	1301	1299
1307	1302	1300
1326	1303	1235
1326	1303	1287
1185	1304	1326
1185	1304	1337
1344	1305	1295
1297	1306	1307
1306	1307	1302
1405	1308	1259
1405	1308	1312
1216	1308	1259
1216	1308	1312
1294	1309	1324
1294	1309	1293
1318	1310	1311
1316	1310	1311
1310	1311	1276
1310	1311	1315
1308	1312	1319
1316	1313	1323
1333	1313	1323
1296	1314	1315
1296	1314	1327
1311	1315	1316
1311	1315	1327
1314	1315	1316
1314	1315	1327
1315	1316	1313
1315	1316	1310
1333	1316	1313
1333	1316	1310
1268	1317	1322
1275	1318	1310
1312	1319	1404
1312	1319	1464
1279	1319	1404
1279	1319	1464
1280	1320	1367
1369	1320	1367
1359	1321	1225
1384	1322	1376
1317	1322	1376
1313	1323	1285
1309	1324	1385
1309	1324	1339
1291	1324	1385
1291	1324	1339
1349	1325	1218
1349	1325	1388
1304	1326	1339
1304	1326	1303
1340	1326	1339
1340	1326	1303
1314	1327	1364
1315	1327	1364
1183	1328	1834
1219	1328	1834
1257	1329	1379
1257	1329	1089
1298	1330	1421
1361	1331	1335
1361	1331	1270
1341	1331	1335
1341	1331	1270
1407	1332	1296
1407	1332	1273
1434	1333	1316
1434	1333	1313
1399	1334	1162
1331	1335	1342
1331	1335	1343
1292	1335	1342
1292	1335	1343
1618	1336	1338
1247	1336	1338
1304	1337	1347
1340	1337	1347
1199	1338	1365
1336	1338	1365
1324	1339	1355
1326	1339	1355
1350	1340	1326
1350	1340	1337
1343	1341	1331
1343	1341	1374
1354	1341	1331
1354	1341	1374
1335	1342	1392
1335	1343	1358
1335	1343	1341
1346	1343	1358
1346	1343	1341
1420	1344	1305
1368	1345	1237
1368	1345	1373
1389	1346	1343
1337	1347	1350
1187	1348	1359
1375	1348	1359
1352	1349	1325
1352	1350	1355
1352	1350	1340
1347	1350	1355
1347	1350	1340
1389	1351	1360
1356	1352	1349
1356	1352	1350
1353	1352	1349
1353	1352	1350
1388	1353	1352
1374	1354	1341
1350	1355	1356
1350	1355	1362
1339	1355	1356
1339	1355	1362
1366	1356	1357
1366	1356	1352
1355	1356	1357
1355	1356	1352
1356	1357	1397
1343	1358	1371
1348	1359	1321
1351	1360	1371
1395	1361	1331
1382	1361	1331
1355	1362	1385
1232	1363	1376
1327	1364	1432
1338	1365	1281
1338	1365	1173
1390	1366	1356
1370	1369	1320
1370	1369	1367
1380	1370	1369
1391	1370	1369
1358	1371	1372
1360	1371	1372
1371	1372	1382
1371	1372	1422
1345	1373	1377
1368	1373	1377
1341	1374	1354
1382	1374	1354
1381	1375	1348
1363	1376	1378
1322	1376	1378
1373	1377	1411
1373	1377	1383
1376	1378	1384
1329	1379	1386
1383	1380	1370
1383	1380	1391
1391	1381	1375
1395	1382	1374
1395	1382	1361
1372	1382	1374
1372	1382	1361
1377	1383	1380
1411	1383	1380
1378	1384	1409
1378	1384	1322
1324	1385	1393
1362	1385	1393
1379	1386	1387
1386	1387	1247
1386	1387	1827
1325	1388	1353
1426	1388	1353
1396	1389	1346
1396	1389	1351
1394	1390	1366
1394	1390	1397
1380	1391	1370
1380	1391	1381
1342	1392	1410
1342	1392	1416
1385	1393	1402
1403	1394	1390
1419	1395	1382
1419	1395	1361
1418	1396	1389
1413	1396	1389
1390	1397	1538
1357	1397	1538
1236	1398	1452
1236	1398	1400
1475	1399	1334
1454	1400	1237
1398	1400	1237
1438	1401	1228
1393	1402	1412
1415	1403	1394
1319	1404	1441
1442	1405	1308
1244	1406	1447
1244	1406	1407
1447	1407	1408
1447	1407	1332
1406	1407	1408
1406	1407	1332
1407	1408	1414
1384	1409	1430
1392	1410	1450
1453	1411	1383
1377	1411	1383
1402	1412	1455
1451	1413	1396
1408	1414	1427
1443	1415	1403
1423	1418	1396
1423	1418	1416
1422	1419	1395
1437	1419	1395
1424	1420	1344
1330	1421	1425
1535	1422	1419
1535	1422	1440
1372	1422	1419
1372	1422	1440
1417	1423	1418
1429	1423	1418
1417	1424	1420
1417	1424	1425
1421	1425	1428
1424	1425	1428
1593	1426	1388
1593	1426	1218
1414	1427	1432
1425	1428	1431
1425	1428	1461
1431	1429	1423
1409	1430	1483
1460	1431	1429
1428	1431	1429
1427	1432	1651
1427	1432	1433
1364	1432	1651
1364	1432	1433
1432	1433	1434
1641	1434	1458
1641	1434	1333
1433	1434	1458
1433	1434	1333
1170	1435	1468
1439	1436	1507
1445	1437	1419
1470	1438	1401
1441	1439	1436
1444	1439	1436
1422	1440	1446
1444	1441	1541
1444	1441	1439
1404	1441	1541
1404	1441	1439
1526	1442	1405
1448	1443	1415
1508	1444	1441
1508	1444	1439
1475	1445	1437
1440	1446	1481
1406	1447	1407
1547	1447	1407
1480	1448	1443
1297	1449	1457
1410	1450	1461
1460	1451	1413
1398	1452	1493
1398	1452	1476
1501	1454	1400
1477	1454	1400
1412	1455	1459
1539	1457	1548
1449	1457	1548
1462	1457	1548
1434	1458	1472
1455	1459	1479
1463	1460	1431
1463	1460	1451
1428	1461	1462
1450	1461	1462
1461	1462	1536
1461	1462	1457
1463	1462	1536
1463	1462	1457
1554	1463	1462
1554	1463	1460
1466	1463	1462
1466	1463	1460
1267	1464	1503
1267	1464	1465
1319	1464	1503
1319	1464	1465
1464	1465	1484
1469	1466	1463
1435	1468	1471
1528	1469	1466
1634	1470	1438
1473	1471	1467
1468	1471	1467
1458	1472	1512
1482	1473	1471
1571	1474	1740
1283	1474	1740
1488	1475	1399
1488	1475	1445
1481	1475	1399
1481	1475	1445
1452	1476	1494
1496	1477	1454
1487	1478	1484
1459	1479	1485
1486	1480	1448
1446	1481	1475
1446	1481	1492
1658	1482	1473
1430	1483	1515
1514	1483	1515
1465	1484	1489
1465	1484	1505
1478	1484	1489
1478	1484	1505
1479	1485	1525
1527	1486	1480
1489	1487	1500
1489	1487	1478
1491	1488	1475
1484	1489	1490
1484	1489	1487
1510	1490	1498
1489	1490	1498
1493	1491	1488
1481	1492	1495
1494	1493	1497
1494	1493	1491
1452	1493	1497
1452	1493	1491
1496	1494	1502
1496	1494	1493
1476	1494	1502
1476	1494	1493
1492	1495	1497
1501	1496	1494
1501	1496	1477
1504	1496	1494
1504	1496	1477
1495	1497	1552
1495	1497	1502
1493	1497	1552
1493	1497	1502
1490	1498	1499
1490	1498	1510
1498	1499	1500
1517	1499	1500
1499	1500	1514
1487	1500	1514
1506	1501	1454
1506	1501	1496
1519	1501	1454
1519	1501	1496
1494	1502	1504
1494	1502	1523
1497	1502	1504
1497	1502	1523
1464	1503	1509
1507	1503	1509
1502	1504	1496
1502	1504	1506
1524	1504	1496
1524	1504	1506
1484	1505	1510
1484	1505	1533
1513	1506	1511
1513	1506	1501
1504	1506	1511
1504	1506	1501
1436	1507	1509
1436	1507	1503
1508	1507	1509
1508	1507	1503
1556	1508	1444
1556	1508	1507
1509	1508	1444
1509	1508	1507
1507	1509	1581
1507	1509	1508
1503	1509	1581
1503	1509	1508
1505	1510	1490
1498	1510	1490
1513	1511	1522
1506	1511	1522
1472	1512	1575
1553	1513	1506
1553	1513	1511
1500	1514	1483
1500	1514	1515
1517	1514	1483
1517	1514	1515
1514	1515	1516
1483	1515	1516
1515	1516	1520
1515	1516	1517
1521	1517	1514
1521	1517	1499
1516	1517	1514
1516	1517	1499
1453	1518	1596
1522	1519	1501
1530	1519	1501
1516	1520	1568
1570	1521	1517
1511	1522	1519
1511	1522	1531
1502	1523	1552
1553	1524	1504
1485	1525	1545
1540	1526	1442
1537	1527	1486
1529	1528	1469
1535	1529	1528
1543	1529	1528
1532	1530	1519
1532	1530	1531
1530	1531	1534
1522	1531	1534
1582	1532	1530
1534	1532	1530
1505	1533	1586
1531	1534	1532
1531	1534	1580
1629	1534	1532
1629	1534	1580
1462	1536	1539
1554	1536	1539
1546	1537	1527
1397	1538	1595
1397	1538	1569
1536	1539	1548
1536	1539	1457
1542	1540	1526
1441	1541	1559
1441	1541	1565
1562	1542	1540
1573	1542	1540
1549	1543	1544
1549	1543	1529
1543	1544	1557
1550	1544	1557
1546	1545	1730
1546	1545	1585
1525	1545	1730
1525	1545	1585
1734	1546	1537
1734	1546	1545
1592	1547	1447
1457	1548	1566
1457	1548	1573
1539	1548	1566
1539	1548	1573
1550	1549	1543
1551	1550	1544
1551	1550	1549
1560	1551	1550
1523	1552	1654
1497	1552	1654
1633	1553	1513
1633	1553	1524
1555	1554	1536
1555	1554	1463
1567	1555	1554
1557	1555	1554
1565	1556	1508
1578	1556	1508
1544	1557	1555
1560	1557	1555
1574	1558	1559
1587	1558	1559
1541	1559	1562
1541	1559	1672
1558	1559	1562
1558	1559	1672
1576	1560	1557
1576	1560	1551
1561	1560	1557
1561	1560	1551
1564	1561	1560
1564	1561	1576
1559	1562	1563
1559	1562	1542
1636	1562	1563
1636	1562	1542
1562	1563	1566
1567	1564	1561
1541	1565	1556
1541	1565	1572
1548	1566	1590
1563	1566	1590
1591	1567	1555
1591	1567	1564
1520	1568	1593
1538	1569	1600
1597	1570	1521
1090	1571	1474
1611	1571	1474
1565	1572	1578
1548	1573	1542
1579	1574	1558
1579	1574	1583
1512	1575	1730
1512	1575	1577
1585	1575	1730
1585	1575	1577
1561	1576	1560
1561	1576	1643
1575	1577	1624
1572	1578	1581
1572	1578	1556
1583	1578	1581
1583	1578	1556
1583	1579	1574
1534	1580	1584
1534	1580	1594
1509	1581	1587
1509	1581	1601
1578	1581	1587
1578	1581	1601
1584	1582	1532
1588	1582	1532
1574	1583	1579
1574	1583	1578
1587	1583	1579
1587	1583	1578
1589	1584	1582
1589	1584	1588
1580	1584	1582
1580	1584	1588
1545	1585	1575
1533	1586	1607
1601	1586	1607
1609	1587	1558
1609	1587	1583
1581	1587	1558
1581	1587	1583
1584	1588	1582
1589	1588	1582
1596	1588	1582
1594	1589	1588
1594	1589	1584
1566	1590	1739
1566	1590	1591
1590	1591	1567
1737	1591	1567
1628	1592	1547
1597	1593	1595
1597	1593	1426
1568	1593	1595
1568	1593	1426
1630	1594	1589
1580	1594	1589
1593	1595	1599
1593	1595	1600
1538	1595	1599
1538	1595	1600
1598	1595	1599
1598	1595	1600
1615	1596	1588
1518	1596	1588
1598	1597	1593
1598	1597	1570
1627	1597	1593
1627	1597	1570
1621	1598	1597
1621	1598	1595
1599	1598	1597
1599	1598	1595
1602	1599	1606
1602	1599	1598
1595	1599	1606
1595	1599	1598
1595	1600	1675
1595	1600	1605
1569	1600	1675
1569	1600	1605
1609	1601	1586
1609	1601	1603
1581	1601	1586
1581	1601	1603
1604	1602	1606
1604	1602	1599
1601	1603	1608
1605	1604	1602
1600	1605	1622
1600	1605	1604
1617	1605	1622
1617	1605	1604
1602	1606	1616
1599	1606	1616
1586	1607	1612
1603	1608	1612
1603	1608	1619
1623	1609	1601
1623	1609	1587
1610	1609	1601
1610	1609	1587
1614	1610	1609
1864	1611	1571
1608	1612	1613
1607	1612	1613
1612	1613	1619
1632	1614	1610
1623	1614	1610
1650	1615	1596
1606	1616	1620
1621	1616	1620
1631	1617	1605
1841	1618	1336
1613	1619	1659
1608	1619	1659
1616	1620	1625
1616	1620	1622
1627	1621	1616
1627	1621	1598
1620	1622	1635
1620	1622	1640
1605	1622	1635
1605	1622	1640
1626	1623	1614
1626	1623	1609
1577	1624	1642
1620	1625	1639
1632	1626	1623
1637	1627	1621
1637	1627	1597
1644	1629	1534
1703	1630	1594
1677	1631	1617
1663	1632	1626
1663	1632	1614
1667	1633	1553
1686	1633	1553
1661	1634	1470
1622	1635	1640
1673	1636	1562
1666	1637	1627
1639	1637	1627
1456	1638	1202
1456	1638	1780
1625	1639	1637
1622	1640	1671
1635	1640	1671
1642	1641	1434
1647	1641	1434
1624	1642	1647
1624	1642	1641
1576	1643	1646
1645	1643	1646
1705	1644	1629
1648	1645	1643
1643	1646	1649
1642	1647	1651
1642	1647	1641
1684	1647	1651
1684	1647	1641
1655	1648	1645
1646	1649	1664
1656	1650	1615
1432	1651	1653
1432	1651	1652
1647	1651	1653
1647	1651	1652
1651	1652	1653
1651	1652	1748
1652	1653	1674
1651	1653	1674
1552	1654	1668
1552	1654	1670
1662	1655	1648
1658	1656	1650
1665	1656	1650
1660	1657	1467
1660	1657	1658
1657	1658	1482
1657	1658	1656
1619	1659	1701
1669	1660	1857
1669	1660	1657
1679	1661	1634
1713	1662	1655
1716	1663	1632
1649	1664	1712
1858	1665	1656
1698	1666	1637
1697	1666	1637
1681	1667	1633
1654	1668	1680
1679	1669	1660
1654	1670	1676
1654	1670	1678
1640	1671	1700
1640	1671	1710
1673	1672	1690
1559	1672	1690
1692	1673	1636
1692	1673	1672
1653	1674	1784
1600	1675	1763
1670	1676	1713
1678	1676	1713
1765	1677	1631
1670	1678	1676
1670	1678	1685
1680	1678	1676
1680	1678	1685
1787	1679	1661
1787	1679	1669
1681	1680	1678
1681	1680	1683
1668	1680	1678
1668	1680	1683
1682	1681	1680
1682	1681	1667
1686	1681	1680
1686	1681	1667
1689	1682	1681
1689	1682	1683
1682	1683	1685
1682	1683	1688
1680	1683	1685
1680	1683	1688
1776	1684	1647
1683	1685	1687
1678	1685	1687
1714	1686	1633
1714	1686	1681
1691	1686	1633
1691	1686	1681
1722	1687	1764
1722	1687	1688
1685	1687	1764
1685	1687	1688
1687	1688	1689
1687	1688	1709
1683	1688	1689
1683	1688	1709
1688	1689	1682
1688	1689	1691
1707	1689	1682
1707	1689	1691
1672	1690	1695
1672	1690	1692
1689	1691	1693
1689	1691	1686
1699	1691	1693
1699	1691	1686
1696	1692	1673
1690	1692	1673
1699	1693	1708
1691	1693	1708
1740	1694	1864
1696	1695	1747
1690	1695	1747
1750	1696	1695
1750	1696	1692
1702	1697	1666
1701	1697	1666
1704	1698	1666
1760	1699	1693
1760	1699	1691
1671	1700	1706
1659	1701	1702
1659	1701	1697
1711	1702	1697
1711	1702	1704
1701	1702	1697
1701	1702	1704
1724	1703	1851
1724	1703	1630
1702	1704	1698
1702	1704	1706
1718	1704	1698
1718	1704	1706
1717	1705	1644
1717	1705	1715
1704	1706	1710
1704	1706	1720
1700	1706	1710
1700	1706	1720
1760	1707	1689
1693	1708	1726
1688	1709	1764
1671	1710	1721
1671	1710	1807
1706	1710	1721
1706	1710	1807
1716	1711	1702
1664	1712	1719
1664	1712	1727
1722	1713	1719
1722	1713	1662
1676	1713	1719
1676	1713	1662
1715	1714	1686
1715	1714	1726
1705	1715	1714
1717	1715	1714
1762	1716	1711
1762	1716	1663
1718	1716	1711
1718	1716	1663
1723	1717	1715
1723	1717	1705
1720	1718	1704
1720	1718	1716
1729	1718	1704
1729	1718	1716
1712	1719	1728
1712	1719	1727
1713	1719	1728
1713	1719	1727
1721	1720	1731
1721	1720	1718
1706	1720	1731
1706	1720	1718
1808	1721	1720
1808	1721	1761
1710	1721	1720
1710	1721	1761
1728	1722	1687
1728	1722	1713
1725	1723	1717
1735	1723	1717
1732	1724	1703
1735	1725	1723
1735	1725	1733
1714	1726	1738
1708	1726	1738
1712	1727	1773
1719	1727	1773
1719	1728	1722
1775	1728	1722
1762	1729	1718
1545	1730	1734
1545	1730	1771
1575	1730	1734
1575	1730	1771
1720	1731	1761
1741	1732	1724
1725	1733	1736
1730	1734	1763
1730	1734	1546
1770	1734	1763
1770	1734	1546
1738	1735	1723
1738	1735	1725
1756	1735	1723
1756	1735	1725
1733	1736	1752
1742	1737	1591
1742	1737	1739
1726	1738	1735
1726	1738	1744
1737	1739	1745
1590	1739	1745
1474	1740	1861
1474	1740	1694
1752	1741	1732
1752	1741	1752
1743	1742	1737
1746	1743	1742
1738	1744	1756
1739	1745	1749
1757	1746	1743
1695	1747	1751
1695	1747	1754
1628	1748	1804
1652	1748	1804
1745	1749	1753
1755	1750	1696
1759	1751	1754
1747	1751	1754
1736	1752	1741
1741	1752	1741
1749	1753	1758
1751	1754	1766
1751	1754	1755
1747	1754	1766
1747	1754	1755
1767	1755	1750
1754	1755	1750
1798	1756	1735
1744	1756	1735
1778	1757	1758
1778	1757	1746
1757	1758	1782
1753	1758	1782
1772	1759	1751
1781	1760	1707
1781	1760	1699
1731	1761	1793
1721	1761	1793
1792	1762	1716
1792	1762	1729
1734	1763	1765
1734	1763	1768
1675	1763	1765
1675	1763	1768
1709	1764	1783
1687	1764	1783
1769	1765	1677
1763	1765	1677
1754	1766	1767
1754	1766	1790
1789	1767	1755
1766	1767	1755
1763	1768	1770
1777	1769	1765
1777	1770	1771
1777	1770	1734
1768	1770	1771
1768	1770	1734
1770	1771	1774
1730	1771	1774
1786	1772	1759
1727	1773	1800
1775	1773	1800
1771	1774	1776
1771	1774	1779
1799	1775	1773
1799	1775	1728
1774	1776	1684
1779	1776	1684
1785	1777	1770
1785	1777	1769
1806	1778	1782
1806	1778	1757
1774	1779	1784
1774	1779	1776
1785	1779	1784
1785	1779	1776
1783	1781	1760
1854	1781	1760
1758	1782	1810
1778	1782	1810
1764	1783	1856
1764	1783	1781
1674	1784	1788
1674	1784	1785
1779	1784	1788
1779	1784	1785
1791	1785	1779
1791	1785	1777
1784	1785	1779
1784	1785	1777
1794	1786	1792
1794	1786	1772
1815	1787	1848
1815	1787	1679
1784	1788	1791
1784	1788	1826
1790	1789	1767
1795	1789	1767
1766	1790	1789
1766	1790	1797
1875	1791	1836
1875	1791	1785
1788	1791	1836
1788	1791	1785
1786	1792	1762
1786	1792	1793
1794	1792	1762
1794	1792	1793
1761	1793	1796
1761	1793	1803
1792	1793	1796
1792	1793	1803
1843	1794	1792
1843	1794	1786
1796	1794	1792
1796	1794	1786
1801	1795	1789
1803	1796	1794
1803	1796	1825
1793	1796	1794
1793	1796	1825
1790	1797	1805
1837	1798	1756
1802	1799	1775
1773	1800	1806
1773	1800	1802
1813	1801	1795
1809	1802	1799
1800	1802	1799
1793	1803	1817
1793	1803	1796
1748	1804	1860
1748	1804	1829
1797	1805	1816
1809	1806	1810
1809	1806	1778
1800	1806	1810
1800	1806	1778
1710	1807	1811
1710	1807	1855
1808	1807	1811
1808	1807	1855
1814	1808	1721
1814	1808	1807
1811	1808	1721
1811	1808	1807
1823	1809	1806
1823	1809	1802
1810	1809	1806
1810	1809	1802
1782	1810	1896
1782	1810	1809
1806	1810	1896
1806	1810	1809
1807	1811	1808
1807	1811	1812
1820	1811	1808
1820	1811	1812
1811	1812	1814
1820	1812	1814
1818	1813	1801
1812	1814	1808
1817	1814	1808
1824	1815	1780
1824	1815	1787
1805	1816	1819
1803	1817	1814
1831	1818	1813
1816	1819	1850
1853	1820	1812
1853	1820	1811
1907	1823	1809
1796	1825	1846
1788	1826	1874
1898	1827	1847
1387	1827	1847
1837	1828	1845
1804	1829	1832
1821	1830	1833
1821	1830	1839
1839	1831	1818
1829	1832	1834
1829	1832	1233
1997	1832	1834
1997	1832	1233
1844	1833	1822
1830	1833	1822
1832	1834	1835
1832	1834	1986
1328	1834	1835
1328	1834	1986
1834	1835	1840
1791	1836	1873
1838	1837	1828
1838	1837	1798
1842	1838	1837
1830	1839	1831
1844	1839	1831
1847	1841	1618
1913	1841	1618
1863	1842	1838
1863	1842	1854
1867	1843	1846
1867	1843	1794
1849	1844	1833
1849	1844	1839
1828	1845	1865
1843	1846	1868
1825	1846	1868
1827	1847	1841
1787	1848	2183
1850	1849	1844
1870	1849	1844
1819	1850	1849
1819	1850	1872
1703	1851	1852
1851	1852	1859
1884	1853	1820
1884	1853	1855
1842	1854	1856
1842	1854	1781
1879	1854	1856
1879	1854	1781
1807	1855	1881
1853	1855	1881
1854	1856	1902
1783	1856	1902
1660	1857	1862
1866	1858	1665
1866	1858	2138
1852	1859	1957
1804	1860	2059
1964	1861	1938
1740	1861	1938
1857	1862	1866
1879	1863	1842
1694	1864	1611
1694	1864	1975
1845	1865	1869
1862	1866	1858
1891	1867	1843
1846	1868	1894
1865	1869	1958
1872	1870	1849
1934	1870	1849
1850	1872	1870
1850	1872	1936
1836	1873	1876
1826	1874	1877
1878	1875	1791
1888	1875	1791
1873	1876	1976
1874	1877	1978
1874	1877	1878
1877	1878	1880
1877	1878	1875
1886	1878	1880
1886	1878	1875
1900	1879	1854
1900	1879	1863
1878	1880	1888
1886	1880	1888
1855	1881	1884
1855	1881	1946
1887	1882	1885
1887	1882	1890
1898	1883	1889
1949	1884	1853
1881	1884	1853
1882	1885	1904
1893	1885	1904
1980	1886	1878
1980	1886	1880
1892	1887	1882
1902	1887	1882
1880	1888	1895
1880	1888	1875
1883	1889	1871
1893	1890	1892
1882	1890	1892
1897	1891	1867
1890	1892	1887
1890	1892	1905
1901	1893	1885
1901	1893	1890
1868	1894	1899
1888	1895	1983
1888	1895	2005
1810	1896	1909
1810	1896	1919
1930	1897	1891
1894	1899	1908
1903	1900	1902
1903	1900	1879
1906	1900	1902
1906	1900	1879
1910	1901	1893
1923	1901	1893
1856	1902	1905
1856	1902	1887
1900	1902	1905
1900	1902	1887
1918	1903	1906
1918	1903	1900
1905	1903	1906
1905	1903	1900
1885	1904	1917
1885	1904	1911
1892	1905	1903
1892	1905	1915
1902	1905	1903
1902	1905	1915
1968	1906	1900
1903	1906	1900
1911	1907	1823
1914	1907	1823
1899	1908	1944
1896	1909	1924
1896	1909	1920
1962	1910	1901
1912	1910	1901
1904	1911	1907
1904	1911	1914
1929	1912	1910
1929	1912	1961
2099	1913	1841
2099	1913	1840
1911	1914	1916
1911	1914	1907
1921	1914	1916
1921	1914	1907
1905	1915	1935
1905	1915	1943
1914	1916	1919
1922	1916	1919
1904	1917	1921
1935	1918	1903
1954	1918	1903
1896	1919	1925
1896	1919	1920
1916	1919	1925
1916	1919	1920
1909	1920	1926
1909	1920	1924
1919	1920	1926
1919	1920	1924
1917	1921	1914
1917	1921	1922
1927	1921	1914
1927	1921	1922
1921	1922	1925
1921	1922	1916
1928	1922	1925
1928	1922	1916
1927	1923	1901
1909	1924	1951
1920	1924	1951
1919	1925	1926
1919	1925	1932
1922	1925	1926
1922	1925	1932
1925	1926	1933
1925	1926	1931
1920	1926	1933
1920	1926	1931
1937	1927	1921
1937	1927	1923
1928	1927	1921
1928	1927	1923
1932	1928	1922
1932	1928	1927
1939	1928	1922
1939	1928	1927
1959	1929	1912
1937	1929	1912
1941	1930	1897
1926	1931	1951
1925	1932	1928
1925	1932	1942
1933	1932	1928
1933	1932	1942
1926	1933	1945
1926	1933	1932
1940	1933	1945
1940	1933	1932
1952	1934	1936
1952	1934	1870
1951	1934	1936
1951	1934	1870
1960	1935	1950
1960	1935	1918
1960	1935	1943
1915	1935	1950
1915	1935	1918
1915	1935	1943
1954	1935	1950
1954	1935	1918
1954	1935	1943
1934	1936	1941
1934	1936	1953
1872	1936	1941
1872	1936	1953
1939	1937	1929
1939	1937	1927
1959	1937	1929
1959	1937	1927
1861	1938	2182
2237	1938	2182
1942	1939	1937
1942	1939	1928
1966	1939	1937
1966	1939	1928
1955	1940	1933
1936	1941	1930
1932	1942	1939
1945	1942	1939
1915	1943	1973
1935	1943	1973
1908	1944	1953
1947	1945	1956
1947	1945	1942
1933	1945	1956
1933	1945	1942
1881	1946	1948
1955	1947	1945
1955	1947	1956
1946	1948	2095
2098	1949	1884
1960	1950	1969
1935	1950	1969
1931	1951	1934
1924	1951	1934
1953	1952	1955
1953	1952	1934
1989	1952	1955
1989	1952	1934
1936	1953	1990
1936	1953	1952
1944	1953	1990
1944	1953	1952
1969	1954	1918
1969	1954	1935
1952	1955	1940
1952	1955	1947
1945	1956	1977
1947	1956	1977
1859	1957	2000
1869	1958	1963
1965	1958	1963
1966	1959	1929
1966	1959	1937
1974	1960	1950
1974	1960	1935
1962	1961	1982
1912	1961	1982
1984	1962	1910
1984	1962	1961
1965	1963	1967
1958	1963	1967
2206	1964	1861
1971	1965	1963
1971	1965	1958
1979	1966	1939
1979	1966	1959
1963	1967	1968
1963	1967	1970
1967	1968	1906
1967	1968	1970
1950	1969	1954
2033	1969	1954
1968	1970	1972
1967	1970	1972
1972	1971	1965
1993	1971	1965
1970	1972	1995
1970	1972	1971
1943	1973	1974
1943	1973	2024
2026	1974	1960
1973	1974	1960
1864	1975	2179
1981	1976	2005
1876	1976	2005
1979	1977	2057
1956	1977	2057
1877	1978	1987
1980	1978	1987
1991	1979	1966
1991	1979	1977
1988	1980	1978
1988	1980	1886
1983	1980	1978
1983	1980	1886
1961	1982	2015
1984	1982	2015
1895	1983	1980
2005	1983	1980
2016	1984	1962
2016	1984	1982
1834	1986	2058
1978	1987	2018
2043	1988	1980
2012	1989	1952
2012	1989	1990
1953	1990	1996
1989	1990	1996
2015	1991	1979
2022	1991	1979
1994	1992	2151
2001	1993	1971
1985	1994	1992
1985	1994	1998
1972	1995	2007
1999	1996	2002
1990	1996	2002
2087	1997	1832
2084	1997	1832
2068	1997	1832
1994	1998	2003
2003	1999	1996
2003	1999	2002
1957	2000	2011
2006	2001	1993
2010	2001	1993
1996	2002	2004
1999	2002	2004
1998	2003	1999
2002	2004	2014
1976	2005	2040
1976	2005	1983
1895	2005	2040
1895	2005	1983
2010	2006	2001
2008	2006	2001
1995	2007	2028
1995	2007	2020
2017	2008	2006
2017	2008	2078
2019	2009	2013
2011	2009	2013
2020	2010	2006
2020	2010	2001
2000	2011	2009
2019	2011	2009
2064	2012	1989
2014	2012	1989
2009	2013	2019
2009	2013	2017
2004	2014	2012
2004	2014	2032
2016	2015	1991
2016	2015	2023
1982	2015	1991
1982	2015	2023
2021	2016	1984
2021	2016	2015
2013	2017	2008
1987	2018	2036
1987	2018	2031
2013	2019	2011
2013	2019	2009
2007	2020	2010
2030	2020	2010
2039	2021	2016
2072	2022	1991
2072	2022	2023
2022	2023	2025
2015	2023	2025
1973	2024	2086
2023	2025	2029
2023	2025	2047
2091	2026	1974
2091	2026	2067
2029	2027	2041
2007	2028	2033
2025	2029	2027
2044	2029	2027
2034	2030	2020
2018	2031	2059
2018	2031	2036
2014	2032	2076
2034	2033	2035
2034	2033	1969
2028	2033	2035
2028	2033	1969
2038	2034	2030
2038	2034	2033
2037	2034	2030
2037	2034	2033
2033	2035	2056
2031	2036	2042
2018	2036	2042
2060	2037	2034
2085	2038	2034
2045	2039	2021
2041	2039	2021
2053	2040	2054
2005	2040	2054
2027	2041	2039
2027	2041	2046
2036	2042	2066
2036	2042	2074
2048	2043	1988
2049	2043	1988
2047	2044	2029
2065	2044	2029
2075	2045	2046
2075	2045	2039
2041	2046	2079
2045	2046	2079
2025	2047	2050
2025	2047	2044
2077	2048	2049
2077	2048	2043
2048	2049	2043
2048	2049	2089
2065	2050	2070
2047	2050	2070
2116	2051	2052
2051	2052	2061
2178	2053	2040
2054	2053	2040
2055	2054	2053
2055	2054	2176
2040	2054	2053
2040	2054	2176
2061	2055	2054
2035	2056	2071
2060	2056	2071
1977	2057	2063
1977	2057	2064
1986	2058	2097
1986	2058	2094
1860	2059	2062
2031	2059	2062
2092	2060	2037
2092	2060	2056
2052	2061	2055
2059	2062	2068
2057	2063	2064
2057	2063	2080
2072	2063	2064
2072	2063	2080
2063	2064	2012
2057	2064	2012
2096	2065	2044
2096	2065	2050
2042	2066	2069
2042	2066	2068
2071	2067	2073
2026	2067	2073
2062	2068	1997
2062	2068	2069
2066	2068	1997
2066	2068	2069
2068	2069	2081
2068	2069	2074
2066	2069	2081
2066	2069	2074
2050	2070	2100
2050	2070	2096
2056	2071	2067
2056	2071	2073
2100	2072	2063
2100	2072	2022
2083	2072	2063
2083	2072	2022
2071	2073	2090
2067	2073	2090
2069	2074	2103
2069	2074	2077
2042	2074	2103
2042	2074	2077
2093	2075	2079
2093	2075	2045
2032	2076	2080
2032	2076	2088
2102	2077	2082
2102	2077	2048
2074	2077	2082
2074	2077	2048
2075	2079	2104
2046	2079	2104
2063	2080	2083
2063	2080	2088
2076	2080	2083
2076	2080	2088
2069	2081	2084
2077	2082	2089
2130	2083	2072
2130	2083	2167
2080	2083	2072
2080	2083	2167
2109	2084	1997
2109	2084	2087
2081	2084	1997
2081	2084	2087
2173	2085	2038
2173	2085	2078
2024	2086	2093
2091	2086	2093
2084	2087	1997
2084	2087	2094
2113	2087	1997
2113	2087	2094
2080	2088	2129
2076	2088	2129
2082	2089	2116
2049	2089	2116
2092	2090	2122
2073	2090	2122
2101	2091	2026
2101	2091	2086
2125	2092	2090
2125	2092	2060
2086	2093	2075
2086	2093	2104
2058	2094	2118
2058	2094	2111
2087	2094	2118
2087	2094	2111
1948	2095	2166
2070	2096	2065
2106	2096	2065
2058	2097	2146
2058	2097	2121
2164	2098	1949
2152	2099	1913
2070	2100	2072
2106	2100	2072
2122	2101	2091
2107	2101	2091
2105	2102	2077
2158	2102	2077
2074	2103	2109
2093	2104	2108
2079	2104	2108
2110	2105	2102
2163	2106	2096
2163	2106	2100
2112	2107	2101
2112	2107	2131
2104	2108	2141
2104	2108	2112
2110	2109	2084
2110	2109	2113
2103	2109	2084
2103	2109	2113
2114	2110	2105
2114	2110	2109
2115	2110	2105
2115	2110	2109
2094	2111	2120
2142	2112	2107
2108	2112	2107
2114	2113	2118
2114	2113	2087
2109	2113	2118
2109	2113	2087
2119	2114	2110
2119	2114	2113
2143	2114	2110
2143	2114	2113
2140	2115	2110
2089	2116	2051
2089	2116	2139
2175	2117	2157
2113	2118	2120
2113	2118	2119
2094	2118	2120
2094	2118	2119
2123	2119	2144
2123	2119	2114
2118	2119	2144
2118	2119	2114
2118	2120	2124
2118	2120	2123
2111	2120	2124
2111	2120	2123
2097	2121	2124
2125	2122	2101
2090	2122	2101
2120	2123	2144
2120	2123	2119
2126	2123	2144
2126	2123	2119
2121	2124	2128
2121	2124	2126
2120	2124	2128
2120	2124	2126
2132	2125	2122
2132	2125	2092
2124	2126	2123
2124	2126	2127
2133	2126	2123
2133	2126	2127
2126	2127	2136
2124	2128	2146
2088	2129	2134
2088	2129	2130
2135	2130	2083
2129	2130	2083
2107	2131	2132
2107	2131	2137
2137	2132	2125
2131	2132	2125
2135	2134	2185
2129	2134	2185
2187	2135	2134
2187	2135	2130
2127	2136	2153
2133	2136	2153
2131	2137	2202
2131	2137	2132
2116	2139	2176
2143	2140	2115
2108	2141	2147
2142	2141	2147
2150	2142	2141
2150	2142	2112
2145	2143	2114
2145	2143	2140
2158	2143	2114
2158	2143	2140
2119	2144	2145
2123	2144	2145
2144	2145	2159
2144	2145	2143
2148	2145	2159
2148	2145	2143
2128	2146	2175
2097	2146	2175
2141	2147	2150
2141	2147	2165
2149	2148	2145
2153	2149	2148
2153	2149	2159
2147	2150	2142
2169	2150	2142
1992	2151	2156
1992	2151	2154
2241	2152	2157
2241	2152	2099
2177	2153	2149
2136	2153	2149
2151	2154	2155
2154	2155	2156
2151	2156	2295
2155	2156	2295
2152	2157	2241
2117	2157	2241
2193	2158	2102
2193	2158	2143
2149	2159	2194
2145	2159	2194
2162	2161	2160
2208	2162	2161
2165	2163	2106
2165	2163	2167
2277	2164	2098
2147	2165	2163
2169	2165	2163
2095	2166	2276
2083	2167	2168
2163	2167	2168
2167	2168	2171
2167	2168	2196
2170	2169	2150
2170	2169	2165
2172	2170	2169
2202	2170	2169
2197	2171	2172
2168	2171	2172
2171	2172	2204
2171	2172	2170
2184	2173	2160
2184	2173	2085
1981	2174	2201
2178	2174	2201
2177	2175	2117
2177	2175	2252
2146	2175	2117
2146	2175	2252
2054	2176	2178
2139	2176	2178
2238	2177	2175
2238	2177	2153
2176	2178	2053
2176	2178	2174
1975	2179	2181
1975	2179	2190
2181	2180	2182
2181	2180	2382
2179	2181	2190
2179	2181	2180
1938	2182	2186
2180	2182	2186
1848	2183	2189
1848	2183	2191
2134	2185	2225
2187	2185	2225
2182	2186	2358
2182	2186	2188
2196	2187	2135
2196	2187	2185
2221	2187	2135
2221	2187	2185
2183	2189	2191
2183	2189	2226
2181	2190	2195
2179	2190	2195
2189	2191	2216
2183	2191	2216
2184	2192	2222
2199	2193	2158
2159	2194	2200
2168	2196	2187
2168	2196	2203
2197	2196	2187
2197	2196	2203
2205	2197	2211
2205	2197	2171
2205	2197	2196
2237	2198	2188
2213	2199	2193
2194	2200	2215
2174	2201	2220
2137	2202	2204
2137	2202	2170
2242	2202	2204
2242	2202	2170
2196	2203	2231
2205	2203	2231
2202	2204	2218
2202	2204	2246
2172	2204	2218
2172	2204	2246
2212	2205	2197
2212	2205	2203
2214	2205	2197
2214	2205	2203
2219	2206	1964
2363	2207	2138
2216	2207	2138
1898	2209	2256
2197	2211	2229
2197	2211	2248
2232	2212	2205
2223	2213	2199
2217	2214	2205
2200	2215	2224
2191	2216	2314
2191	2216	2207
2245	2217	2214
2204	2218	2229
2204	2218	2257
2278	2219	2206
2278	2219	2237
2233	2221	2187
2192	2222	2336
2281	2223	2213
2215	2224	2280
2185	2225	2234
2189	2226	2255
2189	2226	2471
2228	2227	2220
2259	2227	2220
2230	2228	2227
2211	2229	2254
2218	2229	2254
2337	2230	2228
2203	2231	2235
2236	2232	2212
2240	2233	2234
2240	2233	2221
2235	2233	2234
2235	2233	2221
2233	2234	2239
2225	2234	2239
2236	2235	2233
2231	2235	2233
2243	2236	2232
2243	2236	2235
2219	2237	1938
2219	2237	2198
2263	2238	2177
2234	2239	2240
2234	2239	2301
2239	2240	2244
2239	2240	2233
2302	2240	2244
2302	2240	2233
2267	2241	2152
2157	2241	2152
2246	2242	2202
2247	2242	2202
2273	2243	2236
2244	2243	2236
2240	2244	2243
2240	2244	2274
2248	2245	2217
2273	2245	2217
2204	2246	2242
2204	2246	2249
2313	2246	2242
2313	2246	2249
2250	2247	2242
2254	2248	2296
2254	2248	2245
2211	2248	2296
2211	2248	2245
2246	2249	2253
2282	2250	2247
2422	2251	2210
2175	2252	2258
2175	2252	2266
2249	2253	2282
2257	2254	2287
2257	2254	2248
2229	2254	2287
2229	2254	2248
2226	2255	2349
2328	2256	2279
2209	2256	2279
2218	2257	2303
2218	2257	2254
2252	2258	2265
2252	2258	2262
2260	2259	2227
2261	2260	2259
2269	2261	2260
2258	2262	2272
2258	2262	2264
2265	2262	2272
2265	2262	2264
2275	2263	2238
2266	2263	2238
2262	2264	2267
2258	2265	2262
2258	2265	2268
2272	2265	2262
2272	2265	2268
2252	2266	2263
2252	2266	2275
2268	2266	2263
2268	2266	2275
2264	2267	2288
2264	2267	2241
2265	2268	2275
2265	2268	2266
2270	2269	2261
2271	2270	2269
2276	2271	2270
2299	2272	2265
2262	2272	2265
2308	2273	2243
2308	2273	2245
2244	2274	2310
2268	2275	2263
2266	2275	2263
2283	2275	2263
2166	2276	2372
2166	2276	2271
2277	2276	2372
2277	2276	2271
2373	2277	2164
2373	2277	2276
2291	2277	2164
2291	2277	2276
2294	2278	2219
2279	2278	2219
2256	2279	2278
2224	2280	2285
2284	2281	2223
2306	2282	2250
2253	2282	2250
2286	2283	2275
2374	2284	2281
2280	2285	2377
2324	2286	2283
2254	2287	2296
2293	2287	2296
2267	2288	2289
2292	2288	2289
2288	2289	2290
2292	2289	2290
2289	2290	2297
2298	2291	2277
2333	2291	2277
2297	2292	2288
2297	2292	2289
2303	2293	2287
2316	2294	2278
2156	2295	2300
2248	2296	2308
2287	2296	2308
2290	2297	2292
2290	2297	2312
2322	2298	2291
2304	2299	2272
2304	2299	2305
2295	2300	2318
2239	2301	2331
2332	2302	2240
2257	2303	2293
2313	2303	2293
2341	2304	2305
2341	2304	2299
2307	2304	2305
2307	2304	2299
2304	2305	2307
2299	2305	2307
2309	2306	2282
2305	2307	2304
2354	2307	2304
2325	2308	2273
2296	2308	2273
2310	2308	2273
2311	2309	2306
2338	2310	2326
2338	2310	2308
2274	2310	2326
2274	2310	2308
2339	2311	2309
2329	2313	2303
2329	2313	2246
2216	2314	2348
2317	2315	2312
2380	2316	2294
2345	2317	2315
2319	2320	2322
2323	2321	2327
2323	2321	2318
2320	2322	2298
2319	2323	2321
2464	2323	2321
2344	2324	2286
2329	2325	2326
2329	2325	2308
2325	2326	2330
2310	2326	2330
2321	2327	2331
2345	2328	2256
2334	2329	2313
2334	2329	2325
2326	2330	2335
2338	2330	2335
2327	2331	2418
2327	2331	2332
2301	2331	2418
2301	2331	2332
2415	2332	2302
2415	2332	2338
2331	2332	2302
2331	2332	2338
2407	2333	2291
2335	2334	2329
2350	2334	2329
2330	2335	2334
2330	2335	2357
2222	2336	2340
2332	2338	2330
2332	2338	2310
2343	2339	2342
2343	2339	2311
2336	2340	2351
2390	2341	2304
2339	2342	2343
2355	2342	2343
2342	2343	2339
2347	2343	2339
2441	2344	2324
2362	2345	2317
2362	2345	2328
2365	2346	2364
2351	2347	2343
2314	2348	2363
2356	2350	2334
2352	2351	2347
2352	2351	2353
2340	2351	2347
2340	2351	2353
2359	2352	2351
2351	2353	2355
2351	2353	2360
2370	2354	2362
2370	2354	2307
2353	2355	2360
2353	2355	2342
2402	2356	2350
2335	2357	2404
2186	2358	2369
2406	2358	2369
2361	2359	2352
2355	2360	2417
2353	2360	2417
2367	2361	2359
2354	2362	2345
2348	2363	2207
2346	2364	2378
2366	2365	2346
2368	2366	2365
2431	2367	2361
2431	2367	2475
2369	2368	2366
2358	2369	2368
2337	2371	2375
2276	2372	2413
2416	2373	2277
2376	2374	2284
2375	2374	2284
2371	2375	2376
2371	2375	2374
2386	2375	2376
2386	2375	2374
2405	2376	2374
2405	2376	2377
2375	2376	2374
2375	2376	2377
2376	2377	2387
2376	2377	2379
2285	2377	2387
2285	2377	2379
2377	2379	2432
2377	2379	2399
2384	2380	2316
2383	2380	2316
2383	2381	2378
2502	2382	2428
2180	2382	2428
2384	2383	2381
2384	2383	2380
2389	2384	2380
2389	2384	2383
2458	2384	2380
2458	2384	2383
2393	2386	2401
2393	2386	2375
2377	2387	2466
2394	2388	2385
2512	2389	2384
2512	2389	2434
2394	2390	2341
2392	2391	2396
2419	2392	2391
2410	2393	2386
2395	2394	2390
2395	2394	2388
2397	2394	2390
2397	2394	2388
2391	2396	2411
2403	2397	2394
2459	2398	2385
2409	2399	2408
2379	2399	2408
2395	2400	2403
2395	2400	2437
2386	2401	2405
2438	2402	2404
2438	2402	2356
2445	2403	2397
2400	2403	2397
2402	2404	2447
2402	2404	2435
2357	2404	2447
2357	2404	2435
2429	2405	2376
2429	2405	2408
2401	2405	2376
2401	2405	2408
2412	2406	2476
2412	2406	2358
2414	2407	2333
2399	2408	2430
2399	2408	2409
2405	2408	2430
2405	2408	2409
2408	2409	2399
2411	2410	2393
2413	2410	2393
2396	2411	2410
2450	2412	2406
2372	2413	2410
2372	2413	2416
2495	2414	2407
2420	2415	2332
2413	2416	2373
2360	2417	2427
2426	2417	2427
2331	2418	2421
2446	2419	2392
2424	2419	2392
2447	2420	2415
2418	2421	2454
2469	2422	2251
2429	2424	2419
2442	2425	2349
2427	2426	2417
2417	2427	2426
2417	2427	2436
2433	2427	2426
2433	2427	2436
2503	2428	2195
2382	2428	2195
2430	2429	2424
2430	2429	2405
2446	2429	2424
2446	2429	2405
2432	2430	2451
2432	2430	2429
2408	2430	2451
2408	2430	2429
2469	2431	2367
2379	2432	2430
2438	2433	2427
2438	2433	2436
2389	2434	2440
2404	2435	2439
2400	2437	2441
2439	2438	2402
2439	2438	2433
2435	2439	2438
2474	2441	2443
2474	2441	2344
2437	2441	2443
2437	2441	2344
2441	2443	2449
2477	2444	2423
2477	2444	2471
2461	2445	2474
2461	2445	2403
2452	2446	2429
2452	2446	2419
2404	2447	2420
2404	2447	2448
2447	2448	2453
2443	2449	2478
2513	2450	2412
2430	2451	2456
2455	2452	2446
2448	2453	2454
2498	2455	2452
2451	2456	2499
2460	2457	2458
2457	2458	2384
2460	2459	2398
2460	2459	2462
2463	2461	2445
2463	2461	2462
2461	2462	2463
2459	2462	2463
2473	2463	2461
2462	2463	2461
2465	2464	2323
2470	2465	2464
2480	2467	2423
2442	2467	2423
2479	2468	2515
2472	2470	2465
2226	2471	2477
2444	2471	2477
2494	2472	2470
2483	2473	2463
2484	2474	2441
2484	2474	2481
2445	2474	2441
2445	2474	2481
2367	2475	2519
2406	2476	2496
2471	2477	2501
2471	2477	2444
2504	2478	2466
2449	2478	2466
2501	2479	2468
2474	2481	2505
2485	2483	2473
2485	2483	2486
2485	2484	2489
2485	2484	2474
2489	2485	2483
2489	2485	2484
2486	2485	2483
2486	2485	2484
2507	2486	2485
2483	2486	2485
2508	2488	2487
2490	2488	2487
2484	2489	2485
2524	2490	2487
2524	2490	2488
2482	2491	2493
2482	2491	2506
2492	2491	2493
2492	2491	2506
2482	2492	2506
2482	2492	2491
2491	2493	2494
2493	2494	2472
2476	2496	2512
2476	2496	2517
2521	2497	2498
2497	2498	2455
2497	2498	2499
2498	2499	2500
2456	2499	2500
2499	2500	2504
2477	2501	2479
2525	2501	2479
2503	2502	2382
2513	2502	2382
2500	2504	2478
2505	2504	2478
2481	2505	2504
2510	2507	2486
2510	2507	2508
2507	2508	2488
2507	2508	2509
2508	2509	2511
2508	2509	2510
2511	2510	2507
2509	2510	2507
2522	2511	2510
2509	2511	2510
2496	2512	2389
2531	2513	2450
2531	2513	2502
2520	2518	2516
2480	2520	2518
2523	2520	2518
2495	2521	2497
2526	2522	2511
2529	2526	2522
2529	2526	2530
2528	2527	2532
2529	2528	2527
2533	2531	2513
