1253	1265	3	64
1515	1516	3	101
1546	1545	3	185
2303	2293	18	213
139	128	56	286
22	2	300	268
4	3	4	303
11	4	61	298
25	6	263	265
1007	992	15	226
1593	1595	3	142
17	12	25	299
26	7	292	276
8	7	34	191
9	8	5	190
14	9	50	202
36	10	436	235
10	19	104	96
10	11	8	169
11	16	57	165
46	5	678	274
13	18	25	118
14	23	157	83
15	14	36	190
16	15	6	186
28	17	283	278
18	29	284	98
21	19	23	272
54	20	570	282
69	49	175	269
27	21	204	252
70	22	627	274
33	23	170	274
56	58	3	114
52	50	7	238
32	24	206	212
80	74	277	187
25	51	832	149
85	25	731	258
39	26	202	259
35	27	45	261
37	28	49	255
29	38	50	75
30	31	5	178
33	30	86	188
31	34	20	144
32	74	553	68
43	32	887	196
35	33	147	184
36	35	183	182
51	52	6	137
127	107	171	301
40	36	302	223
41	37	176	248
38	42	177	68
58	60	3	44
286	289	13	61
93	88	87	293
83	39	712	320
86	39	467	261
49	40	103	290
44	41	44	259
42	45	43	79
43	53	112	55
44	46	26	5
45	44	4	353
47	44	13	263
70	45	580	338
45	48	14	82
94	46	480	263
63	49	382	207
64	47	164	269
48	65	164	89
50	51	8	13
74	90	289	148
79	75	53	341
79	76	16	271
95	89	116	297
92	90	169	196
114	52	820	235
56	53	7	208
53	58	7	50
54	55	3	139
57	54	4	283
55	56	3	173
57	55	3	225
158	159	4	22
60	59	3	340
59	61	7	89
60	61	6	68
78	61	213	239
81	62	182	246
66	63	32	219
75	63	227	333
72	64	44	268
65	73	44	88
67	66	3	238
68	67	3	247
96	68	391	276
71	69	26	249
245	247	10	174
82	70	461	348
107	70	501	297
76	71	48	255
102	72	350	259
73	103	351	79
300	297	6	311
276	77	877	263
84	78	57	334
82	78	17	251
88	79	136	310
84	80	501	182
80	87	106	73
130	123	52	247
91	81	155	251
98	82	250	256
89	83	103	296
115	84	497	308
87	92	415	171
119	106	202	326
85	114	458	133
242	85	633	251
198	194	4	232
125	86	358	282
87	115	392	62
97	91	132	312
111	93	165	280
100	94	84	260
101	95	76	284
96	110	149	106
113	97	226	220
99	98	4	246
122	99	193	264
105	100	37	270
104	101	50	320
118	102	135	255
103	124	149	75
126	124	12	297
124	132	50	67
109	104	59	323
108	105	25	267
105	109	82	28
246	245	3	193
110	112	448	8
117	108	88	257
165	126	134	262
127	143	388	12
110	139	484	159
128	111	143	302
116	112	32	241
119	113	79	204
129	114	127	218
161	159	19	337
115	239	385	53
268	116	369	249
120	117	11	297
120	118	10	243
123	118	11	250
121	119	3	304
123	120	3	297
146	120	146	242
200	121	226	305
140	121	129	228
167	122	180	262
122	127	86	17
124	123	4	297
250	246	18	185
315	304	24	283
264	125	315	292
125	131	166	25
129	136	226	174
190	129	253	209
138	130	44	243
134	131	22	206
132	148	80	60
132	171	114	89
143	133	160	341
133	153	109	45
138	145	97	51
135	134	6	206
137	135	115	185
136	144	86	150
142	137	107	197
147	138	35	238
142	139	13	288
141	267	447	28
187	141	141	332
141	160	40	104
142	162	45	116
191	143	69	288
144	194	223	163
145	147	4	117
149	146	4	298
147	148	3	117
149	147	4	237
148	150	3	117
148	151	4	57
151	149	3	298
179	149	46	235
295	287	35	292
297	301	6	55
150	174	49	137
152	151	3	298
151	183	45	55
175	152	45	317
154	153	6	186
153	155	6	31
154	155	3	106
155	156	3	58
156	161	9	94
156	157	3	13
161	157	9	289
159	166	35	18
204	164	417	185
160	163	6	78
168	206	416	5
207	161	46	281
162	283	236	117
163	252	147	92
164	167	8	162
166	165	245	360
165	173	9	72
166	180	13	106
167	170	13	162
169	167	3	254
175	184	62	5
169	168	8	343
275	248	59	306
276	197	741	347
304	298	19	288
378	384	22	31
306	169	312	266
172	169	12	343
170	232	166	150
171	173	5	152
233	172	165	330
173	177	5	152
173	178	3	66
174	178	6	157
176	175	4	338
182	176	6	337
177	186	14	160
178	181	5	157
178	182	3	66
187	179	6	232
180	208	34	119
202	180	52	205
181	186	15	170
185	182	5	337
182	201	20	65
183	188	6	52
184	189	7	44
186	202	188	175
205	185	204	354
188	187	3	320
192	187	8	232
189	188	3	320
188	193	8	52
201	189	66	349
189	193	8	44
247	190	217	212
204	191	12	273
210	192	29	229
193	214	29	51
194	197	3	128
195	238	193	155
196	195	4	185
299	327	72	112
445	443	3	236
196	294	283	63
198	197	4	184
203	198	9	199
199	221	60	155
215	199	34	213
227	200	99	337
201	229	48	65
202	208	58	171
212	203	21	223
206	204	4	270
218	204	233	184
209	205	58	351
226	205	55	328
206	220	234	4
217	206	12	262
213	207	7	249
208	211	31	170
209	226	39	62
216	209	31	351
223	210	16	228
211	213	4	171
221	212	14	213
212	225	15	67
213	218	18	172
219	213	3	249
214	224	16	47
283	284	199	4
244	215	308	194
219	216	4	350
252	249	6	222
290	287	27	203
376	379	3	64
309	300	57	242
471	473	4	116
412	217	601	255
220	219	19	351
222	219	6	249
221	225	10	133
226	222	49	191
249	223	95	224
224	251	95	44
225	231	24	85
228	227	14	338
305	228	370	322
229	230	3	64
230	262	68	88
231	281	180	140
232	234	12	148
236	233	13	329
266	263	8	329
235	239	57	170
234	235	30	177
234	241	27	148
235	241	17	64
237	236	3	328
243	237	29	328
248	237	27	297
238	240	3	143
239	259	34	58
240	271	168	162
241	255	41	148
243	248	19	32
242	247	10	126
245	242	8	243
257	243	37	328
300	301	7	4
301	307	20	57
302	307	29	144
287	244	430	197
293	250	166	264
251	253	6	41
252	253	3	117
254	252	7	222
253	258	6	117
253	256	7	41
322	254	262	232
255	259	8	149
256	325	261	52
263	257	8	329
258	291	137	102
259	265	8	149
259	260	3	58
260	263	3	59
262	261	7	359
261	291	169	49
263	275	34	57
267	264	11	332
269	264	8	299
265	273	37	148
274	266	36	328
271	277	121	168
267	270	8	54
278	268	58	224
270	269	5	285
272	270	7	284
340	272	236	272
273	279	58	148
280	274	59	328
308	303	29	324
427	305	577	314
444	480	129	72
281	345	749	160
479	476	8	296
275	286	84	65
336	276	224	301
305	278	120	256
279	302	180	148
303	280	180	328
282	288	78	100
284	282	104	346
283	285	33	123
285	341	241	138
288	392	268	93
289	374	271	62
290	314	74	114
292	290	39	193
291	338	120	92
292	296	18	64
298	292	58	197
312	306	310	183
298	293	10	275
294	299	8	97
294	297	7	56
313	295	41	294
296	326	61	100
296	304	49	25
297	299	5	158
374	306	232	291
307	309	8	143
307	308	3	57
311	308	8	321
308	316	21	57
309	327	55	135
310	335	97	140
313	310	23	191
328	311	55	316
318	311	56	233
323	312	25	248
319	313	17	280
314	313	25	200
324	314	49	197
337	336	5	314
333	315	54	234
316	318	8	110
316	317	6	58
357	323	212	221
317	318	6	160
320	317	3	298
317	321	5	55
329	319	22	295
328	320	63	343
320	321	5	17
321	426	370	67
330	322	19	239
324	334	38	138
326	324	19	188
325	331	19	58
326	347	72	93
377	381	6	87
332	326	40	202
376	375	3	354
327	430	630	144
431	328	631	324
339	329	49	309
351	330	99	232
331	352	97	52
332	343	49	96
333	332	39	189
346	333	82	220
344	334	43	278
335	355	223	161
335	339	62	21
338	360	84	113
338	363	122	42
342	340	4	284
341	348	32	126
356	342	48	283
347	343	39	347
343	368	61	94
364	344	87	247
344	347	49	9
349	346	26	205
347	364	57	118
355	428	445	138
348	365	49	125
420	349	328	216
354	350	71	182
375	379	4	117
353	375	165	158
350	351	5	176
351	352	5	176
367	351	45	223
352	353	6	176
548	549	8	76
352	378	91	40
359	354	37	212
361	356	11	285
358	356	8	271
416	357	202	230
362	358	4	285
361	359	3	224
360	408	177	139
361	369	18	107
362	361	3	211
370	362	17	285
383	362	73	218
363	366	6	44
364	424	243	125
365	383	54	133
366	376	51	41
371	367	30	204
382	367	61	215
368	391	48	100
369	371	45	176
369	373	16	114
380	370	22	290
372	371	12	208
382	372	21	236
385	377	41	272
373	381	10	105
691	374	956	259
378	398	46	62
379	407	74	96
388	380	12	278
396	380	49	223
381	385	7	96
384	382	4	257
386	382	11	209
384	389	10	32
394	384	23	259
385	386	3	96
387	385	3	220
386	389	4	96
387	386	3	207
388	387	3	209
390	388	4	275
396	388	42	210
389	394	18	103
389	390	4	30
395	390	16	275
390	393	18	31
391	409	62	85
411	392	71	240
393	395	51	157
393	399	34	28
394	398	7	108
397	394	3	260
404	395	25	274
442	396	272	226
405	397	23	268
398	401	10	110
398	403	19	87
402	399	41	343
399	400	6	28
400	444	253	48
401	406	19	104
401	403	11	65
404	402	12	335
403	421	70	102
403	405	3	14
413	404	38	285
405	404	3	359
413	405	37	281
406	421	59	95
407	465	269	65
408	410	8	135
409	436	132	82
433	429	14	235
410	595	668	95
438	411	140	289
412	415	6	94
414	412	5	236
472	413	257	293
414	415	4	152
417	414	5	251
415	416	3	163
415	418	3	83
416	418	4	34
419	417	12	276
418	419	12	74
423	419	45	283
429	420	130	212
421	470	220	115
422	484	244	64
424	452	145	142
425	423	6	264
455	424	228	205
449	425	93	232
426	579	552	73
485	427	392	331
444	446	3	152
490	427	260	246
428	488	219	99
429	450	52	69
430	432	65	174
430	445	59	144
450	458	22	122
434	443	59	67
536	575	1293	25
447	431	58	324
456	431	66	299
432	433	10	178
432	435	7	126
435	433	7	233
435	434	7	326
437	434	14	261
437	435	11	228
436	455	41	99
439	437	8	234
438	478	137	113
441	440	65	180
443	439	6	233
448	454	61	43
440	442	4	152
441	464	95	64
442	444	5	152
482	442	133	253
443	450	14	132
445	458	36	131
447	445	3	239
446	487	191	101
460	447	34	310
448	447	3	241
460	448	34	315
451	448	3	241
516	449	212	288
453	451	10	243
454	453	9	191
457	453	7	240
454	457	7	141
455	461	14	72
457	456	7	349
459	456	7	309
459	457	5	242
458	698	695	101
539	459	327	230
696	460	693	281
461	462	14	49
461	463	17	80
462	463	9	135
462	477	83	57
463	545	329	104
464	498	145	57
465	466	8	25
465	468	10	56
466	468	5	114
466	467	3	25
469	467	6	292
470	467	21	207
468	469	3	53
469	473	21	31
470	471	4	116
474	472	3	296
473	475	5	116
473	474	3	27
476	474	5	296
474	481	28	94
475	493	107	134
477	679	562	72
478	496	176	155
486	478	97	209
483	479	31	297
481	479	15	247
480	514	94	116
480	503	73	80
483	481	26	314
502	482	71	261
511	482	100	229
497	483	71	323
484	489	29	83
491	484	37	252
486	485	60	348
499	485	46	252
528	486	216	341
525	487	54	269
577	488	291	266
489	521	54	123
489	492	8	81
491	492	8	174
494	490	4	264
495	491	6	230
492	515	25	74
519	518	3	244
519	520	3	52
493	557	279	133
533	540	58	131
633	631	4	196
541	494	112	257
513	495	21	278
523	495	67	213
496	498	14	175
496	522	34	101
559	497	276	313
499	500	3	96
533	500	68	319
500	563	231	75
501	502	9	179
511	501	43	185
502	503	3	179
507	502	3	263
503	504	8	179
503	508	3	82
504	505	11	177
505	514	33	168
507	506	9	359
506	509	14	2
508	507	3	359
527	507	27	262
510	508	8	359
508	530	29	83
509	527	69	126
509	528	145	11
512	510	9	355
522	511	82	194
537	512	104	337
530	512	70	233
518	513	6	244
514	525	42	154
515	517	6	57
543	516	120	290
523	518	58	191
517	521	39	173
518	517	3	175
517	519	3	57
531	520	90	349
520	524	12	49
520	526	51	14
521	529	50	166
528	522	36	192
562	523	346	213
524	535	43	24
525	532	22	151
526	535	23	101
526	534	33	24
532	546	213	143
535	534	34	359
534	538	36	31
542	536	59	287
544	537	165	325
538	564	280	34
548	539	94	265
561	540	220	324
565	541	137	291
551	542	105	307
583	543	184	294
547	544	38	315
544	663	272	70
559	546	403	356
546	643	340	146
546	547	3	27
653	547	352	326
550	548	17	237
549	553	10	57
549	556	12	81
553	550	3	309
560	550	43	201
552	551	6	339
565	552	190	347
553	556	5	141
555	553	3	295
553	554	3	36
555	554	4	349
554	560	41	17
558	555	5	301
556	558	4	91
557	572	65	122
557	559	3	32
656	558	190	267
570	559	58	304
596	560	232	210
569	562	140	190
612	611	7	195
561	587	131	138
564	574	158	12
563	567	31	35
602	569	278	198
651	565	174	308
584	671	136	99
706	608	411	318
586	672	204	142
709	700	9	255
610	613	16	12
682	597	309	209
608	616	13	58
566	972	883	121
566	568	37	171
567	571	14	51
568	575	219	174
573	569	18	203
580	570	39	299
571	584	48	81
572	578	30	118
666	573	237	221
574	667	236	41
577	576	56	185
575	585	86	159
576	602	96	141
599	577	154	198
578	591	40	121
578	588	31	118
579	581	8	78
594	580	40	295
589	580	31	298
581	582	3	67
582	593	34	48
680	583	191	299
585	586	12	159
606	705	415	138
613	611	3	287
608	610	17	14
676	587	242	328
588	590	7	119
600	683	306	29
592	589	7	297
590	591	3	171
590	619	36	113
592	590	3	215
591	614	28	116
595	598	30	176
623	592	35	293
594	592	3	262
593	673	111	84
626	594	33	288
595	601	5	108
596	603	10	63
597	604	87	176
600	597	3	269
598	606	15	144
609	598	15	247
607	599	18	327
604	599	14	197
605	600	88	356
843	600	524	252
611	601	14	287
602	657	80	124
629	635	4	94
714	603	319	228
604	607	25	173
667	605	351	347
609	606	17	193
607	666	325	167
611	609	17	195
616	610	13	329
621	612	101	185
627	613	11	287
613	615	6	14
614	620	12	142
614	622	8	114
615	617	13	8
615	630	13	63
640	616	23	224
630	617	13	310
617	625	90	4
618	772	405	67
623	619	3	191
619	622	4	176
619	629	5	103
620	621	25	180
622	620	6	181
624	621	20	186
622	628	4	108
631	623	5	281
626	623	4	208
628	624	11	191
632	625	18	189
625	641	31	17
633	626	4	277
642	626	15	216
636	627	6	288
649	627	12	248
628	634	3	95
629	628	4	186
631	629	3	190
649	630	16	320
637	631	4	278
632	634	11	12
639	633	3	277
638	633	7	204
634	635	4	9
634	641	4	85
635	645	4	88
635	637	3	11
636	640	7	168
652	636	9	288
646	637	4	271
637	639	4	13
642	638	7	199
647	639	4	277
639	644	6	21
640	652	8	60
641	645	4	14
641	675	72	74
643	642	171	180
644	650	7	18
645	646	3	14
645	659	34	77
646	647	4	14
658	646	32	258
655	647	7	274
647	648	7	1
655	648	10	318
648	650	6	1
654	649	11	330
650	653	163	1
671	651	225	344
681	651	294	200
654	652	3	286
654	690	151	120
674	655	62	258
716	656	182	274
705	701	23	192
792	656	578	214
657	662	9	124
660	657	6	261
674	658	38	254
659	675	37	76
661	660	22	182
662	660	6	338
662	664	5	126
663	665	5	64
664	666	4	126
665	677	44	49
666	667	4	126
667	668	4	126
668	846	413	103
669	670	15	152
678	671	45	328
672	684	273	171
764	672	228	255
721	673	236	217
685	674	45	255
675	686	45	76
677	676	9	351
676	687	49	54
715	703	33	266
703	712	14	82
770	737	70	303
804	677	528	328
701	707	23	17
702	718	37	87
816	678	374	310
679	789	260	75
704	680	93	302
688	680	44	218
694	681	78	241
684	681	42	195
767	682	406	208
683	768	407	28
686	685	3	347
730	685	112	260
686	731	111	79
687	753	153	87
689	688	9	212
693	689	60	206
690	692	6	121
733	690	160	213
691	695	16	87
697	691	17	257
692	726	78	121
924	693	340	283
699	693	112	185
778	694	154	267
697	695	3	189
695	702	12	77
723	696	44	263
700	697	11	257
698	722	43	83
699	747	94	103
701	699	38	189
700	702	3	170
702	703	3	78
741	738	9	265
748	739	17	260
704	783	183	121
727	704	43	255
705	707	3	103
706	705	3	196
708	706	3	284
765	761	9	271
710	706	20	200
707	720	21	99
707	708	3	18
720	708	21	287
708	710	20	14
713	709	10	272
725	709	33	238
710	726	116	13
711	771	125	109
716	711	137	184
712	715	4	102
717	713	4	283
728	714	32	237
715	718	3	106
717	715	3	212
734	716	51	225
719	717	3	286
725	717	23	216
718	736	42	113
718	719	3	32
737	719	42	293
719	729	38	39
782	720	131	289
724	721	4	235
722	775	108	80
739	723	36	261
769	724	92	245
729	725	16	227
763	726	74	300
726	742	139	17
732	727	8	255
776	728	111	237
729	783	117	65
738	730	13	272
731	735	10	91
897	734	346	228
924	732	268	258
740	733	18	271
916	734	277	277
735	745	33	135
735	743	21	91
736	769	68	124
771	774	11	14
787	739	106	257
803	740	110	282
740	746	67	12
750	741	16	268
762	741	49	260
744	743	29	357
750	759	43	62
797	742	111	267
743	752	6	91
754	744	9	305
756	744	12	240
745	749	11	162
745	754	6	107
751	746	21	187
749	751	22	179
747	780	61	103
773	748	48	260
754	749	9	194
758	750	8	271
751	755	30	8
752	757	7	91
753	828	128	76
755	754	3	289
756	754	11	193
777	755	50	274
755	760	26	13
757	756	14	193
757	760	3	91
758	757	4	193
759	758	6	193
761	758	3	271
760	766	10	91
760	761	4	14
761	762	5	14
806	763	83	290
763	814	107	89
764	781	106	155
964	764	245	255
848	765	127	260
766	849	129	80
789	767	159	199
768	807	204	19
769	867	175	101
770	769	4	243
773	785	66	70
866	770	171	281
840	770	113	242
794	881	425	159
772	846	471	14
788	773	30	259
774	879	154	73
802	803	3	9
775	808	66	128
775	790	28	78
776	792	48	145
779	776	4	237
819	777	61	283
847	779	101	241
780	883	146	108
884	780	146	287
781	794	32	124
786	782	14	301
782	806	120	14
783	784	5	73
784	801	21	80
785	788	5	127
900	786	147	285
791	787	5	307
788	790	3	127
791	788	4	255
805	789	45	199
790	795	8	127
790	793	4	78
793	791	4	307
827	791	39	253
856	792	125	227
796	793	7	307
793	799	7	78
795	808	38	164
800	796	3	305
893	915	13	75
845	797	63	302
797	798	4	7
798	802	9	8
799	824	26	77
799	826	28	72
812	800	16	317
821	800	24	260
801	810	8	91
803	819	122	10
803	882	110	78
833	804	57	327
808	805	24	189
813	805	45	198
806	923	149	115
806	814	33	24
807	809	11	16
807	818	40	28
809	815	32	18
809	817	29	25
810	811	3	97
811	820	12	100
813	812	7	319
815	813	3	319
821	813	22	199
814	841	33	115
814	837	95	13
817	815	5	330
815	823	22	19
864	816	140	213
862	816	291	346
818	817	4	332
817	851	70	39
861	819	61	270
820	838	20	100
822	821	3	198
824	822	6	199
829	823	57	199
823	825	4	19
826	824	3	199
824	829	3	71
825	829	8	19
827	826	4	199
826	830	3	70
831	827	3	250
834	827	17	199
828	832	5	50
829	830	3	19
830	831	4	19
830	851	36	68
831	835	15	19
969	831	166	234
832	836	5	47
842	833	32	330
875	833	70	247
858	834	145	199
835	860	144	19
836	859	55	78
873	839	107	212
837	877	74	124
837	845	49	16
949	968	9	98
838	943	119	67
1001	871	105	244
981	839	376	338
840	866	91	151
876	840	77	229
841	936	113	116
844	842	5	331
1030	843	317	218
848	844	7	332
865	845	42	303
846	1090	232	82
847	856	25	111
850	847	5	277
849	848	4	336
889	848	58	257
852	849	24	334
849	890	58	77
857	850	20	290
1113	1107	14	334
851	975	134	51
861	852	46	339
853	854	13	8
963	853	258	339
854	855	6	10
855	859	43	11
856	949	83	110
857	856	3	207
891	857	40	289
863	857	15	211
858	860	3	112
879	858	67	198
859	862	14	13
860	952	91	124
860	880	67	18
861	887	32	118
941	862	72	258
938	917	46	199
942	863	90	229
864	995	175	38
888	865	30	303
866	867	4	170
869	866	3	306
871	866	5	244
867	940	172	159
869	867	3	209
867	870	3	73
893	909	11	60
895	894	3	198
868	1030	211	130
870	869	3	324
871	869	4	209
872	870	5	339
870	874	4	67
912	872	103	339
872	874	6	18
881	873	13	248
874	878	5	63
875	885	41	163
919	902	13	253
1056	875	157	254
876	973	74	72
877	906	35	121
878	918	37	65
879	880	3	110
929	879	125	199
880	933	125	19
898	890	63	348
882	893	14	64
907	882	25	240
883	895	14	101
896	884	14	284
885	886	6	167
886	889	7	167
892	887	56	350
887	901	36	26
927	888	35	303
890	889	4	350
1117	889	189	265
948	974	34	23
890	1118	188	85
922	891	23	291
894	899	59	177
892	907	19	152
910	892	17	327
895	904	7	102
896	895	3	192
905	896	7	280
914	896	40	194
921	897	19	225
908	903	55	358
901	898	5	326
899	902	11	164
899	908	9	68
900	914	14	154
917	900	8	294
1249	1273	8	45
902	928	38	159
903	904	3	12
904	905	3	17
905	920	29	13
906	1010	70	114
907	909	3	145
911	907	3	267
919	908	12	339
909	915	4	120
909	911	3	18
911	910	3	356
913	910	3	323
913	911	3	267
950	951	14	180
946	912	148	351
915	913	3	330
925	913	8	268
917	914	9	192
931	915	16	323
925	915	7	244
915	930	9	86
929	916	10	304
932	916	11	265
920	917	20	354
926	917	7	289
918	1054	123	65
937	919	39	339
920	926	18	14
1016	921	69	247
935	922	10	289
923	954	30	135
956	923	29	310
928	924	3	263
1033	925	87	269
926	948	44	18
1035	927	103	300
928	944	29	156
937	928	7	255
933	929	3	292
932	929	7	199
931	930	14	355
930	1032	85	89
1264	1250	3	246
958	931	38	333
980	932	99	199
939	933	6	262
933	934	5	19
939	934	6	315
934	982	100	19
951	935	10	282
950	935	18	218
936	993	34	95
967	937	42	338
978	937	23	249
938	948	10	123
957	938	29	204
1105	939	138	262
940	942	86	180
942	950	85	177
1163	941	244	234
946	942	3	216
943	945	3	68
944	953	14	159
945	966	11	65
947	946	4	359
961	947	93	356
949	955	4	85
951	955	3	135
960	951	3	273
952	969	8	124
953	970	20	160
953	967	8	78
954	957	10	173
954	962	5	136
955	968	5	108
955	960	3	36
965	956	6	323
971	956	6	262
962	957	6	203
959	958	6	359
1035	959	155	333
989	960	20	275
960	961	4	13
989	961	21	287
962	974	7	136
965	962	3	207
1037	1024	59	334
1029	963	155	338
972	964	5	220
976	964	6	261
974	965	8	330
971	965	6	201
985	966	20	233
966	990	20	61
977	967	19	342
968	988	17	89
969	975	4	124
1102	969	158	231
970	985	39	158
977	970	8	245
979	971	21	203
972	976	4	142
987	973	13	271
974	983	17	143
974	984	30	23
975	999	22	124
975	1106	155	51
1009	1006	8	198
1011	1007	4	226
1069	976	105	260
991	977	38	342
986	978	10	259
984	979	11	306
992	979	11	225
1006	980	48	199
995	981	70	355
982	1008	48	19
983	1042	97	143
984	997	9	42
985	990	3	148
991	985	3	233
986	1017	91	167
998	986	6	260
987	1004	12	58
992	997	11	145
988	1003	8	90
1002	989	8	270
990	996	8	151
990	994	3	55
994	991	3	334
1017	991	25	229
993	1005	10	101
1013	993	15	273
1000	994	9	334
994	1017	26	43
996	1014	34	154
997	1023	26	50
1025	998	84	345
1044	998	55	257
999	1172	201	111
1018	1000	34	334
1046	1001	63	239
1111	1002	106	278
1003	1108	104	98
1021	1004	27	215
1005	1007	4	175
1005	1011	3	106
1008	1012	8	18
1036	1009	115	199
1010	1015	7	127
1019	1010	8	291
1011	1023	10	100
1013	1011	3	226
1012	1038	115	19
1027	1013	11	279
1040	1013	50	232
1014	1021	9	153
1015	1020	4	138
1019	1015	3	213
1036	1016	50	319
1017	1025	12	32
1024	1018	9	333
1020	1026	7	140
1081	1085	6	126
1020	1022	3	52
1021	1034	59	154
1026	1022	8	341
1023	1028	13	90
1023	1027	3	48
1025	1084	82	47
1040	1026	41	314
1028	1027	11	281
1027	1048	44	51
1028	1047	24	108
1031	1029	4	334
1089	1030	88	223
1050	1031	49	336
1032	1033	3	1
1032	1082	35	89
1080	1033	34	269
1033	1043	91	7
1034	1046	41	165
1034	1052	34	154
1053	1035	16	288
1038	1036	3	285
1058	1036	51	199
1039	1037	4	331
1038	1061	51	18
1071	1039	39	330
1060	1039	30	332
1048	1040	7	310
1099	1040	50	242
1043	1041	3	330
1079	1041	24	249
1043	1059	11	61
1070	1044	14	258
1046	1045	8	181
1045	1054	7	133
1057	1046	8	235
1047	1104	126	159
1141	1048	111	316
1048	1101	49	63
1049	1070	35	164
1106	1110	3	73
1076	1049	32	207
1050	1064	17	155
1087	1050	27	246
1051	1062	8	146
1053	1051	3	187
1052	1057	5	153
1067	1053	7	286
1054	1055	3	107
1055	1094	46	143
1055	1072	9	73
1064	1056	8	212
1057	1072	17	153
1066	1057	4	271
1065	1058	12	198
1059	1079	13	65
1066	1060	7	333
1061	1068	12	18
1062	1081	22	145
1062	1063	4	20
1063	1067	3	23
1135	1065	196	199
1075	1066	13	333
1071	1066	3	292
1153	1141	17	242
1129	1067	55	284
1068	1139	196	19
1069	1272	191	92
1070	1084	41	161
1074	1071	5	317
1083	1071	12	255
1072	1073	3	153
1072	1075	4	29
1073	1094	42	154
1077	1074	4	347
1078	1075	3	333
1075	1077	3	18
1098	1077	50	336
1077	1086	11	50
1098	1078	44	334
1162	1079	92	263
1088	1080	7	279
1096	1080	18	245
1085	1081	7	306
1082	1093	13	119
1082	1088	6	77
1115	1083	37	246
1110	1121	13	80
1090	1571	774	145
1084	1109	85	164
1085	1099	18	129
1086	1114	35	64
1087	1151	85	132
1091	1088	4	296
1088	1092	4	67
1329	1089	216	298
1090	1242	164	90
1091	1093	6	166
1095	1091	6	319
1092	1091	3	188
1096	1092	9	220
1092	1097	7	60
1093	1103	29	154
1094	1125	132	167
1095	1097	12	14
1100	1095	20	334
1157	1096	76	237
1097	1156	75	58
1131	1098	130	348
1099	1101	7	140
1124	1099	23	261
1107	1100	10	336
1101	1126	19	84
1127	1102	20	254
1103	1112	14	153
1104	1116	15	103
1137	1105	32	288
1108	1135	28	119
1111	1108	3	210
1150	1109	41	269
1110	1130	17	74
1136	1111	28	298
1112	1148	47	132
1190	1182	13	205
1149	1113	45	312
1114	1120	3	64
1201	1115	104	245
1116	1158	49	73
1166	1117	61	278
1118	1117	4	359
1117	1119	3	23
1118	1165	60	98
1119	1122	6	19
1120	1147	26	73
1171	1185	25	33
1121	1176	93	89
1122	1151	55	30
1124	1123	14	357
1138	1123	20	312
1123	1129	7	13
1126	1124	7	356
1138	1124	13	261
1125	1133	10	154
1126	1128	7	178
1126	1143	16	78
1132	1127	3	256
1128	1153	96	162
1129	1152	93	18
1130	1179	68	86
1134	1131	10	335
1182	1132	68	267
1203	1132	95	246
1133	1175	127	150
1456	1159	206	272
1401	1228	572	351
1181	1134	119	327
1135	1139	3	114
1136	1135	3	197
1140	1136	3	293
1146	1136	20	198
1144	1137	8	331
1142	1143	9	179
1142	1138	3	266
1139	1191	66	105
1139	1140	3	19
1192	1140	65	284
1140	1171	146	18
1145	1141	3	337
1205	1142	73	282
1143	1204	72	100
1214	1144	108	295
1158	1145	66	339
1145	1154	17	64
1168	1146	126	199
1147	1211	81	64
1148	1152	63	172
1161	1149	43	328
1164	1150	39	320
1151	1160	23	135
1152	1161	24	36
1153	1154	3	145
1154	1155	9	146
1223	1155	74	295
1156	1157	5	4
1157	1162	62	6
1288	1284	7	353
1159	1202	214	168
1160	1167	28	35
1334	1162	110	282
1162	1165	61	11
1169	1163	47	342
1170	1163	22	224
1201	1164	62	325
1164	1198	120	16
1165	1212	40	111
1165	1166	4	10
1213	1166	41	292
1167	1174	6	32
1175	1168	27	200
1197	1169	87	345
1170	1435	156	78
1172	1199	64	158
1172	1173	3	54
1365	1173	115	256
1174	1184	26	29
1175	1185	8	126
1178	1175	5	202
1262	1176	69	281
1176	1177	3	26
1177	1180	4	27
1181	1178	7	194
1188	1178	7	262
1179	1183	3	95
1182	1179	4	205
1180	1219	30	98
1180	1183	3	27
1188	1181	8	316
1189	1181	21	196
1186	1182	3	274
1373	1377	3	65
1183	1328	79	98
1183	1186	4	27
1184	1187	8	15
1184	1195	8	55
1335	1343	3	33
1185	1304	78	123
1185	1193	9	26
1233	1186	40	277
1186	1194	12	27
1187	1195	6	130
1187	1348	153	38
1193	1188	3	327
1193	1189	29	357
1189	1232	98	20
1203	1190	23	205
1191	1245	46	81
1191	1258	51	76
1235	1192	40	255
1479	1485	4	108
1218	1193	30	312
1194	1208	23	26
1195	1196	3	61
1196	1280	54	77
1207	1197	33	348
1198	1216	20	42
1199	1338	71	85
1200	1209	6	119
1217	1200	33	204
1206	1201	3	332
1259	1201	89	207
1202	1272	236	169
1638	1202	374	255
1230	1203	50	208
1204	1274	46	105
1204	1253	38	86
1246	1205	35	269
1270	1205	54	265
1211	1206	5	288
1286	1292	12	12
1240	1223	66	192
1272	1228	159	188
1229	1230	9	177
1234	1230	7	218
1238	1231	6	269
1232	1363	69	48
1299	1254	40	198
1246	1264	36	68
1832	1233	667	271
1234	1239	4	89
1256	1234	16	224
1251	1235	9	243
1303	1235	48	210
1257	1329	963	2
1233	1208	50	328
1210	1207	10	347
1287	1282	5	189
1208	1239	58	28
1209	1297	52	118
1209	1220	35	21
1226	1210	218	356
1211	1267	136	164
1211	1215	6	32
1212	1221	14	127
1224	1213	14	306
1214	1227	15	112
1231	1214	17	266
1215	1279	81	28
1216	1308	83	147
1241	1216	34	221
1220	1217	5	276
1223	1217	12	208
1325	1218	61	308
1426	1218	117	256
1219	1262	30	113
1219	1328	50	95
1220	1222	5	3
1221	1236	15	129
1222	1223	6	4
1225	1226	27	1
1237	1224	14	306
1321	1225	83	331
1231	1227	8	208
1227	1234	11	143
1227	1229	5	163
1236	1398	78	129
1237	1236	4	192
1400	1237	79	308
1345	1237	129	197
1248	1238	6	275
1276	1238	15	253
1239	1244	4	39
1243	1240	3	211
1254	1241	11	212
1242	1252	6	103
1255	1242	6	258
1269	1243	29	199
1293	1282	4	237
1247	1336	235	7
1244	1249	5	45
1244	1406	68	82
1311	1276	214	183
1245	1275	18	144
1250	1246	3	252
1387	1247	186	345
1256	1248	3	322
1260	1248	3	291
1249	1256	5	15
1258	1251	10	345
1282	1251	10	239
1252	1263	3	102
1296	1314	203	2
1257	1255	3	194
1261	1255	3	256
1260	1256	3	217
1261	1257	3	336
1258	1278	7	60
1308	1259	33	208
1273	1260	3	279
1276	1260	8	219
1266	1261	3	315
1262	1281	9	112
1263	1283	6	100
1263	1266	3	26
1264	1265	3	171
1270	1264	3	246
1265	1274	15	171
1265	1271	3	64
1283	1266	6	298
1267	1268	3	136
1267	1464	149	53
1268	1317	31	147
1277	1269	9	199
1271	1270	3	348
1331	1270	29	229
1284	1271	28	351
1271	1292	8	60
1273	1296	12	38
1332	1273	22	259
1274	1277	16	173
1275	1318	204	176
1278	1275	22	183
1277	1289	35	175
1282	1278	7	189
1278	1291	4	54
1279	1319	32	25
1280	1320	14	105
1365	1281	151	348
1283	1474	138	93
1323	1285	205	356
1285	1291	24	4
1288	1286	27	358
1303	1287	26	191
1295	1288	31	355
1290	1289	3	348
1295	1289	3	247
1290	1300	14	169
1290	1298	3	83
1291	1293	7	9
1291	1324	70	11
1292	1335	21	47
1332	1296	20	290
1293	1294	3	9
1309	1293	43	191
1294	1309	22	12
1298	1295	3	355
1305	1295	3	268
1297	1301	28	178
1297	1449	91	83
1297	1306	62	2
1298	1330	29	143
1300	1298	14	358
1301	1299	15	184
1304	1326	44	165
1302	1300	10	355
1307	1302	20	356
1326	1303	48	192
1304	1337	19	138
1344	1305	33	326
1306	1307	27	2
1340	1337	36	358
1308	1312	4	156
1405	1308	69	222
1309	1324	32	12
1310	1311	3	179
1316	1310	3	284
1318	1310	101	182
1311	1315	3	103
1391	1370	17	200
1325	1388	52	55
1380	1370	3	283
1361	1331	61	195
1312	1319	5	146
1333	1313	11	321
1316	1313	6	357
1370	1369	3	245
1313	1323	96	2
1314	1315	6	360
1314	1327	7	50
1315	1327	5	103
1315	1316	3	2
1333	1316	7	288
1317	1322	3	148
1319	1464	178	145
1366	1356	6	321
1319	1404	67	38
1320	1367	19	109
1369	1320	19	281
1341	1374	59	24
1359	1321	54	344
1322	1376	32	139
1384	1322	32	316
1324	1339	20	12
1324	1385	36	46
1349	1325	12	321
1326	1339	3	103
1340	1326	9	204
1329	1379	73	14
1327	1364	13	106
1328	1834	632	90
1330	1421	62	107
1331	1335	3	159
1341	1331	3	212
1407	1332	35	273
1434	1333	63	288
1399	1334	35	309
1335	1342	4	159
1371	1372	3	20
1372	1382	12	10
1372	1422	80	25
1390	1397	49	6
1382	1374	3	209
1381	1375	3	330
1390	1366	11	319
1369	1367	3	202
1368	1373	4	114
1376	1378	3	50
1618	1336	255	279
1336	1338	22	1
1337	1347	4	140
1338	1365	79	8
1339	1355	16	25
1350	1340	9	209
1343	1341	3	343
1354	1341	13	209
1342	1392	36	149
1346	1343	4	343
1343	1358	14	29
1420	1344	58	285
1368	1345	18	215
1345	1373	19	45
1389	1346	31	329
1347	1350	3	141
1375	1348	14	298
1348	1359	26	12
1352	1349	3	321
1350	1355	3	141
1352	1350	3	209
1389	1351	31	334
1351	1360	15	17
1356	1352	3	321
1353	1352	3	209
1388	1353	29	206
1374	1354	24	201
1355	1362	5	141
1355	1356	3	27
1356	1357	3	27
1357	1397	37	26
1358	1371	14	27
1360	1371	14	19
1382	1361	9	297
1402	1412	15	140
1395	1361	14	241
1362	1385	11	138
1363	1376	7	52
1364	1432	51	108
1377	1411	22	100
1377	1383	3	17
1380	1391	17	9
1378	1384	3	54
1379	1386	10	6
1383	1380	3	331
1391	1381	78	358
1395	1382	11	205
1411	1383	22	289
1384	1409	22	50
1385	1393	4	142
1386	1387	9	1
1387	1827	618	89
1426	1388	58	215
1396	1389	8	327
1394	1390	3	319
1392	1416	43	150
1392	1410	31	147
1393	1402	14	140
1403	1394	14	320
1419	1395	57	205
1418	1396	41	325
1413	1396	30	327
1397	1538	224	47
1398	1452	58	115
1398	1400	5	28
1475	1399	97	295
1454	1400	58	295
1438	1401	48	313
1415	1403	14	319
1404	1441	36	78
1442	1405	35	267
1406	1447	40	96
1406	1407	3	4
1486	1480	4	287
1447	1407	40	278
1407	1408	61	0
1408	1414	37	9
1409	1430	25	63
1410	1450	91	153
1453	1411	55	311
1412	1455	55	130
1451	1413	88	333
1414	1427	62	12
1443	1415	41	314
1418	1416	7	224
1417	1424	42	172
1417	1423	5	73
1423	1418	10	335
1422	1419	3	295
1437	1419	42	205
1424	1420	3	265
1421	1425	3	99
1535	1422	145	296
1422	1440	43	24
1429	1423	41	350
1424	1425	4	174
1425	1428	4	120
1593	1426	217	233
1427	1432	30	13
1428	1461	41	119
1428	1431	6	49
1431	1429	5	333
1430	1483	63	87
1460	1431	37	305
1488	1475	17	207
1432	1651	245	90
1432	1433	3	10
1433	1434	3	10
1641	1434	233	271
1459	1479	30	112
1463	1460	7	288
1434	1458	119	14
1435	1468	43	78
1436	1507	177	156
1439	1436	4	205
1445	1437	14	204
1470	1438	47	302
1441	1439	7	199
1444	1439	4	252
1440	1446	13	24
1441	1541	125	105
1444	1441	6	348
1526	1442	96	286
1448	1443	7	301
1508	1444	181	338
1475	1445	109	204
1446	1481	109	24
1547	1447	116	276
1480	1448	46	294
1449	1457	9	84
1450	1461	14	113
1460	1451	13	295
1452	1493	51	111
1452	1476	39	107
1453	1518	87	130
1501	1454	52	286
1477	1454	38	290
1455	1459	8	118
1476	1494	13	110
1496	1477	13	289
1487	1478	5	250
1456	1638	250	119
1462	1457	66	190
1457	1548	108	87
1556	1508	72	241
1539	1457	108	261
1458	1472	33	43
1461	1462	6	110
1462	1536	97	113
1463	1462	3	198
1554	1463	102	287
1466	1463	5	209
1464	1465	3	142
1464	1503	48	46
1465	1484	36	142
1469	1466	14	204
1471	1467	22	345
1657	1467	241	242
1468	1471	4	81
1528	1469	142	206
1634	1470	216	312
1473	1471	8	337
1472	1512	31	76
1482	1473	20	336
1506	1511	10	33
1507	1509	3	118
1508	1507	3	229
1571	1474	591	351
1478	1484	23	12
1474	1740	330	100
1481	1475	3	294
1481	1492	17	27
1509	1581	88	63
1706	1720	9	62
1658	1482	308	306
1483	1515	22	92
1514	1483	22	265
1484	1489	3	142
1484	1505	15	49
1485	1525	31	103
1527	1486	46	284
1487	1500	10	117
1489	1487	16	185
1491	1488	4	207
1489	1490	3	141
1490	1498	13	159
1510	1490	12	273
1493	1491	3	208
1492	1495	4	30
1493	1497	3	108
1494	1493	3	208
1494	1502	3	114
1496	1494	3	208
1495	1497	3	27
1504	1496	3	293
1501	1496	3	208
1497	1552	68	106
1497	1502	3	31
1498	1499	3	147
1498	1510	14	31
1517	1499	63	347
1499	1500	4	180
1500	1514	58	168
1506	1501	3	294
1519	1501	27	216
1502	1523	22	114
1502	1504	3	31
1507	1503	7	203
1503	1509	7	40
1524	1504	22	293
1504	1506	3	31
1505	1510	19	166
1505	1533	53	57
1513	1506	9	296
1509	1508	3	352
1769	1765	20	327
1513	1511	14	349
1511	1522	17	34
1512	1575	74	81
1553	1513	57	289
1514	1515	3	171
1517	1514	3	282
1516	1520	3	116
1516	1517	3	1
1521	1517	4	288
1518	1596	99	60
1522	1519	3	300
1530	1519	38	214
1520	1568	74	125
1570	1521	75	305
1522	1531	38	34
1523	1552	45	105
1553	1524	45	284
1525	1545	39	106
1540	1526	29	260
1537	1527	19	285
1529	1528	4	204
1543	1529	22	294
1535	1529	33	202
1530	1531	3	125
1532	1530	14	215
1531	1534	14	35
1534	1532	3	302
1582	1532	72	212
1533	1586	42	83
1629	1534	90	287
1534	1580	65	33
1536	1539	12	161
1554	1536	18	230
1546	1537	4	292
1538	1569	23	76
1538	1595	43	63
1539	1548	13	158
1542	1540	3	212
1541	1565	76	166
1541	1559	14	93
1562	1542	17	270
1573	1542	101	193
1543	1544	4	176
1549	1543	5	291
1544	1557	130	176
1550	1544	6	258
1545	1585	118	167
1642	1647	7	120
1545	1730	235	104
1734	1546	236	284
1592	1547	32	276
1548	1573	77	166
1548	1566	15	86
1550	1549	3	359
1551	1550	3	359
1560	1551	128	356
1552	1654	114	93
1633	1553	71	274
1555	1554	3	291
1558	1559	45	1
1567	1555	10	292
1557	1555	37	182
1565	1556	26	198
1578	1556	16	253
1560	1557	4	257
1581	1587	3	71
1584	1582	3	225
1587	1558	69	341
1574	1558	39	342
1559	1562	16	11
1559	1672	173	66
1562	1563	28	1
1561	1560	10	358
1576	1560	10	260
1564	1561	24	355
1561	1576	15	39
1636	1562	76	242
1563	1566	147	1
1567	1564	7	344
1565	1572	14	157
1566	1590	16	55
1591	1567	14	292
1568	1593	29	148
1569	1600	24	78
1597	1570	29	327
1611	1571	79	333
1572	1578	6	157
1574	1583	41	157
1579	1574	3	337
1575	1577	16	179
1575	1730	246	58
1585	1575	70	183
1645	1643	6	208
1643	1646	6	36
1576	1643	125	37
1577	1624	61	139
1578	1581	3	157
1583	1578	3	247
1583	1579	7	336
1580	1584	9	17
1580	1594	13	46
1581	1601	47	157
1588	1582	8	197
1587	1583	3	336
1584	1588	6	6
1589	1584	3	261
1586	1607	19	103
1601	1586	30	213
1609	1587	48	336
1589	1588	6	341
1596	1588	43	191
1795	1789	19	234
1594	1589	4	275
1590	1591	15	3
1590	1739	207	84
1737	1591	204	267
1628	1592	38	272
1597	1593	3	235
1630	1594	52	230
1595	1600	11	141
1598	1595	4	227
1595	1599	4	70
1615	1596	96	191
1598	1597	3	317
1627	1597	34	259
1599	1598	3	317
1621	1598	24	255
1602	1599	6	323
1599	1606	7	78
1600	1675	239	147
1600	1605	3	81
1601	1603	3	157
1609	1601	4	258
1602	1606	8	25
1604	1602	5	331
1603	1608	6	157
1605	1604	3	328
1617	1605	22	327
1605	1622	16	81
1606	1616	10	100
1607	1612	3	112
1608	1612	23	173
1608	1619	22	141
1610	1609	3	336
1623	1609	16	259
1614	1610	8	332
1705	1644	116	259
1648	1645	9	211
1667	1633	71	269
1864	1611	520	272
1612	1613	3	106
1632	1614	34	312
1613	1619	11	65
1623	1614	35	220
1647	1641	7	246
1650	1615	272	191
1616	1620	7	138
1621	1616	10	217
1631	1617	33	327
1841	1618	429	288
1619	1659	90	117
1620	1622	3	136
1620	1625	4	81
1627	1621	9	255
1622	1640	35	76
1622	1635	17	81
1626	1623	3	256
1624	1642	101	160
1665	1656	37	325
1625	1639	27	67
1632	1626	40	342
1637	1627	13	257
1628	1748	193	70
1644	1629	27	266
1703	1630	178	231
1677	1631	182	327
1663	1632	74	295
1686	1633	108	266
1661	1634	65	267
1635	1640	17	70
1673	1636	91	252
1639	1637	10	326
1666	1637	68	250
1638	1780	226	98
1640	1671	82	60
1642	1641	7	184
1646	1649	9	33
1647	1651	5	121
1684	1647	89	247
1655	1648	32	212
1649	1664	73	31
1656	1650	193	185
1651	1652	6	131
1651	1653	5	64
1652	1653	6	4
1652	1748	199	136
1653	1674	61	67
1654	1668	30	86
1654	1670	44	90
1657	1658	307	180
1662	1655	40	209
1658	1656	53	184
1660	1657	62	194
1659	1701	100	137
1660	1857	493	126
1669	1660	56	194
1679	1661	119	341
1713	1662	133	214
1689	1682	12	267
1716	1663	111	316
1664	1712	124	36
1858	1665	488	291
1697	1666	67	241
1698	1666	67	244
1681	1667	32	267
1668	1680	30	87
1679	1669	94	195
1670	1676	16	123
1670	1678	14	90
1673	1672	11	183
1671	1700	47	62
1671	1710	55	66
1672	1690	29	106
1692	1673	29	286
1674	1784	293	35
1724	1703	31	336
1676	1713	102	155
1675	1763	168	147
1678	1676	8	197
1765	1677	169	327
1680	1678	4	213
1678	1685	8	87
1702	1697	8	245
1704	1698	8	242
1787	1679	587	200
1681	1680	3	213
1680	1683	3	87
1722	1687	109	340
1682	1681	3	267
1686	1681	7	218
1682	1683	3	171
1683	1685	5	139
1683	1688	11	87
1776	1684	266	212
1685	1687	5	87
1691	1686	10	269
1714	1686	85	204
1687	1688	4	37
1687	1764	80	82
1688	1689	3	28
1688	1709	22	87
1689	1691	5	7
1707	1689	20	267
1690	1695	8	106
1690	1692	10	5
1699	1691	12	272
1691	1693	10	14
1696	1692	9	289
1699	1693	16	319
1693	1708	49	20
1696	1695	10	193
1694	1864	624	142
1721	1761	51	55
1740	1694	169	194
1695	1747	48	105
1750	1696	50	284
1701	1697	11	196
1760	1699	57	267
1700	1706	8	62
1701	1702	8	152
1702	1704	3	156
1711	1702	6	242
1703	1851	294	65
1704	1706	3	156
1718	1704	9	242
1705	1715	6	125
1717	1705	7	258
1706	1710	3	156
1760	1707	50	262
1708	1726	22	32
1709	1764	54	84
1710	1807	213	124
1710	1721	9	63
1716	1711	4	242
1712	1719	7	48
1712	1727	10	85
1713	1719	7	139
1722	1713	9	226
1714	1726	8	112
1715	1714	3	184
1717	1715	6	200
1718	1716	3	338
1762	1716	53	241
1723	1717	4	227
1720	1718	3	338
1729	1718	7	242
1719	1727	6	130
1719	1728	9	40
1721	1720	3	339
1720	1731	7	62
1808	1721	209	305
1728	1722	7	325
1725	1723	6	192
1735	1723	7	258
1732	1724	12	340
1735	1725	7	312
1725	1733	41	6
1726	1738	10	52
1727	1773	111	139
1775	1728	119	320
1762	1729	46	238
1730	1771	67	114
1730	1734	3	46
1731	1761	43	58
1741	1732	20	339
1733	1736	8	12
1770	1734	65	294
1734	1763	41	70
1738	1735	10	336
1756	1735	27	264
1736	1752	49	26
1737	1739	3	168
1742	1737	5	259
1738	1744	11	60
1739	1745	12	75
1932	1928	5	333
1740	1861	298	89
1741	1752	53	161
1752	1741	55	341
1743	1742	5	256
1746	1743	4	245
1744	1756	15	70
1759	1751	109	354
1745	1749	4	61
1757	1746	15	242
1747	1751	8	153
1747	1754	6	91
1748	1804	117	107
1749	1753	4	63
1755	1750	4	264
1751	1754	7	20
1753	1758	10	62
1754	1755	8	6
1754	1766	16	76
1767	1755	19	256
1798	1756	94	259
1757	1758	3	156
1778	1757	56	239
1758	1782	58	59
1772	1759	66	330
1781	1760	48	260
1761	1793	99	53
1792	1762	95	232
1763	1768	19	144
1763	1765	3	68
1764	1783	44	80
1766	1767	14	24
1766	1790	77	55
1789	1767	69	235
1768	1770	27	156
1777	1769	49	326
1815	1787	391	188
1777	1770	25	312
1770	1771	3	176
1771	1774	19	133
1786	1772	48	330
1773	1800	135	154
1872	1870	5	344
1775	1773	4	245
1774	1776	15	171
1774	1779	11	142
1799	1775	124	336
1779	1776	7	224
1785	1777	11	314
1778	1782	4	130
1806	1778	85	220
1815	1780	458	352
1779	1784	6	135
1785	1779	5	256
1783	1781	4	349
1854	1781	183	260
1782	1810	87	40
1783	1856	184	80
1784	1788	21	134
1784	1785	6	7
1791	1785	25	314
1786	1792	36	143
1794	1786	37	319
1787	1848	149	80
1788	1826	125	132
1788	1791	4	47
1790	1789	5	330
1790	1797	20	52
1875	1791	341	309
1791	1836	123	65
1792	1793	4	145
1794	1792	3	234
1793	1803	24	139
1793	1796	3	49
1796	1794	3	324
1843	1794	140	234
1801	1795	16	233
1803	1796	24	326
1796	1825	91	51
1797	1805	16	53
1837	1798	99	285
1802	1799	8	310
1800	1806	9	131
1800	1802	4	32
1804	1829	143	147
1813	1801	12	233
1809	1802	10	324
1803	1817	69	169
1804	1860	178	109
1805	1816	13	53
1806	1810	4	108
1809	1806	3	218
1807	1855	128	92
1808	1807	5	189
1807	1811	7	42
1811	1808	4	269
1814	1808	36	187
1810	1809	4	315
1939	1928	5	266
1823	1809	59	225
1810	1896	280	76
1838	1837	6	297
1820	1811	24	272
1811	1812	10	2
1820	1812	28	294
1812	1814	26	1
1818	1813	10	230
1817	1814	67	183
1824	1815	45	243
1816	1819	10	53
1831	1818	65	248
1819	1850	102	73
1853	1820	100	272
1821	1830	42	132
1821	1822	4	37
1833	1822	42	313
1907	1823	233	264
1846	1868	110	62
1827	1847	174	13
1825	1846	49	59
1826	1874	217	127
1898	1827	207	264
1828	1845	68	25
1837	1828	91	354
1829	1832	5	157
1830	1839	101	170
1830	1833	3	41
1839	1831	17	253
1832	1834	4	157
1997	1832	367	260
1844	1833	103	348
1834	1835	6	157
1834	1986	346	81
1835	1840	147	175
1836	1873	166	110
1842	1838	9	297
1844	1839	7	256
1913	1840	344	316
1937	1929	9	332
1847	1841	71	354
1913	1841	212	255
1842	1854	49	134
1863	1842	88	287
1843	1846	3	149
1867	1843	111	243
1849	1844	17	259
1845	1865	86	85
1848	2183	640	103
1850	1849	9	345
1870	1849	97	255
1850	1872	97	74
1851	1852	7	66
1852	1859	26	48
1884	1853	124	278
1853	1855	5	177
1854	1856	4	148
1879	1854	120	265
1855	1881	123	98
1856	1902	140	86
1857	1862	41	118
1858	2138	543	80
1866	1858	236	195
1859	1957	199	72
1860	2059	362	81
1862	1866	101	165
1861	1938	164	111
1964	1861	400	212
1879	1863	72	269
1864	1975	234	120
1865	1869	21	99
1891	1867	72	241
1868	1894	74	61
1869	1958	133	106
1934	1870	112	251
1889	1871	219	200
1872	1936	109	74
1915	1943	19	92
1898	1883	237	184
1882	1885	147	179
1873	1876	3	87
1874	1877	10	118
1893	1890	143	358
1878	1875	12	300
1888	1875	20	265
1876	1976	148	105
1877	1978	162	122
1877	1878	4	52
1886	1878	10	300
1878	1880	8	49
1900	1879	23	266
1886	1880	10	345
1880	1888	4	49
1881	1946	66	99
1881	1884	5	12
1882	1890	4	123
1887	1882	3	213
1883	1889	4	148
1949	1884	69	279
1885	1904	48	153
1893	1885	8	250
1980	1886	151	303
1892	1887	4	304
1902	1887	73	195
1888	1895	16	49
1890	1892	3	30
1897	1891	15	226
1892	1905	76	14
1901	1893	29	334
1894	1899	14	47
1895	1983	156	118
1915	1935	16	77
1916	1919	3	150
1895	2005	193	80
1896	1909	12	91
1896	1919	32	86
1930	1897	167	195
1898	2209	491	89
1899	1908	14	44
1900	1902	4	174
1903	1900	3	265
1906	1900	18	191
1923	1901	73	334
1910	1901	19	335
1902	1905	3	85
1903	1906	17	3
1905	1903	4	354
1918	1903	24	265
1904	1917	53	154
1904	1911	46	161
1905	1915	22	85
1968	1906	136	215
1911	1907	24	222
1914	1907	20	262
1908	1944	207	10
1909	1924	27	106
1909	1920	20	87
1912	1910	27	333
1962	1910	61	282
1911	1914	14	154
1912	1961	57	79
1929	1912	29	326
2099	1913	246	265
1914	1916	4	152
1921	1914	6	265
1922	1916	7	238
1917	1921	9	153
1935	1918	13	273
1954	1918	26	246
1919	1920	3	150
1919	1925	6	86
1920	1924	9	152
1920	1926	6	86
1921	1922	3	153
1927	1921	6	265
1922	1925	5	153
1928	1922	6	266
1927	1923	9	333
1924	1951	54	161
1925	1926	3	153
1925	1932	6	86
1926	1931	8	153
1926	1933	6	86
1928	1927	3	333
1937	1927	5	265
1959	1929	26	287
1941	1930	59	186
1931	1951	54	167
1933	1932	3	333
1932	1942	5	58
1940	1933	7	333
1933	1945	5	86
1934	1936	11	176
1951	1934	101	185
1952	1934	10	251
1960	1935	22	283
1935	1943	5	143
1935	1950	11	54
1954	1935	16	224
1936	1941	14	172
1936	1953	10	72
1939	1937	3	334
1959	1937	19	268
1938	2182	393	96
2206	1964	538	236
2237	1938	678	229
1942	1939	3	334
1966	1939	31	265
1955	1940	37	342
1945	1942	4	333
1943	1973	47	111
1944	1953	24	15
1947	1945	9	338
1945	1956	11	83
1946	1948	3	100
1955	1947	35	350
1947	1956	13	38
1948	2095	212	100
1952	1955	114	2
1960	1950	19	312
1981	1976	7	287
2098	1949	213	280
1950	1969	41	47
1953	1952	12	359
1989	1952	109	248
1953	1990	112	66
1969	1954	36	230
1956	1977	52	89
1957	2000	109	93
1958	1963	12	127
1965	1958	13	275
1966	1959	12	270
1974	1960	30	295
1961	1982	65	95
1962	1961	4	185
1984	1962	65	275
1965	1963	8	203
1963	1967	7	125
1971	1965	13	267
1979	1966	37	274
1967	1968	5	146
1967	1970	6	91
1968	1970	5	36
2033	1969	147	228
1970	1972	7	67
1972	1971	11	345
1993	1971	75	256
1972	1995	76	75
1973	2024	97	105
1973	1974	4	22
2026	1974	97	285
1976	2005	161	153
1975	2179	509	40
1977	2057	119	100
1979	1977	4	207
1978	1987	48	125
1980	1978	3	217
1991	1979	48	278
1988	1980	47	305
1983	1980	40	213
2010	2001	8	278
2006	2001	11	210
1981	2174	303	105
1982	2015	47	98
1984	1982	4	185
2005	1983	129	201
2016	1984	46	278
1985	1994	51	34
1986	2058	85	74
1987	2018	37	126
2043	1988	62	304
1989	1990	11	167
2012	1989	27	244
1990	1996	11	64
2048	2043	13	304
2091	2026	73	281
2092	2060	35	302
2062	2068	6	68
1992	2151	277	127
2022	1991	24	278
2015	1991	45	209
1994	1992	6	205
2001	1993	12	225
1994	1998	11	20
1995	2007	12	105
1999	1996	3	272
1996	2002	5	63
2068	1997	110	231
2084	1997	92	252
2087	1997	94	255
2000	2011	118	175
1998	2003	49	4
2003	1999	3	324
1999	2002	3	35
2002	2004	3	62
2004	2014	10	60
2022	2023	49	2
2005	2040	29	75
2010	2006	11	350
2008	2006	16	184
2007	2028	14	124
2007	2020	10	47
2017	2008	48	185
2008	2078	72	81
2009	2013	13	172
2019	2009	7	295
2011	2009	6	194
2020	2010	13	339
2019	2011	9	335
2014	2012	9	346
2071	2073	3	125
2064	2012	102	217
2013	2017	63	178
2013	2019	11	16
2016	2015	5	182
2014	2032	14	59
2015	2023	5	106
2021	2016	3	235
2018	2031	19	149
2018	2036	18	125
2030	2020	14	326
2039	2021	46	199
2072	2022	57	272
2023	2025	3	62
2024	2086	74	106
2025	2047	23	96
2025	2029	5	22
2026	2067	132	24
2027	2041	47	18
2029	2027	3	344
2028	2033	7	137
2044	2029	17	278
2034	2030	7	319
2031	2059	53	129
2031	2036	8	50
2032	2076	93	37
2033	2035	4	137
2034	2033	3	228
2037	2034	4	319
2038	2034	4	228
2035	2056	49	138
2036	2042	7	123
2060	2037	49	318
2085	2038	71	237
2041	2039	4	290
2045	2039	25	200
2053	2040	24	262
2040	2054	25	88
2041	2046	19	19
2042	2066	46	128
2042	2074	50	124
2049	2043	15	267
2065	2044	34	278
2047	2044	7	311
2045	2046	7	166
2075	2045	121	200
2046	2079	126	19
2047	2050	14	98
2048	2049	11	24
2077	2048	41	304
2049	2089	49	123
2050	2070	17	98
2065	2050	16	262
2080	2083	15	17
2116	2051	145	332
2051	2052	12	3
2052	2061	46	8
2178	2053	186	283
2054	2053	3	344
2054	2176	185	103
2055	2054	3	346
2061	2055	31	352
2056	2071	18	136
2060	2056	3	226
2057	2064	13	137
2057	2063	9	108
2058	2097	32	92
2058	2094	32	75
2059	2062	4	69
2063	2064	6	178
2063	2080	13	99
2072	2063	15	196
2096	2065	24	278
2066	2068	3	153
2066	2069	3	145
2071	2067	4	189
2067	2073	4	49
2068	2069	3	68
2069	2081	27	156
2069	2074	5	69
2070	2100	30	111
2070	2096	24	87
2083	2072	13	279
2100	2072	34	224
2073	2090	17	108
2074	2103	35	124
2074	2077	4	71
2075	2079	4	125
2093	2075	37	206
2076	2080	7	25
2076	2088	13	62
2102	2077	24	304
2077	2082	6	68
2085	2078	28	342
2079	2104	37	42
2080	2088	8	95
2081	2084	7	152
2082	2089	5	65
2137	2132	12	304
2130	2083	56	285
2083	2167	186	47
2084	2087	5	141
2109	2084	27	251
2091	2086	12	190
2173	2085	156	289
2086	2093	5	119
2087	2094	5	130
2113	2087	30	254
2088	2129	50	94
2089	2116	37	62
2090	2122	44	108
2092	2090	4	195
2101	2091	8	270
2125	2092	45	281
2093	2104	14	113
2094	2111	25	97
2094	2118	31	75
2095	2166	124	87
2106	2096	16	269
2097	2146	75	101
2097	2121	39	76
2164	2098	122	267
2152	2099	84	266
2106	2100	17	230
2107	2101	12	287
2417	2427	19	93
2122	2101	124	196
2105	2102	12	304
2158	2102	96	269
2103	2109	8	124
2104	2108	6	108
2175	2117	241	215
2110	2105	7	305
2135	2134	6	187
2107	2131	123	14
2163	2106	144	227
2112	2107	10	308
2108	2141	56	127
2108	2112	18	33
2109	2113	8	124
2110	2109	3	246
2114	2110	8	305
2115	2110	8	246
2111	2120	14	63
2142	2112	58	317
2113	2118	6	124
2114	2113	3	254
2119	2114	6	305
2143	2114	40	255
2140	2115	34	260
2116	2139	74	24
2117	2157	73	112
2118	2120	8	124
2118	2119	3	75
2123	2119	7	305
2119	2144	36	75
2120	2124	4	124
2120	2123	3	61
2125	2122	11	203
2121	2124	3	63
2126	2123	4	305
2123	2144	32	65
2124	2128	6	124
2124	2126	3	63
2132	2125	7	295
2133	2126	7	305
2126	2127	3	63
2127	2136	57	135
2128	2146	34	129
2129	2134	4	99
2129	2130	5	6
2135	2130	4	280
2131	2132	8	12
2131	2137	11	87
2133	2136	7	126
2134	2185	109	99
2187	2135	109	279
2136	2153	43	135
2202	2170	86	234
2426	2417	19	262
2137	2202	258	142
2207	2138	176	246
2139	2176	143	39
2143	2140	7	300
2141	2147	20	140
2142	2141	4	243
2150	2142	19	320
2145	2143	5	323
2158	2143	34	260
2144	2145	3	78
2148	2145	9	327
2145	2159	36	78
2146	2175	115	142
2153	2149	42	348
2147	2165	77	141
2147	2150	4	42
2149	2148	8	350
2149	2159	40	51
2169	2150	80	317
2152	2157	122	6
2151	2154	11	167
2151	2156	9	128
2241	2152	216	254
2177	2153	98	322
2154	2155	3	41
2155	2156	4	37
2156	2295	351	116
2215	2224	20	90
2161	2160	127	184
2157	2241	205	107
2193	2158	81	263
2159	2194	76	84
2173	2160	103	340
2162	2161	7	232
2208	2162	102	249
2163	2167	10	145
2165	2163	7	197
2277	2164	236	267
2169	2165	9	240
2166	2276	234	88
2167	2168	4	82
2168	2196	82	137
2168	2171	12	52
2170	2169	6	270
2172	2170	9	337
2250	2247	7	237
2197	2171	81	322
2171	2172	3	20
2178	2174	77	357
2172	2204	88	51
2184	2173	17	271
2174	2201	62	90
2175	2252	206	125
2177	2175	3	237
2176	2178	3	5
2238	2177	174	307
2180	2182	61	6
2181	2180	148	359
2179	2190	16	114
2179	2181	12	15
2217	2214	7	281
2216	2314	311	124
2245	2217	62	282
2180	2382	683	127
2186	2188	100	2
2181	2190	22	148
2182	2186	19	6
2183	2189	9	56
2183	2191	11	79
2184	2192	11	87
2185	2225	97	98
2187	2185	4	188
2200	2215	34	90
2201	2220	40	82
2202	2204	4	139
2242	2202	111	230
2186	2358	483	68
2221	2187	85	278
2196	2187	107	195
2198	2188	84	200
2189	2191	5	127
2189	2226	125	47
2190	2195	82	164
2191	2216	62	101
2192	2222	75	87
2199	2193	11	270
2194	2200	11	90
2289	2290	4	169
2346	2364	95	20
2226	2255	430	9
2232	2212	58	318
2223	2213	20	270
2218	2229	39	140
2218	2257	98	82
2376	2374	5	217
2428	2195	742	298
2196	2203	30	139
2197	2196	3	233
2205	2197	33	320
2197	2211	44	50
2237	2198	292	198
2213	2199	33	270
2203	2231	85	139
2205	2203	4	279
2204	2218	42	140
2204	2246	110	50
2212	2205	21	318
2214	2205	16	282
2216	2207	934	181
2219	2206	34	312
2363	2207	395	253
2208	2210	7	75
2209	2256	106	80
2251	2210	92	249
2211	2248	88	111
2211	2229	49	50
2219	2237	220	166
2278	2219	420	197
2227	2220	16	242
2233	2221	24	275
2222	2336	282	105
2281	2223	126	270
2224	2280	125	90
2225	2234	15	98
2226	2471	630	77
2228	2227	3	283
2259	2227	120	228
2230	2228	4	268
2229	2254	53	102
2337	2230	286	284
2231	2235	11	145
2236	2232	15	316
2233	2234	5	161
2240	2233	20	282
2235	2233	19	186
2234	2239	15	102
2236	2235	6	244
2243	2236	17	280
2263	2238	66	286
2239	2301	127	108
2239	2240	5	41
2260	2259	3	208
2269	2261	307	182
2302	2240	125	288
2240	2244	15	22
2267	2241	60	264
2246	2242	4	329
2247	2242	11	231
2244	2243	10	351
2273	2243	69	248
2244	2274	72	64
2273	2245	76	296
2248	2245	41	192
2313	2246	172	305
2246	2249	11	53
2248	2296	103	87
2254	2248	53	192
2249	2253	7	54
2255	2349	469	51
2282	2250	76	252
2311	2309	3	260
2422	2251	375	275
2252	2258	35	117
2252	2266	39	93
2253	2282	75	69
2254	2287	77	102
2257	2254	54	192
2256	2279	66	127
2328	2256	234	247
2292	2288	9	313
2257	2303	95	113
2258	2262	13	155
2258	2265	8	121
2261	2260	3	209
2262	2264	17	178
2265	2262	8	193
2262	2272	11	76
2266	2263	3	297
2275	2263	13	270
2264	2267	81	177
2272	2265	9	304
2265	2268	12	12
2268	2266	7	339
2266	2275	11	85
2267	2288	68	138
2268	2275	13	53
2270	2269	4	183
2271	2270	7	184
2276	2271	103	183
2299	2272	59	302
2308	2273	71	247
2274	2310	71	67
2283	2275	25	267
2276	2372	245	94
2277	2276	5	185
2373	2277	246	275
2291	2277	127	200
2279	2278	42	187
2294	2278	47	240
2280	2285	16	91
2284	2281	15	270
2306	2282	38	261
2286	2283	6	268
2351	2347	4	229
2374	2284	249	247
2285	2377	256	66
2324	2286	105	268
2287	2296	33	158
2293	2287	21	213
2288	2289	7	162
2292	2289	4	267
2290	2297	6	71
2333	2291	120	277
2298	2291	8	207
2297	2292	3	319
2316	2294	50	263
2295	2300	3	93
2296	2308	54	158
2297	2312	107	165
2322	2298	162	204
2299	2305	11	121
2304	2299	10	271
2300	2318	60	95
2301	2331	105	106
2332	2302	104	286
2313	2303	38	215
2304	2305	7	179
2341	2304	153	304
2307	2304	12	328
2305	2307	7	125
2309	2306	6	263
2354	2307	235	319
2310	2308	4	338
2325	2308	78	247
2338	2310	120	294
2310	2326	79	68
2339	2311	111	252
2315	2312	10	290
2329	2313	134	327
2314	2348	694	168
2317	2315	41	323
2335	2334	6	342
2380	2316	216	284
2348	2363	52	150
2418	2421	6	84
2419	2392	51	322
2321	2327	300	7
2345	2317	85	267
2321	2318	3	246
2319	2320	3	178
2319	2323	5	34
2320	2322	73	178
2323	2321	3	300
2464	2323	374	256
2344	2324	50	268
2325	2326	6	152
2329	2325	9	248
2326	2330	8	68
2327	2331	55	7
2345	2328	70	222
2334	2329	9	248
2338	2330	84	344
2330	2335	9	68
2354	2362	62	171
2365	2346	399	355
2331	2418	166	98
2331	2332	3	12
2415	2332	164	277
2332	2338	95	12
2407	2333	157	280
2393	2386	74	183
2350	2334	53	249
2335	2357	63	67
2336	2340	14	113
2337	2371	156	145
2339	2342	8	116
2343	2339	9	246
2340	2351	36	120
2410	2393	339	183
2397	2394	3	280
2416	2373	65	272
2386	2375	153	193
2375	2374	5	198
2358	2369	263	5
2390	2341	115	282
2342	2343	7	7
2355	2342	44	253
2347	2343	22	244
2441	2344	172	268
2362	2345	36	235
2425	2349	152	271
2356	2350	9	247
2351	2353	5	119
2352	2351	5	224
2359	2352	17	206
2353	2355	8	167
2353	2360	11	117
2370	2354	41	249
2355	2360	8	73
2402	2356	95	248
2357	2404	94	67
2406	2358	90	282
2361	2359	8	205
2386	2401	77	169
2360	2417	100	103
2367	2361	19	221
2364	2378	120	13
2366	2365	10	356
2368	2366	5	355
2367	2475	262	83
2431	2367	147	226
2369	2368	15	355
2370	2385	38	103
2371	2375	18	147
2372	2413	64	102
2375	2376	3	137
2376	2377	3	135
2405	2376	79	218
2377	2387	34	119
2377	2379	3	37
2381	2378	12	206
2379	2399	59	38
2379	2432	138	47
2383	2380	6	303
2384	2380	12	261
2383	2381	5	218
2382	2428	179	156
2502	2382	400	284
2384	2383	8	235
2389	2384	63	344
2420	2415	6	259
2458	2384	181	233
2388	2385	38	193
2398	2385	15	264
2409	2399	104	244
2387	2466	187	68
2394	2388	35	185
2512	2389	476	304
2389	2434	142	157
2394	2390	3	280
2392	2391	9	359
2391	2396	65	3
2395	2394	3	189
2395	2400	13	22
2396	2411	245	3
2403	2397	8	281
2459	2398	135	298
2399	2408	15	42
2400	2403	18	163
2400	2437	136	24
2412	2406	61	355
2401	2405	9	161
2402	2404	3	177
2438	2402	52	257
2445	2403	69	274
2404	2447	263	162
2404	2435	43	87
2405	2408	5	161
2429	2405	42	228
2465	2464	4	270
2406	2476	312	49
2414	2407	10	249
2408	2409	6	161
2408	2430	44	46
2413	2410	57	183
2411	2410	94	359
2450	2412	138	319
2413	2416	14	16
2495	2414	288	277
2424	2419	14	313
2446	2419	57	258
2447	2420	64	256
2421	2454	72	84
2469	2422	127	271
2444	2423	159	345
2467	2423	153	239
2429	2424	9	323
2442	2425	97	199
2455	2452	7	244
2427	2426	5	357
2433	2427	15	322
2427	2436	14	85
2503	2428	302	261
2430	2429	4	323
2446	2429	47	233
2432	2430	12	337
2430	2451	62	56
2469	2431	236	209
2470	2465	11	256
2438	2433	185	357
2433	2436	14	25
2434	2440	69	170
2435	2439	8	95
2437	2441	33	16
2439	2438	13	356
2444	2471	293	163
2492	2491	3	187
2474	2441	111	280
2441	2443	8	27
2442	2467	107	126
2443	2449	238	5
2477	2444	395	332
2461	2445	52	281
2445	2474	193	32
2452	2446	18	244
2447	2448	3	143
2448	2453	10	143
2449	2478	215	36
2513	2450	381	312
2451	2456	9	62
2453	2454	4	140
2498	2455	205	260
2456	2499	205	80
2460	2457	93	182
2459	2462	107	12
2457	2458	39	180
2460	2459	5	320
2460	2487	175	107
2461	2462	13	146
2463	2461	12	282
2462	2463	10	32
2473	2463	34	276
2478	2466	67	271
2480	2467	85	291
2468	2515	364	135
2491	2506	38	83
2492	2506	37	87
2493	2494	8	179
2479	2468	431	191
2472	2470	38	206
2471	2477	58	82
2494	2472	190	226
2483	2473	123	234
2484	2474	153	310
2474	2481	178	20
2475	2519	303	77
2476	2496	105	74
2477	2501	139	130
2504	2478	114	271
2501	2479	141	224
2480	2520	252	106
2481	2505	133	47
2482	2491	32	92
2482	2492	32	87
2483	2486	8	112
2485	2483	8	233
2485	2484	13	357
2484	2489	17	120
2486	2485	8	357
2489	2485	12	235
2507	2486	98	326
2490	2487	6	288
2488	2487	7	209
2490	2488	8	341
2508	2488	153	202
2524	2490	252	287
2491	2493	14	178
2496	2512	405	12
2495	2521	356	134
2496	2517	166	91
2521	2497	393	211
2513	2502	295	192
2497	2498	19	172
2498	2499	4	172
2499	2500	4	172
2500	2504	118	169
2525	2501	258	296
2503	2502	34	353
2505	2504	196	360
2507	2508	19	145
2510	2507	13	286
2508	2509	7	20
2509	2510	4	4
2509	2511	7	66
2511	2510	6	280
2522	2511	155	277
2531	2513	266	320
2514	2515	12	52
2518	2516	329	355
2520	2518	70	355
2523	2520	262	348
2526	2522	34	254
2533	2531	221	357
2524	2532	201	5
2526	2530	48	8
2529	2526	6	319
2527	2532	23	158
2528	2527	11	182
2529	2528	4	190
