0	1	0	0.1000	-0.0500
0	1	1	0.2000	-0.0500
0	1	2	0.3000	-0.0500
0	1	3	0.4000	-0.0500
0	1	4	0.5000	-0.0500
0	1	5	0.6000	-0.0500
0	1	6	0.7000	-0.0500
0	1	7	0.8000	-0.0500
0	1	8	0.9000	-0.0500
0	1	9	1.0000	-0.0500
0	10	0	0.0500	0.1000
0	10	1	0.0500	0.2000
0	10	2	0.0500	0.3000
0	10	3	0.0500	0.4000
0	10	4	0.0500	0.5000
0	10	5	0.0500	0.6000
0	10	6	0.0500	0.7000
0	10	7	0.0500	0.8000
0	10	8	0.0500	0.9000
0	10	9	0.0500	1.0000
1	2	0	1.1000	-0.0500
1	2	1	1.2000	-0.0500
1	2	2	1.3000	-0.0500
1	2	3	1.4000	-0.0500
1	2	4	1.5000	-0.0500
1	2	5	1.6000	-0.0500
1	2	6	1.7000	-0.0500
1	2	7	1.8000	-0.0500
1	2	8	1.9000	-0.0500
1	2	9	2.0000	-0.0500
1	0	0	0.9000	0.0500
1	0	1	0.8000	0.0500
1	0	2	0.7000	0.0500
1	0	3	0.6000	0.0500
1	0	4	0.5000	0.0500
1	0	5	0.4000	0.0500
1	0	6	0.3000	0.0500
1	0	7	0.2000	0.0500
1	0	8	0.1000	0.0500
1	0	9	0.0000	0.0500
1	11	0	1.0500	0.1000
1	11	1	1.0500	0.2000
1	11	2	1.0500	0.3000
1	11	3	1.0500	0.4000
1	11	4	1.0500	0.5000
1	11	5	1.0500	0.6000
1	11	6	1.0500	0.7000
1	11	7	1.0500	0.8000
1	11	8	1.0500	0.9000
1	11	9	1.0500	1.0000
2	3	0	2.1000	-0.0500
2	3	1	2.2000	-0.0500
2	3	2	2.3000	-0.0500
2	3	3	2.4000	-0.0500
2	3	4	2.5000	-0.0500
2	3	5	2.6000	-0.0500
2	3	6	2.7000	-0.0500
2	3	7	2.8000	-0.0500
2	3	8	2.9000	-0.0500
2	3	9	3.0000	-0.0500
2	1	0	1.9000	0.0500
2	1	1	1.8000	0.0500
2	1	2	1.7000	0.0500
2	1	3	1.6000	0.0500
2	1	4	1.5000	0.0500
2	1	5	1.4000	0.0500
2	1	6	1.3000	0.0500
2	1	7	1.2000	0.0500
2	1	8	1.1000	0.0500
2	1	9	1.0000	0.0500
2	12	0	2.0500	0.1000
2	12	1	2.0500	0.2000
2	12	2	2.0500	0.3000
2	12	3	2.0500	0.4000
2	12	4	2.0500	0.5000
2	12	5	2.0500	0.6000
2	12	6	2.0500	0.7000
2	12	7	2.0500	0.8000
2	12	8	2.0500	0.9000
2	12	9	2.0500	1.0000
3	4	0	3.1000	-0.0500
3	4	1	3.2000	-0.0500
3	4	2	3.3000	-0.0500
3	4	3	3.4000	-0.0500
3	4	4	3.5000	-0.0500
3	4	5	3.6000	-0.0500
3	4	6	3.7000	-0.0500
3	4	7	3.8000	-0.0500
3	4	8	3.9000	-0.0500
3	4	9	4.0000	-0.0500
3	2	0	2.9000	0.0500
3	2	1	2.8000	0.0500
3	2	2	2.7000	0.0500
3	2	3	2.6000	0.0500
3	2	4	2.5000	0.0500
3	2	5	2.4000	0.0500
3	2	6	2.3000	0.0500
3	2	7	2.2000	0.0500
3	2	8	2.1000	0.0500
3	2	9	2.0000	0.0500
3	13	0	3.0500	0.1000
3	13	1	3.0500	0.2000
3	13	2	3.0500	0.3000
3	13	3	3.0500	0.4000
3	13	4	3.0500	0.5000
3	13	5	3.0500	0.6000
3	13	6	3.0500	0.7000
3	13	7	3.0500	0.8000
3	13	8	3.0500	0.9000
3	13	9	3.0500	1.0000
4	5	0	4.1000	-0.0500
4	5	1	4.2000	-0.0500
4	5	2	4.3000	-0.0500
4	5	3	4.4000	-0.0500
4	5	4	4.5000	-0.0500
4	5	5	4.6000	-0.0500
4	5	6	4.7000	-0.0500
4	5	7	4.8000	-0.0500
4	5	8	4.9000	-0.0500
4	5	9	5.0000	-0.0500
4	3	0	3.9000	0.0500
4	3	1	3.8000	0.0500
4	3	2	3.7000	0.0500
4	3	3	3.6000	0.0500
4	3	4	3.5000	0.0500
4	3	5	3.4000	0.0500
4	3	6	3.3000	0.0500
4	3	7	3.2000	0.0500
4	3	8	3.1000	0.0500
4	3	9	3.0000	0.0500
4	14	0	4.0500	0.1000
4	14	1	4.0500	0.2000
4	14	2	4.0500	0.3000
4	14	3	4.0500	0.4000
4	14	4	4.0500	0.5000
4	14	5	4.0500	0.6000
4	14	6	4.0500	0.7000
4	14	7	4.0500	0.8000
4	14	8	4.0500	0.9000
4	14	9	4.0500	1.0000
5	6	0	5.1000	-0.0500
5	6	1	5.2000	-0.0500
5	6	2	5.3000	-0.0500
5	6	3	5.4000	-0.0500
5	6	4	5.5000	-0.0500
5	6	5	5.6000	-0.0500
5	6	6	5.7000	-0.0500
5	6	7	5.8000	-0.0500
5	6	8	5.9000	-0.0500
5	6	9	6.0000	-0.0500
5	4	0	4.9000	0.0500
5	4	1	4.8000	0.0500
5	4	2	4.7000	0.0500
5	4	3	4.6000	0.0500
5	4	4	4.5000	0.0500
5	4	5	4.4000	0.0500
5	4	6	4.3000	0.0500
5	4	7	4.2000	0.0500
5	4	8	4.1000	0.0500
5	4	9	4.0000	0.0500
5	15	0	5.0500	0.1000
5	15	1	5.0500	0.2000
5	15	2	5.0500	0.3000
5	15	3	5.0500	0.4000
5	15	4	5.0500	0.5000
5	15	5	5.0500	0.6000
5	15	6	5.0500	0.7000
5	15	7	5.0500	0.8000
5	15	8	5.0500	0.9000
5	15	9	5.0500	1.0000
6	7	0	6.1000	-0.0500
6	7	1	6.2000	-0.0500
6	7	2	6.3000	-0.0500
6	7	3	6.4000	-0.0500
6	7	4	6.5000	-0.0500
6	7	5	6.6000	-0.0500
6	7	6	6.7000	-0.0500
6	7	7	6.8000	-0.0500
6	7	8	6.9000	-0.0500
6	7	9	7.0000	-0.0500
6	5	0	5.9000	0.0500
6	5	1	5.8000	0.0500
6	5	2	5.7000	0.0500
6	5	3	5.6000	0.0500
6	5	4	5.5000	0.0500
6	5	5	5.4000	0.0500
6	5	6	5.3000	0.0500
6	5	7	5.2000	0.0500
6	5	8	5.1000	0.0500
6	5	9	5.0000	0.0500
6	16	0	6.0500	0.1000
6	16	1	6.0500	0.2000
6	16	2	6.0500	0.3000
6	16	3	6.0500	0.4000
6	16	4	6.0500	0.5000
6	16	5	6.0500	0.6000
6	16	6	6.0500	0.7000
6	16	7	6.0500	0.8000
6	16	8	6.0500	0.9000
6	16	9	6.0500	1.0000
7	8	0	7.1000	-0.0500
7	8	1	7.2000	-0.0500
7	8	2	7.3000	-0.0500
7	8	3	7.4000	-0.0500
7	8	4	7.5000	-0.0500
7	8	5	7.6000	-0.0500
7	8	6	7.7000	-0.0500
7	8	7	7.8000	-0.0500
7	8	8	7.9000	-0.0500
7	8	9	8.0000	-0.0500
7	6	0	6.9000	0.0500
7	6	1	6.8000	0.0500
7	6	2	6.7000	0.0500
7	6	3	6.6000	0.0500
7	6	4	6.5000	0.0500
7	6	5	6.4000	0.0500
7	6	6	6.3000	0.0500
7	6	7	6.2000	0.0500
7	6	8	6.1000	0.0500
7	6	9	6.0000	0.0500
7	17	0	7.0500	0.1000
7	17	1	7.0500	0.2000
7	17	2	7.0500	0.3000
7	17	3	7.0500	0.4000
7	17	4	7.0500	0.5000
7	17	5	7.0500	0.6000
7	17	6	7.0500	0.7000
7	17	7	7.0500	0.8000
7	17	8	7.0500	0.9000
7	17	9	7.0500	1.0000
8	9	0	8.1000	-0.0500
8	9	1	8.2000	-0.0500
8	9	2	8.3000	-0.0500
8	9	3	8.4000	-0.0500
8	9	4	8.5000	-0.0500
8	9	5	8.6000	-0.0500
8	9	6	8.7000	-0.0500
8	9	7	8.8000	-0.0500
8	9	8	8.9000	-0.0500
8	9	9	9.0000	-0.0500
8	7	0	7.9000	0.0500
8	7	1	7.8000	0.0500
8	7	2	7.7000	0.0500
8	7	3	7.6000	0.0500
8	7	4	7.5000	0.0500
8	7	5	7.4000	0.0500
8	7	6	7.3000	0.0500
8	7	7	7.2000	0.0500
8	7	8	7.1000	0.0500
8	7	9	7.0000	0.0500
8	18	0	8.0500	0.1000
8	18	1	8.0500	0.2000
8	18	2	8.0500	0.3000
8	18	3	8.0500	0.4000
8	18	4	8.0500	0.5000
8	18	5	8.0500	0.6000
8	18	6	8.0500	0.7000
8	18	7	8.0500	0.8000
8	18	8	8.0500	0.9000
8	18	9	8.0500	1.0000
9	8	0	8.9000	0.0500
9	8	1	8.8000	0.0500
9	8	2	8.7000	0.0500
9	8	3	8.6000	0.0500
9	8	4	8.5000	0.0500
9	8	5	8.4000	0.0500
9	8	6	8.3000	0.0500
9	8	7	8.2000	0.0500
9	8	8	8.1000	0.0500
9	8	9	8.0000	0.0500
9	19	0	9.0500	0.1000
9	19	1	9.0500	0.2000
9	19	2	9.0500	0.3000
9	19	3	9.0500	0.4000
9	19	4	9.0500	0.5000
9	19	5	9.0500	0.6000
9	19	6	9.0500	0.7000
9	19	7	9.0500	0.8000
9	19	8	9.0500	0.9000
9	19	9	9.0500	1.0000
10	11	0	0.1000	0.9500
10	11	1	0.2000	0.9500
10	11	2	0.3000	0.9500
10	11	3	0.4000	0.9500
10	11	4	0.5000	0.9500
10	11	5	0.6000	0.9500
10	11	6	0.7000	0.9500
10	11	7	0.8000	0.9500
10	11	8	0.9000	0.9500
10	11	9	1.0000	0.9500
10	20	0	0.0500	1.1000
10	20	1	0.0500	1.2000
10	20	2	0.0500	1.3000
10	20	3	0.0500	1.4000
10	20	4	0.0500	1.5000
10	20	5	0.0500	1.6000
10	20	6	0.0500	1.7000
10	20	7	0.0500	1.8000
10	20	8	0.0500	1.9000
10	20	9	0.0500	2.0000
10	0	0	-0.0500	0.9000
10	0	1	-0.0500	0.8000
10	0	2	-0.0500	0.7000
10	0	3	-0.0500	0.6000
10	0	4	-0.0500	0.5000
10	0	5	-0.0500	0.4000
10	0	6	-0.0500	0.3000
10	0	7	-0.0500	0.2000
10	0	8	-0.0500	0.1000
10	0	9	-0.0500	0.0000
11	12	0	1.1000	0.9500
11	12	1	1.2000	0.9500
11	12	2	1.3000	0.9500
11	12	3	1.4000	0.9500
11	12	4	1.5000	0.9500
11	12	5	1.6000	0.9500
11	12	6	1.7000	0.9500
11	12	7	1.8000	0.9500
11	12	8	1.9000	0.9500
11	12	9	2.0000	0.9500
11	10	0	0.9000	1.0500
11	10	1	0.8000	1.0500
11	10	2	0.7000	1.0500
11	10	3	0.6000	1.0500
11	10	4	0.5000	1.0500
11	10	5	0.4000	1.0500
11	10	6	0.3000	1.0500
11	10	7	0.2000	1.0500
11	10	8	0.1000	1.0500
11	10	9	0.0000	1.0500
11	21	0	1.0500	1.1000
11	21	1	1.0500	1.2000
11	21	2	1.0500	1.3000
11	21	3	1.0500	1.4000
11	21	4	1.0500	1.5000
11	21	5	1.0500	1.6000
11	21	6	1.0500	1.7000
11	21	7	1.0500	1.8000
11	21	8	1.0500	1.9000
11	21	9	1.0500	2.0000
11	1	0	0.9500	0.9000
11	1	1	0.9500	0.8000
11	1	2	0.9500	0.7000
11	1	3	0.9500	0.6000
11	1	4	0.9500	0.5000
11	1	5	0.9500	0.4000
11	1	6	0.9500	0.3000
11	1	7	0.9500	0.2000
11	1	8	0.9500	0.1000
11	1	9	0.9500	0.0000
12	13	0	2.1000	0.9500
12	13	1	2.2000	0.9500
12	13	2	2.3000	0.9500
12	13	3	2.4000	0.9500
12	13	4	2.5000	0.9500
12	13	5	2.6000	0.9500
12	13	6	2.7000	0.9500
12	13	7	2.8000	0.9500
12	13	8	2.9000	0.9500
12	13	9	3.0000	0.9500
12	11	0	1.9000	1.0500
12	11	1	1.8000	1.0500
12	11	2	1.7000	1.0500
12	11	3	1.6000	1.0500
12	11	4	1.5000	1.0500
12	11	5	1.4000	1.0500
12	11	6	1.3000	1.0500
12	11	7	1.2000	1.0500
12	11	8	1.1000	1.0500
12	11	9	1.0000	1.0500
12	22	0	2.0500	1.1000
12	22	1	2.0500	1.2000
12	22	2	2.0500	1.3000
12	22	3	2.0500	1.4000
12	22	4	2.0500	1.5000
12	22	5	2.0500	1.6000
12	22	6	2.0500	1.7000
12	22	7	2.0500	1.8000
12	22	8	2.0500	1.9000
12	22	9	2.0500	2.0000
12	2	0	1.9500	0.9000
12	2	1	1.9500	0.8000
12	2	2	1.9500	0.7000
12	2	3	1.9500	0.6000
12	2	4	1.9500	0.5000
12	2	5	1.9500	0.4000
12	2	6	1.9500	0.3000
12	2	7	1.9500	0.2000
12	2	8	1.9500	0.1000
12	2	9	1.9500	0.0000
13	14	0	3.1000	0.9500
13	14	1	3.2000	0.9500
13	14	2	3.3000	0.9500
13	14	3	3.4000	0.9500
13	14	4	3.5000	0.9500
13	14	5	3.6000	0.9500
13	14	6	3.7000	0.9500
13	14	7	3.8000	0.9500
13	14	8	3.9000	0.9500
13	14	9	4.0000	0.9500
13	12	0	2.9000	1.0500
13	12	1	2.8000	1.0500
13	12	2	2.7000	1.0500
13	12	3	2.6000	1.0500
13	12	4	2.5000	1.0500
13	12	5	2.4000	1.0500
13	12	6	2.3000	1.0500
13	12	7	2.2000	1.0500
13	12	8	2.1000	1.0500
13	12	9	2.0000	1.0500
13	23	0	3.0500	1.1000
13	23	1	3.0500	1.2000
13	23	2	3.0500	1.3000
13	23	3	3.0500	1.4000
13	23	4	3.0500	1.5000
13	23	5	3.0500	1.6000
13	23	6	3.0500	1.7000
13	23	7	3.0500	1.8000
13	23	8	3.0500	1.9000
13	23	9	3.0500	2.0000
13	3	0	2.9500	0.9000
13	3	1	2.9500	0.8000
13	3	2	2.9500	0.7000
13	3	3	2.9500	0.6000
13	3	4	2.9500	0.5000
13	3	5	2.9500	0.4000
13	3	6	2.9500	0.3000
13	3	7	2.9500	0.2000
13	3	8	2.9500	0.1000
13	3	9	2.9500	0.0000
14	15	0	4.1000	0.9500
14	15	1	4.2000	0.9500
14	15	2	4.3000	0.9500
14	15	3	4.4000	0.9500
14	15	4	4.5000	0.9500
14	15	5	4.6000	0.9500
14	15	6	4.7000	0.9500
14	15	7	4.8000	0.9500
14	15	8	4.9000	0.9500
14	15	9	5.0000	0.9500
14	13	0	3.9000	1.0500
14	13	1	3.8000	1.0500
14	13	2	3.7000	1.0500
14	13	3	3.6000	1.0500
14	13	4	3.5000	1.0500
14	13	5	3.4000	1.0500
14	13	6	3.3000	1.0500
14	13	7	3.2000	1.0500
14	13	8	3.1000	1.0500
14	13	9	3.0000	1.0500
14	24	0	4.0500	1.1000
14	24	1	4.0500	1.2000
14	24	2	4.0500	1.3000
14	24	3	4.0500	1.4000
14	24	4	4.0500	1.5000
14	24	5	4.0500	1.6000
14	24	6	4.0500	1.7000
14	24	7	4.0500	1.8000
14	24	8	4.0500	1.9000
14	24	9	4.0500	2.0000
14	4	0	3.9500	0.9000
14	4	1	3.9500	0.8000
14	4	2	3.9500	0.7000
14	4	3	3.9500	0.6000
14	4	4	3.9500	0.5000
14	4	5	3.9500	0.4000
14	4	6	3.9500	0.3000
14	4	7	3.9500	0.2000
14	4	8	3.9500	0.1000
14	4	9	3.9500	0.0000
15	16	0	5.1000	0.9500
15	16	1	5.2000	0.9500
15	16	2	5.3000	0.9500
15	16	3	5.4000	0.9500
15	16	4	5.5000	0.9500
15	16	5	5.6000	0.9500
15	16	6	5.7000	0.9500
15	16	7	5.8000	0.9500
15	16	8	5.9000	0.9500
15	16	9	6.0000	0.9500
15	14	0	4.9000	1.0500
15	14	1	4.8000	1.0500
15	14	2	4.7000	1.0500
15	14	3	4.6000	1.0500
15	14	4	4.5000	1.0500
15	14	5	4.4000	1.0500
15	14	6	4.3000	1.0500
15	14	7	4.2000	1.0500
15	14	8	4.1000	1.0500
15	14	9	4.0000	1.0500
15	25	0	5.0500	1.1000
15	25	1	5.0500	1.2000
15	25	2	5.0500	1.3000
15	25	3	5.0500	1.4000
15	25	4	5.0500	1.5000
15	25	5	5.0500	1.6000
15	25	6	5.0500	1.7000
15	25	7	5.0500	1.8000
15	25	8	5.0500	1.9000
15	25	9	5.0500	2.0000
15	5	0	4.9500	0.9000
15	5	1	4.9500	0.8000
15	5	2	4.9500	0.7000
15	5	3	4.9500	0.6000
15	5	4	4.9500	0.5000
15	5	5	4.9500	0.4000
15	5	6	4.9500	0.3000
15	5	7	4.9500	0.2000
15	5	8	4.9500	0.1000
15	5	9	4.9500	0.0000
16	17	0	6.1000	0.9500
16	17	1	6.2000	0.9500
16	17	2	6.3000	0.9500
16	17	3	6.4000	0.9500
16	17	4	6.5000	0.9500
16	17	5	6.6000	0.9500
16	17	6	6.7000	0.9500
16	17	7	6.8000	0.9500
16	17	8	6.9000	0.9500
16	17	9	7.0000	0.9500
16	15	0	5.9000	1.0500
16	15	1	5.8000	1.0500
16	15	2	5.7000	1.0500
16	15	3	5.6000	1.0500
16	15	4	5.5000	1.0500
16	15	5	5.4000	1.0500
16	15	6	5.3000	1.0500
16	15	7	5.2000	1.0500
16	15	8	5.1000	1.0500
16	15	9	5.0000	1.0500
16	26	0	6.0500	1.1000
16	26	1	6.0500	1.2000
16	26	2	6.0500	1.3000
16	26	3	6.0500	1.4000
16	26	4	6.0500	1.5000
16	26	5	6.0500	1.6000
16	26	6	6.0500	1.7000
16	26	7	6.0500	1.8000
16	26	8	6.0500	1.9000
16	26	9	6.0500	2.0000
16	6	0	5.9500	0.9000
16	6	1	5.9500	0.8000
16	6	2	5.9500	0.7000
16	6	3	5.9500	0.6000
16	6	4	5.9500	0.5000
16	6	5	5.9500	0.4000
16	6	6	5.9500	0.3000
16	6	7	5.9500	0.2000
16	6	8	5.9500	0.1000
16	6	9	5.9500	0.0000
17	18	0	7.1000	0.9500
17	18	1	7.2000	0.9500
17	18	2	7.3000	0.9500
17	18	3	7.4000	0.9500
17	18	4	7.5000	0.9500
17	18	5	7.6000	0.9500
17	18	6	7.7000	0.9500
17	18	7	7.8000	0.9500
17	18	8	7.9000	0.9500
17	18	9	8.0000	0.9500
17	16	0	6.9000	1.0500
17	16	1	6.8000	1.0500
17	16	2	6.7000	1.0500
17	16	3	6.6000	1.0500
17	16	4	6.5000	1.0500
17	16	5	6.4000	1.0500
17	16	6	6.3000	1.0500
17	16	7	6.2000	1.0500
17	16	8	6.1000	1.0500
17	16	9	6.0000	1.0500
17	27	0	7.0500	1.1000
17	27	1	7.0500	1.2000
17	27	2	7.0500	1.3000
17	27	3	7.0500	1.4000
17	27	4	7.0500	1.5000
17	27	5	7.0500	1.6000
17	27	6	7.0500	1.7000
17	27	7	7.0500	1.8000
17	27	8	7.0500	1.9000
17	27	9	7.0500	2.0000
17	7	0	6.9500	0.9000
17	7	1	6.9500	0.8000
17	7	2	6.9500	0.7000
17	7	3	6.9500	0.6000
17	7	4	6.9500	0.5000
17	7	5	6.9500	0.4000
17	7	6	6.9500	0.3000
17	7	7	6.9500	0.2000
17	7	8	6.9500	0.1000
17	7	9	6.9500	0.0000
18	19	0	8.1000	0.9500
18	19	1	8.2000	0.9500
18	19	2	8.3000	0.9500
18	19	3	8.4000	0.9500
18	19	4	8.5000	0.9500
18	19	5	8.6000	0.9500
18	19	6	8.7000	0.9500
18	19	7	8.8000	0.9500
18	19	8	8.9000	0.9500
18	19	9	9.0000	0.9500
18	17	0	7.9000	1.0500
18	17	1	7.8000	1.0500
18	17	2	7.7000	1.0500
18	17	3	7.6000	1.0500
18	17	4	7.5000	1.0500
18	17	5	7.4000	1.0500
18	17	6	7.3000	1.0500
18	17	7	7.2000	1.0500
18	17	8	7.1000	1.0500
18	17	9	7.0000	1.0500
18	28	0	8.0500	1.1000
18	28	1	8.0500	1.2000
18	28	2	8.0500	1.3000
18	28	3	8.0500	1.4000
18	28	4	8.0500	1.5000
18	28	5	8.0500	1.6000
18	28	6	8.0500	1.7000
18	28	7	8.0500	1.8000
18	28	8	8.0500	1.9000
18	28	9	8.0500	2.0000
18	8	0	7.9500	0.9000
18	8	1	7.9500	0.8000
18	8	2	7.9500	0.7000
18	8	3	7.9500	0.6000
18	8	4	7.9500	0.5000
18	8	5	7.9500	0.4000
18	8	6	7.9500	0.3000
18	8	7	7.9500	0.2000
18	8	8	7.9500	0.1000
18	8	9	7.9500	0.0000
19	18	0	8.9000	1.0500
19	18	1	8.8000	1.0500
19	18	2	8.7000	1.0500
19	18	3	8.6000	1.0500
19	18	4	8.5000	1.0500
19	18	5	8.4000	1.0500
19	18	6	8.3000	1.0500
19	18	7	8.2000	1.0500
19	18	8	8.1000	1.0500
19	18	9	8.0000	1.0500
19	29	0	9.0500	1.1000
19	29	1	9.0500	1.2000
19	29	2	9.0500	1.3000
19	29	3	9.0500	1.4000
19	29	4	9.0500	1.5000
19	29	5	9.0500	1.6000
19	29	6	9.0500	1.7000
19	29	7	9.0500	1.8000
19	29	8	9.0500	1.9000
19	29	9	9.0500	2.0000
19	9	0	8.9500	0.9000
19	9	1	8.9500	0.8000
19	9	2	8.9500	0.7000
19	9	3	8.9500	0.6000
19	9	4	8.9500	0.5000
19	9	5	8.9500	0.4000
19	9	6	8.9500	0.3000
19	9	7	8.9500	0.2000
19	9	8	8.9500	0.1000
19	9	9	8.9500	0.0000
20	21	0	0.1000	1.9500
20	21	1	0.2000	1.9500
20	21	2	0.3000	1.9500
20	21	3	0.4000	1.9500
20	21	4	0.5000	1.9500
20	21	5	0.6000	1.9500
20	21	6	0.7000	1.9500
20	21	7	0.8000	1.9500
20	21	8	0.9000	1.9500
20	21	9	1.0000	1.9500
20	30	0	0.0500	2.1000
20	30	1	0.0500	2.2000
20	30	2	0.0500	2.3000
20	30	3	0.0500	2.4000
20	30	4	0.0500	2.5000
20	30	5	0.0500	2.6000
20	30	6	0.0500	2.7000
20	30	7	0.0500	2.8000
20	30	8	0.0500	2.9000
20	30	9	0.0500	3.0000
20	10	0	-0.0500	1.9000
20	10	1	-0.0500	1.8000
20	10	2	-0.0500	1.7000
20	10	3	-0.0500	1.6000
20	10	4	-0.0500	1.5000
20	10	5	-0.0500	1.4000
20	10	6	-0.0500	1.3000
20	10	7	-0.0500	1.2000
20	10	8	-0.0500	1.1000
20	10	9	-0.0500	1.0000
21	22	0	1.1000	1.9500
21	22	1	1.2000	1.9500
21	22	2	1.3000	1.9500
21	22	3	1.4000	1.9500
21	22	4	1.5000	1.9500
21	22	5	1.6000	1.9500
21	22	6	1.7000	1.9500
21	22	7	1.8000	1.9500
21	22	8	1.9000	1.9500
21	22	9	2.0000	1.9500
21	20	0	0.9000	2.0500
21	20	1	0.8000	2.0500
21	20	2	0.7000	2.0500
21	20	3	0.6000	2.0500
21	20	4	0.5000	2.0500
21	20	5	0.4000	2.0500
21	20	6	0.3000	2.0500
21	20	7	0.2000	2.0500
21	20	8	0.1000	2.0500
21	20	9	0.0000	2.0500
21	31	0	1.0500	2.1000
21	31	1	1.0500	2.2000
21	31	2	1.0500	2.3000
21	31	3	1.0500	2.4000
21	31	4	1.0500	2.5000
21	31	5	1.0500	2.6000
21	31	6	1.0500	2.7000
21	31	7	1.0500	2.8000
21	31	8	1.0500	2.9000
21	31	9	1.0500	3.0000
21	11	0	0.9500	1.9000
21	11	1	0.9500	1.8000
21	11	2	0.9500	1.7000
21	11	3	0.9500	1.6000
21	11	4	0.9500	1.5000
21	11	5	0.9500	1.4000
21	11	6	0.9500	1.3000
21	11	7	0.9500	1.2000
21	11	8	0.9500	1.1000
21	11	9	0.9500	1.0000
22	23	0	2.1000	1.9500
22	23	1	2.2000	1.9500
22	23	2	2.3000	1.9500
22	23	3	2.4000	1.9500
22	23	4	2.5000	1.9500
22	23	5	2.6000	1.9500
22	23	6	2.7000	1.9500
22	23	7	2.8000	1.9500
22	23	8	2.9000	1.9500
22	23	9	3.0000	1.9500
22	21	0	1.9000	2.0500
22	21	1	1.8000	2.0500
22	21	2	1.7000	2.0500
22	21	3	1.6000	2.0500
22	21	4	1.5000	2.0500
22	21	5	1.4000	2.0500
22	21	6	1.3000	2.0500
22	21	7	1.2000	2.0500
22	21	8	1.1000	2.0500
22	21	9	1.0000	2.0500
22	32	0	2.0500	2.1000
22	32	1	2.0500	2.2000
22	32	2	2.0500	2.3000
22	32	3	2.0500	2.4000
22	32	4	2.0500	2.5000
22	32	5	2.0500	2.6000
22	32	6	2.0500	2.7000
22	32	7	2.0500	2.8000
22	32	8	2.0500	2.9000
22	32	9	2.0500	3.0000
22	12	0	1.9500	1.9000
22	12	1	1.9500	1.8000
22	12	2	1.9500	1.7000
22	12	3	1.9500	1.6000
22	12	4	1.9500	1.5000
22	12	5	1.9500	1.4000
22	12	6	1.9500	1.3000
22	12	7	1.9500	1.2000
22	12	8	1.9500	1.1000
22	12	9	1.9500	1.0000
23	24	0	3.1000	1.9500
23	24	1	3.2000	1.9500
23	24	2	3.3000	1.9500
23	24	3	3.4000	1.9500
23	24	4	3.5000	1.9500
23	24	5	3.6000	1.9500
23	24	6	3.7000	1.9500
23	24	7	3.8000	1.9500
23	24	8	3.9000	1.9500
23	24	9	4.0000	1.9500
23	22	0	2.9000	2.0500
23	22	1	2.8000	2.0500
23	22	2	2.7000	2.0500
23	22	3	2.6000	2.0500
23	22	4	2.5000	2.0500
23	22	5	2.4000	2.0500
23	22	6	2.3000	2.0500
23	22	7	2.2000	2.0500
23	22	8	2.1000	2.0500
23	22	9	2.0000	2.0500
23	33	0	3.0500	2.1000
23	33	1	3.0500	2.2000
23	33	2	3.0500	2.3000
23	33	3	3.0500	2.4000
23	33	4	3.0500	2.5000
23	33	5	3.0500	2.6000
23	33	6	3.0500	2.7000
23	33	7	3.0500	2.8000
23	33	8	3.0500	2.9000
23	33	9	3.0500	3.0000
23	13	0	2.9500	1.9000
23	13	1	2.9500	1.8000
23	13	2	2.9500	1.7000
23	13	3	2.9500	1.6000
23	13	4	2.9500	1.5000
23	13	5	2.9500	1.4000
23	13	6	2.9500	1.3000
23	13	7	2.9500	1.2000
23	13	8	2.9500	1.1000
23	13	9	2.9500	1.0000
24	25	0	4.1000	1.9500
24	25	1	4.2000	1.9500
24	25	2	4.3000	1.9500
24	25	3	4.4000	1.9500
24	25	4	4.5000	1.9500
24	25	5	4.6000	1.9500
24	25	6	4.7000	1.9500
24	25	7	4.8000	1.9500
24	25	8	4.9000	1.9500
24	25	9	5.0000	1.9500
24	23	0	3.9000	2.0500
24	23	1	3.8000	2.0500
24	23	2	3.7000	2.0500
24	23	3	3.6000	2.0500
24	23	4	3.5000	2.0500
24	23	5	3.4000	2.0500
24	23	6	3.3000	2.0500
24	23	7	3.2000	2.0500
24	23	8	3.1000	2.0500
24	23	9	3.0000	2.0500
24	34	0	4.0500	2.1000
24	34	1	4.0500	2.2000
24	34	2	4.0500	2.3000
24	34	3	4.0500	2.4000
24	34	4	4.0500	2.5000
24	34	5	4.0500	2.6000
24	34	6	4.0500	2.7000
24	34	7	4.0500	2.8000
24	34	8	4.0500	2.9000
24	34	9	4.0500	3.0000
24	14	0	3.9500	1.9000
24	14	1	3.9500	1.8000
24	14	2	3.9500	1.7000
24	14	3	3.9500	1.6000
24	14	4	3.9500	1.5000
24	14	5	3.9500	1.4000
24	14	6	3.9500	1.3000
24	14	7	3.9500	1.2000
24	14	8	3.9500	1.1000
24	14	9	3.9500	1.0000
25	26	0	5.1000	1.9500
25	26	1	5.2000	1.9500
25	26	2	5.3000	1.9500
25	26	3	5.4000	1.9500
25	26	4	5.5000	1.9500
25	26	5	5.6000	1.9500
25	26	6	5.7000	1.9500
25	26	7	5.8000	1.9500
25	26	8	5.9000	1.9500
25	26	9	6.0000	1.9500
25	24	0	4.9000	2.0500
25	24	1	4.8000	2.0500
25	24	2	4.7000	2.0500
25	24	3	4.6000	2.0500
25	24	4	4.5000	2.0500
25	24	5	4.4000	2.0500
25	24	6	4.3000	2.0500
25	24	7	4.2000	2.0500
25	24	8	4.1000	2.0500
25	24	9	4.0000	2.0500
25	35	0	5.0500	2.1000
25	35	1	5.0500	2.2000
25	35	2	5.0500	2.3000
25	35	3	5.0500	2.4000
25	35	4	5.0500	2.5000
25	35	5	5.0500	2.6000
25	35	6	5.0500	2.7000
25	35	7	5.0500	2.8000
25	35	8	5.0500	2.9000
25	35	9	5.0500	3.0000
25	15	0	4.9500	1.9000
25	15	1	4.9500	1.8000
25	15	2	4.9500	1.7000
25	15	3	4.9500	1.6000
25	15	4	4.9500	1.5000
25	15	5	4.9500	1.4000
25	15	6	4.9500	1.3000
25	15	7	4.9500	1.2000
25	15	8	4.9500	1.1000
25	15	9	4.9500	1.0000
26	27	0	6.1000	1.9500
26	27	1	6.2000	1.9500
26	27	2	6.3000	1.9500
26	27	3	6.4000	1.9500
26	27	4	6.5000	1.9500
26	27	5	6.6000	1.9500
26	27	6	6.7000	1.9500
26	27	7	6.8000	1.9500
26	27	8	6.9000	1.9500
26	27	9	7.0000	1.9500
26	25	0	5.9000	2.0500
26	25	1	5.8000	2.0500
26	25	2	5.7000	2.0500
26	25	3	5.6000	2.0500
26	25	4	5.5000	2.0500
26	25	5	5.4000	2.0500
26	25	6	5.3000	2.0500
26	25	7	5.2000	2.0500
26	25	8	5.1000	2.0500
26	25	9	5.0000	2.0500
26	36	0	6.0500	2.1000
26	36	1	6.0500	2.2000
26	36	2	6.0500	2.3000
26	36	3	6.0500	2.4000
26	36	4	6.0500	2.5000
26	36	5	6.0500	2.6000
26	36	6	6.0500	2.7000
26	36	7	6.0500	2.8000
26	36	8	6.0500	2.9000
26	36	9	6.0500	3.0000
26	16	0	5.9500	1.9000
26	16	1	5.9500	1.8000
26	16	2	5.9500	1.7000
26	16	3	5.9500	1.6000
26	16	4	5.9500	1.5000
26	16	5	5.9500	1.4000
26	16	6	5.9500	1.3000
26	16	7	5.9500	1.2000
26	16	8	5.9500	1.1000
26	16	9	5.9500	1.0000
27	28	0	7.1000	1.9500
27	28	1	7.2000	1.9500
27	28	2	7.3000	1.9500
27	28	3	7.4000	1.9500
27	28	4	7.5000	1.9500
27	28	5	7.6000	1.9500
27	28	6	7.7000	1.9500
27	28	7	7.8000	1.9500
27	28	8	7.9000	1.9500
27	28	9	8.0000	1.9500
27	26	0	6.9000	2.0500
27	26	1	6.8000	2.0500
27	26	2	6.7000	2.0500
27	26	3	6.6000	2.0500
27	26	4	6.5000	2.0500
27	26	5	6.4000	2.0500
27	26	6	6.3000	2.0500
27	26	7	6.2000	2.0500
27	26	8	6.1000	2.0500
27	26	9	6.0000	2.0500
27	37	0	7.0500	2.1000
27	37	1	7.0500	2.2000
27	37	2	7.0500	2.3000
27	37	3	7.0500	2.4000
27	37	4	7.0500	2.5000
27	37	5	7.0500	2.6000
27	37	6	7.0500	2.7000
27	37	7	7.0500	2.8000
27	37	8	7.0500	2.9000
27	37	9	7.0500	3.0000
27	17	0	6.9500	1.9000
27	17	1	6.9500	1.8000
27	17	2	6.9500	1.7000
27	17	3	6.9500	1.6000
27	17	4	6.9500	1.5000
27	17	5	6.9500	1.4000
27	17	6	6.9500	1.3000
27	17	7	6.9500	1.2000
27	17	8	6.9500	1.1000
27	17	9	6.9500	1.0000
28	29	0	8.1000	1.9500
28	29	1	8.2000	1.9500
28	29	2	8.3000	1.9500
28	29	3	8.4000	1.9500
28	29	4	8.5000	1.9500
28	29	5	8.6000	1.9500
28	29	6	8.7000	1.9500
28	29	7	8.8000	1.9500
28	29	8	8.9000	1.9500
28	29	9	9.0000	1.9500
28	27	0	7.9000	2.0500
28	27	1	7.8000	2.0500
28	27	2	7.7000	2.0500
28	27	3	7.6000	2.0500
28	27	4	7.5000	2.0500
28	27	5	7.4000	2.0500
28	27	6	7.3000	2.0500
28	27	7	7.2000	2.0500
28	27	8	7.1000	2.0500
28	27	9	7.0000	2.0500
28	38	0	8.0500	2.1000
28	38	1	8.0500	2.2000
28	38	2	8.0500	2.3000
28	38	3	8.0500	2.4000
28	38	4	8.0500	2.5000
28	38	5	8.0500	2.6000
28	38	6	8.0500	2.7000
28	38	7	8.0500	2.8000
28	38	8	8.0500	2.9000
28	38	9	8.0500	3.0000
28	18	0	7.9500	1.9000
28	18	1	7.9500	1.8000
28	18	2	7.9500	1.7000
28	18	3	7.9500	1.6000
28	18	4	7.9500	1.5000
28	18	5	7.9500	1.4000
28	18	6	7.9500	1.3000
28	18	7	7.9500	1.2000
28	18	8	7.9500	1.1000
28	18	9	7.9500	1.0000
29	28	0	8.9000	2.0500
29	28	1	8.8000	2.0500
29	28	2	8.7000	2.0500
29	28	3	8.6000	2.0500
29	28	4	8.5000	2.0500
29	28	5	8.4000	2.0500
29	28	6	8.3000	2.0500
29	28	7	8.2000	2.0500
29	28	8	8.1000	2.0500
29	28	9	8.0000	2.0500
29	39	0	9.0500	2.1000
29	39	1	9.0500	2.2000
29	39	2	9.0500	2.3000
29	39	3	9.0500	2.4000
29	39	4	9.0500	2.5000
29	39	5	9.0500	2.6000
29	39	6	9.0500	2.7000
29	39	7	9.0500	2.8000
29	39	8	9.0500	2.9000
29	39	9	9.0500	3.0000
29	19	0	8.9500	1.9000
29	19	1	8.9500	1.8000
29	19	2	8.9500	1.7000
29	19	3	8.9500	1.6000
29	19	4	8.9500	1.5000
29	19	5	8.9500	1.4000
29	19	6	8.9500	1.3000
29	19	7	8.9500	1.2000
29	19	8	8.9500	1.1000
29	19	9	8.9500	1.0000
30	31	0	0.1000	2.9500
30	31	1	0.2000	2.9500
30	31	2	0.3000	2.9500
30	31	3	0.4000	2.9500
30	31	4	0.5000	2.9500
30	31	5	0.6000	2.9500
30	31	6	0.7000	2.9500
30	31	7	0.8000	2.9500
30	31	8	0.9000	2.9500
30	31	9	1.0000	2.9500
30	40	0	0.0500	3.1000
30	40	1	0.0500	3.2000
30	40	2	0.0500	3.3000
30	40	3	0.0500	3.4000
30	40	4	0.0500	3.5000
30	40	5	0.0500	3.6000
30	40	6	0.0500	3.7000
30	40	7	0.0500	3.8000
30	40	8	0.0500	3.9000
30	40	9	0.0500	4.0000
30	20	0	-0.0500	2.9000
30	20	1	-0.0500	2.8000
30	20	2	-0.0500	2.7000
30	20	3	-0.0500	2.6000
30	20	4	-0.0500	2.5000
30	20	5	-0.0500	2.4000
30	20	6	-0.0500	2.3000
30	20	7	-0.0500	2.2000
30	20	8	-0.0500	2.1000
30	20	9	-0.0500	2.0000
31	32	0	1.1000	2.9500
31	32	1	1.2000	2.9500
31	32	2	1.3000	2.9500
31	32	3	1.4000	2.9500
31	32	4	1.5000	2.9500
31	32	5	1.6000	2.9500
31	32	6	1.7000	2.9500
31	32	7	1.8000	2.9500
31	32	8	1.9000	2.9500
31	32	9	2.0000	2.9500
31	30	0	0.9000	3.0500
31	30	1	0.8000	3.0500
31	30	2	0.7000	3.0500
31	30	3	0.6000	3.0500
31	30	4	0.5000	3.0500
31	30	5	0.4000	3.0500
31	30	6	0.3000	3.0500
31	30	7	0.2000	3.0500
31	30	8	0.1000	3.0500
31	30	9	0.0000	3.0500
31	41	0	1.0500	3.1000
31	41	1	1.0500	3.2000
31	41	2	1.0500	3.3000
31	41	3	1.0500	3.4000
31	41	4	1.0500	3.5000
31	41	5	1.0500	3.6000
31	41	6	1.0500	3.7000
31	41	7	1.0500	3.8000
31	41	8	1.0500	3.9000
31	41	9	1.0500	4.0000
31	21	0	0.9500	2.9000
31	21	1	0.9500	2.8000
31	21	2	0.9500	2.7000
31	21	3	0.9500	2.6000
31	21	4	0.9500	2.5000
31	21	5	0.9500	2.4000
31	21	6	0.9500	2.3000
31	21	7	0.9500	2.2000
31	21	8	0.9500	2.1000
31	21	9	0.9500	2.0000
32	33	0	2.1000	2.9500
32	33	1	2.2000	2.9500
32	33	2	2.3000	2.9500
32	33	3	2.4000	2.9500
32	33	4	2.5000	2.9500
32	33	5	2.6000	2.9500
32	33	6	2.7000	2.9500
32	33	7	2.8000	2.9500
32	33	8	2.9000	2.9500
32	33	9	3.0000	2.9500
32	31	0	1.9000	3.0500
32	31	1	1.8000	3.0500
32	31	2	1.7000	3.0500
32	31	3	1.6000	3.0500
32	31	4	1.5000	3.0500
32	31	5	1.4000	3.0500
32	31	6	1.3000	3.0500
32	31	7	1.2000	3.0500
32	31	8	1.1000	3.0500
32	31	9	1.0000	3.0500
32	42	0	2.0500	3.1000
32	42	1	2.0500	3.2000
32	42	2	2.0500	3.3000
32	42	3	2.0500	3.4000
32	42	4	2.0500	3.5000
32	42	5	2.0500	3.6000
32	42	6	2.0500	3.7000
32	42	7	2.0500	3.8000
32	42	8	2.0500	3.9000
32	42	9	2.0500	4.0000
32	22	0	1.9500	2.9000
32	22	1	1.9500	2.8000
32	22	2	1.9500	2.7000
32	22	3	1.9500	2.6000
32	22	4	1.9500	2.5000
32	22	5	1.9500	2.4000
32	22	6	1.9500	2.3000
32	22	7	1.9500	2.2000
32	22	8	1.9500	2.1000
32	22	9	1.9500	2.0000
33	34	0	3.1000	2.9500
33	34	1	3.2000	2.9500
33	34	2	3.3000	2.9500
33	34	3	3.4000	2.9500
33	34	4	3.5000	2.9500
33	34	5	3.6000	2.9500
33	34	6	3.7000	2.9500
33	34	7	3.8000	2.9500
33	34	8	3.9000	2.9500
33	34	9	4.0000	2.9500
33	32	0	2.9000	3.0500
33	32	1	2.8000	3.0500
33	32	2	2.7000	3.0500
33	32	3	2.6000	3.0500
33	32	4	2.5000	3.0500
33	32	5	2.4000	3.0500
33	32	6	2.3000	3.0500
33	32	7	2.2000	3.0500
33	32	8	2.1000	3.0500
33	32	9	2.0000	3.0500
33	43	0	3.0500	3.1000
33	43	1	3.0500	3.2000
33	43	2	3.0500	3.3000
33	43	3	3.0500	3.4000
33	43	4	3.0500	3.5000
33	43	5	3.0500	3.6000
33	43	6	3.0500	3.7000
33	43	7	3.0500	3.8000
33	43	8	3.0500	3.9000
33	43	9	3.0500	4.0000
33	23	0	2.9500	2.9000
33	23	1	2.9500	2.8000
33	23	2	2.9500	2.7000
33	23	3	2.9500	2.6000
33	23	4	2.9500	2.5000
33	23	5	2.9500	2.4000
33	23	6	2.9500	2.3000
33	23	7	2.9500	2.2000
33	23	8	2.9500	2.1000
33	23	9	2.9500	2.0000
34	35	0	4.1000	2.9500
34	35	1	4.2000	2.9500
34	35	2	4.3000	2.9500
34	35	3	4.4000	2.9500
34	35	4	4.5000	2.9500
34	35	5	4.6000	2.9500
34	35	6	4.7000	2.9500
34	35	7	4.8000	2.9500
34	35	8	4.9000	2.9500
34	35	9	5.0000	2.9500
34	33	0	3.9000	3.0500
34	33	1	3.8000	3.0500
34	33	2	3.7000	3.0500
34	33	3	3.6000	3.0500
34	33	4	3.5000	3.0500
34	33	5	3.4000	3.0500
34	33	6	3.3000	3.0500
34	33	7	3.2000	3.0500
34	33	8	3.1000	3.0500
34	33	9	3.0000	3.0500
34	44	0	4.0500	3.1000
34	44	1	4.0500	3.2000
34	44	2	4.0500	3.3000
34	44	3	4.0500	3.4000
34	44	4	4.0500	3.5000
34	44	5	4.0500	3.6000
34	44	6	4.0500	3.7000
34	44	7	4.0500	3.8000
34	44	8	4.0500	3.9000
34	44	9	4.0500	4.0000
34	24	0	3.9500	2.9000
34	24	1	3.9500	2.8000
34	24	2	3.9500	2.7000
34	24	3	3.9500	2.6000
34	24	4	3.9500	2.5000
34	24	5	3.9500	2.4000
34	24	6	3.9500	2.3000
34	24	7	3.9500	2.2000
34	24	8	3.9500	2.1000
34	24	9	3.9500	2.0000
35	36	0	5.1000	2.9500
35	36	1	5.2000	2.9500
35	36	2	5.3000	2.9500
35	36	3	5.4000	2.9500
35	36	4	5.5000	2.9500
35	36	5	5.6000	2.9500
35	36	6	5.7000	2.9500
35	36	7	5.8000	2.9500
35	36	8	5.9000	2.9500
35	36	9	6.0000	2.9500
35	34	0	4.9000	3.0500
35	34	1	4.8000	3.0500
35	34	2	4.7000	3.0500
35	34	3	4.6000	3.0500
35	34	4	4.5000	3.0500
35	34	5	4.4000	3.0500
35	34	6	4.3000	3.0500
35	34	7	4.2000	3.0500
35	34	8	4.1000	3.0500
35	34	9	4.0000	3.0500
35	45	0	5.0500	3.1000
35	45	1	5.0500	3.2000
35	45	2	5.0500	3.3000
35	45	3	5.0500	3.4000
35	45	4	5.0500	3.5000
35	45	5	5.0500	3.6000
35	45	6	5.0500	3.7000
35	45	7	5.0500	3.8000
35	45	8	5.0500	3.9000
35	45	9	5.0500	4.0000
35	25	0	4.9500	2.9000
35	25	1	4.9500	2.8000
35	25	2	4.9500	2.7000
35	25	3	4.9500	2.6000
35	25	4	4.9500	2.5000
35	25	5	4.9500	2.4000
35	25	6	4.9500	2.3000
35	25	7	4.9500	2.2000
35	25	8	4.9500	2.1000
35	25	9	4.9500	2.0000
36	37	0	6.1000	2.9500
36	37	1	6.2000	2.9500
36	37	2	6.3000	2.9500
36	37	3	6.4000	2.9500
36	37	4	6.5000	2.9500
36	37	5	6.6000	2.9500
36	37	6	6.7000	2.9500
36	37	7	6.8000	2.9500
36	37	8	6.9000	2.9500
36	37	9	7.0000	2.9500
36	35	0	5.9000	3.0500
36	35	1	5.8000	3.0500
36	35	2	5.7000	3.0500
36	35	3	5.6000	3.0500
36	35	4	5.5000	3.0500
36	35	5	5.4000	3.0500
36	35	6	5.3000	3.0500
36	35	7	5.2000	3.0500
36	35	8	5.1000	3.0500
36	35	9	5.0000	3.0500
36	46	0	6.0500	3.1000
36	46	1	6.0500	3.2000
36	46	2	6.0500	3.3000
36	46	3	6.0500	3.4000
36	46	4	6.0500	3.5000
36	46	5	6.0500	3.6000
36	46	6	6.0500	3.7000
36	46	7	6.0500	3.8000
36	46	8	6.0500	3.9000
36	46	9	6.0500	4.0000
36	26	0	5.9500	2.9000
36	26	1	5.9500	2.8000
36	26	2	5.9500	2.7000
36	26	3	5.9500	2.6000
36	26	4	5.9500	2.5000
36	26	5	5.9500	2.4000
36	26	6	5.9500	2.3000
36	26	7	5.9500	2.2000
36	26	8	5.9500	2.1000
36	26	9	5.9500	2.0000
37	38	0	7.1000	2.9500
37	38	1	7.2000	2.9500
37	38	2	7.3000	2.9500
37	38	3	7.4000	2.9500
37	38	4	7.5000	2.9500
37	38	5	7.6000	2.9500
37	38	6	7.7000	2.9500
37	38	7	7.8000	2.9500
37	38	8	7.9000	2.9500
37	38	9	8.0000	2.9500
37	36	0	6.9000	3.0500
37	36	1	6.8000	3.0500
37	36	2	6.7000	3.0500
37	36	3	6.6000	3.0500
37	36	4	6.5000	3.0500
37	36	5	6.4000	3.0500
37	36	6	6.3000	3.0500
37	36	7	6.2000	3.0500
37	36	8	6.1000	3.0500
37	36	9	6.0000	3.0500
37	47	0	7.0500	3.1000
37	47	1	7.0500	3.2000
37	47	2	7.0500	3.3000
37	47	3	7.0500	3.4000
37	47	4	7.0500	3.5000
37	47	5	7.0500	3.6000
37	47	6	7.0500	3.7000
37	47	7	7.0500	3.8000
37	47	8	7.0500	3.9000
37	47	9	7.0500	4.0000
37	27	0	6.9500	2.9000
37	27	1	6.9500	2.8000
37	27	2	6.9500	2.7000
37	27	3	6.9500	2.6000
37	27	4	6.9500	2.5000
37	27	5	6.9500	2.4000
37	27	6	6.9500	2.3000
37	27	7	6.9500	2.2000
37	27	8	6.9500	2.1000
37	27	9	6.9500	2.0000
38	39	0	8.1000	2.9500
38	39	1	8.2000	2.9500
38	39	2	8.3000	2.9500
38	39	3	8.4000	2.9500
38	39	4	8.5000	2.9500
38	39	5	8.6000	2.9500
38	39	6	8.7000	2.9500
38	39	7	8.8000	2.9500
38	39	8	8.9000	2.9500
38	39	9	9.0000	2.9500
38	37	0	7.9000	3.0500
38	37	1	7.8000	3.0500
38	37	2	7.7000	3.0500
38	37	3	7.6000	3.0500
38	37	4	7.5000	3.0500
38	37	5	7.4000	3.0500
38	37	6	7.3000	3.0500
38	37	7	7.2000	3.0500
38	37	8	7.1000	3.0500
38	37	9	7.0000	3.0500
38	48	0	8.0500	3.1000
38	48	1	8.0500	3.2000
38	48	2	8.0500	3.3000
38	48	3	8.0500	3.4000
38	48	4	8.0500	3.5000
38	48	5	8.0500	3.6000
38	48	6	8.0500	3.7000
38	48	7	8.0500	3.8000
38	48	8	8.0500	3.9000
38	48	9	8.0500	4.0000
38	28	0	7.9500	2.9000
38	28	1	7.9500	2.8000
38	28	2	7.9500	2.7000
38	28	3	7.9500	2.6000
38	28	4	7.9500	2.5000
38	28	5	7.9500	2.4000
38	28	6	7.9500	2.3000
38	28	7	7.9500	2.2000
38	28	8	7.9500	2.1000
38	28	9	7.9500	2.0000
39	38	0	8.9000	3.0500
39	38	1	8.8000	3.0500
39	38	2	8.7000	3.0500
39	38	3	8.6000	3.0500
39	38	4	8.5000	3.0500
39	38	5	8.4000	3.0500
39	38	6	8.3000	3.0500
39	38	7	8.2000	3.0500
39	38	8	8.1000	3.0500
39	38	9	8.0000	3.0500
39	49	0	9.0500	3.1000
39	49	1	9.0500	3.2000
39	49	2	9.0500	3.3000
39	49	3	9.0500	3.4000
39	49	4	9.0500	3.5000
39	49	5	9.0500	3.6000
39	49	6	9.0500	3.7000
39	49	7	9.0500	3.8000
39	49	8	9.0500	3.9000
39	49	9	9.0500	4.0000
39	29	0	8.9500	2.9000
39	29	1	8.9500	2.8000
39	29	2	8.9500	2.7000
39	29	3	8.9500	2.6000
39	29	4	8.9500	2.5000
39	29	5	8.9500	2.4000
39	29	6	8.9500	2.3000
39	29	7	8.9500	2.2000
39	29	8	8.9500	2.1000
39	29	9	8.9500	2.0000
40	41	0	0.1000	3.9500
40	41	1	0.2000	3.9500
40	41	2	0.3000	3.9500
40	41	3	0.4000	3.9500
40	41	4	0.5000	3.9500
40	41	5	0.6000	3.9500
40	41	6	0.7000	3.9500
40	41	7	0.8000	3.9500
40	41	8	0.9000	3.9500
40	41	9	1.0000	3.9500
40	50	0	0.0500	4.1000
40	50	1	0.0500	4.2000
40	50	2	0.0500	4.3000
40	50	3	0.0500	4.4000
40	50	4	0.0500	4.5000
40	50	5	0.0500	4.6000
40	50	6	0.0500	4.7000
40	50	7	0.0500	4.8000
40	50	8	0.0500	4.9000
40	50	9	0.0500	5.0000
40	30	0	-0.0500	3.9000
40	30	1	-0.0500	3.8000
40	30	2	-0.0500	3.7000
40	30	3	-0.0500	3.6000
40	30	4	-0.0500	3.5000
40	30	5	-0.0500	3.4000
40	30	6	-0.0500	3.3000
40	30	7	-0.0500	3.2000
40	30	8	-0.0500	3.1000
40	30	9	-0.0500	3.0000
41	42	0	1.1000	3.9500
41	42	1	1.2000	3.9500
41	42	2	1.3000	3.9500
41	42	3	1.4000	3.9500
41	42	4	1.5000	3.9500
41	42	5	1.6000	3.9500
41	42	6	1.7000	3.9500
41	42	7	1.8000	3.9500
41	42	8	1.9000	3.9500
41	42	9	2.0000	3.9500
41	40	0	0.9000	4.0500
41	40	1	0.8000	4.0500
41	40	2	0.7000	4.0500
41	40	3	0.6000	4.0500
41	40	4	0.5000	4.0500
41	40	5	0.4000	4.0500
41	40	6	0.3000	4.0500
41	40	7	0.2000	4.0500
41	40	8	0.1000	4.0500
41	40	9	0.0000	4.0500
41	51	0	1.0500	4.1000
41	51	1	1.0500	4.2000
41	51	2	1.0500	4.3000
41	51	3	1.0500	4.4000
41	51	4	1.0500	4.5000
41	51	5	1.0500	4.6000
41	51	6	1.0500	4.7000
41	51	7	1.0500	4.8000
41	51	8	1.0500	4.9000
41	51	9	1.0500	5.0000
41	31	0	0.9500	3.9000
41	31	1	0.9500	3.8000
41	31	2	0.9500	3.7000
41	31	3	0.9500	3.6000
41	31	4	0.9500	3.5000
41	31	5	0.9500	3.4000
41	31	6	0.9500	3.3000
41	31	7	0.9500	3.2000
41	31	8	0.9500	3.1000
41	31	9	0.9500	3.0000
42	43	0	2.1000	3.9500
42	43	1	2.2000	3.9500
42	43	2	2.3000	3.9500
42	43	3	2.4000	3.9500
42	43	4	2.5000	3.9500
42	43	5	2.6000	3.9500
42	43	6	2.7000	3.9500
42	43	7	2.8000	3.9500
42	43	8	2.9000	3.9500
42	43	9	3.0000	3.9500
42	41	0	1.9000	4.0500
42	41	1	1.8000	4.0500
42	41	2	1.7000	4.0500
42	41	3	1.6000	4.0500
42	41	4	1.5000	4.0500
42	41	5	1.4000	4.0500
42	41	6	1.3000	4.0500
42	41	7	1.2000	4.0500
42	41	8	1.1000	4.0500
42	41	9	1.0000	4.0500
42	52	0	2.0500	4.1000
42	52	1	2.0500	4.2000
42	52	2	2.0500	4.3000
42	52	3	2.0500	4.4000
42	52	4	2.0500	4.5000
42	52	5	2.0500	4.6000
42	52	6	2.0500	4.7000
42	52	7	2.0500	4.8000
42	52	8	2.0500	4.9000
42	52	9	2.0500	5.0000
42	32	0	1.9500	3.9000
42	32	1	1.9500	3.8000
42	32	2	1.9500	3.7000
42	32	3	1.9500	3.6000
42	32	4	1.9500	3.5000
42	32	5	1.9500	3.4000
42	32	6	1.9500	3.3000
42	32	7	1.9500	3.2000
42	32	8	1.9500	3.1000
42	32	9	1.9500	3.0000
43	44	0	3.1000	3.9500
43	44	1	3.2000	3.9500
43	44	2	3.3000	3.9500
43	44	3	3.4000	3.9500
43	44	4	3.5000	3.9500
43	44	5	3.6000	3.9500
43	44	6	3.7000	3.9500
43	44	7	3.8000	3.9500
43	44	8	3.9000	3.9500
43	44	9	4.0000	3.9500
43	42	0	2.9000	4.0500
43	42	1	2.8000	4.0500
43	42	2	2.7000	4.0500
43	42	3	2.6000	4.0500
43	42	4	2.5000	4.0500
43	42	5	2.4000	4.0500
43	42	6	2.3000	4.0500
43	42	7	2.2000	4.0500
43	42	8	2.1000	4.0500
43	42	9	2.0000	4.0500
43	53	0	3.0500	4.1000
43	53	1	3.0500	4.2000
43	53	2	3.0500	4.3000
43	53	3	3.0500	4.4000
43	53	4	3.0500	4.5000
43	53	5	3.0500	4.6000
43	53	6	3.0500	4.7000
43	53	7	3.0500	4.8000
43	53	8	3.0500	4.9000
43	53	9	3.0500	5.0000
43	33	0	2.9500	3.9000
43	33	1	2.9500	3.8000
43	33	2	2.9500	3.7000
43	33	3	2.9500	3.6000
43	33	4	2.9500	3.5000
43	33	5	2.9500	3.4000
43	33	6	2.9500	3.3000
43	33	7	2.9500	3.2000
43	33	8	2.9500	3.1000
43	33	9	2.9500	3.0000
44	45	0	4.1000	3.9500
44	45	1	4.2000	3.9500
44	45	2	4.3000	3.9500
44	45	3	4.4000	3.9500
44	45	4	4.5000	3.9500
44	45	5	4.6000	3.9500
44	45	6	4.7000	3.9500
44	45	7	4.8000	3.9500
44	45	8	4.9000	3.9500
44	45	9	5.0000	3.9500
44	43	0	3.9000	4.0500
44	43	1	3.8000	4.0500
44	43	2	3.7000	4.0500
44	43	3	3.6000	4.0500
44	43	4	3.5000	4.0500
44	43	5	3.4000	4.0500
44	43	6	3.3000	4.0500
44	43	7	3.2000	4.0500
44	43	8	3.1000	4.0500
44	43	9	3.0000	4.0500
44	54	0	4.0500	4.1000
44	54	1	4.0500	4.2000
44	54	2	4.0500	4.3000
44	54	3	4.0500	4.4000
44	54	4	4.0500	4.5000
44	54	5	4.0500	4.6000
44	54	6	4.0500	4.7000
44	54	7	4.0500	4.8000
44	54	8	4.0500	4.9000
44	54	9	4.0500	5.0000
44	34	0	3.9500	3.9000
44	34	1	3.9500	3.8000
44	34	2	3.9500	3.7000
44	34	3	3.9500	3.6000
44	34	4	3.9500	3.5000
44	34	5	3.9500	3.4000
44	34	6	3.9500	3.3000
44	34	7	3.9500	3.2000
44	34	8	3.9500	3.1000
44	34	9	3.9500	3.0000
45	46	0	5.1000	3.9500
45	46	1	5.2000	3.9500
45	46	2	5.3000	3.9500
45	46	3	5.4000	3.9500
45	46	4	5.5000	3.9500
45	46	5	5.6000	3.9500
45	46	6	5.7000	3.9500
45	46	7	5.8000	3.9500
45	46	8	5.9000	3.9500
45	46	9	6.0000	3.9500
45	44	0	4.9000	4.0500
45	44	1	4.8000	4.0500
45	44	2	4.7000	4.0500
45	44	3	4.6000	4.0500
45	44	4	4.5000	4.0500
45	44	5	4.4000	4.0500
45	44	6	4.3000	4.0500
45	44	7	4.2000	4.0500
45	44	8	4.1000	4.0500
45	44	9	4.0000	4.0500
45	55	0	5.0500	4.1000
45	55	1	5.0500	4.2000
45	55	2	5.0500	4.3000
45	55	3	5.0500	4.4000
45	55	4	5.0500	4.5000
45	55	5	5.0500	4.6000
45	55	6	5.0500	4.7000
45	55	7	5.0500	4.8000
45	55	8	5.0500	4.9000
45	55	9	5.0500	5.0000
45	35	0	4.9500	3.9000
45	35	1	4.9500	3.8000
45	35	2	4.9500	3.7000
45	35	3	4.9500	3.6000
45	35	4	4.9500	3.5000
45	35	5	4.9500	3.4000
45	35	6	4.9500	3.3000
45	35	7	4.9500	3.2000
45	35	8	4.9500	3.1000
45	35	9	4.9500	3.0000
46	47	0	6.1000	3.9500
46	47	1	6.2000	3.9500
46	47	2	6.3000	3.9500
46	47	3	6.4000	3.9500
46	47	4	6.5000	3.9500
46	47	5	6.6000	3.9500
46	47	6	6.7000	3.9500
46	47	7	6.8000	3.9500
46	47	8	6.9000	3.9500
46	47	9	7.0000	3.9500
46	45	0	5.9000	4.0500
46	45	1	5.8000	4.0500
46	45	2	5.7000	4.0500
46	45	3	5.6000	4.0500
46	45	4	5.5000	4.0500
46	45	5	5.4000	4.0500
46	45	6	5.3000	4.0500
46	45	7	5.2000	4.0500
46	45	8	5.1000	4.0500
46	45	9	5.0000	4.0500
46	56	0	6.0500	4.1000
46	56	1	6.0500	4.2000
46	56	2	6.0500	4.3000
46	56	3	6.0500	4.4000
46	56	4	6.0500	4.5000
46	56	5	6.0500	4.6000
46	56	6	6.0500	4.7000
46	56	7	6.0500	4.8000
46	56	8	6.0500	4.9000
46	56	9	6.0500	5.0000
46	36	0	5.9500	3.9000
46	36	1	5.9500	3.8000
46	36	2	5.9500	3.7000
46	36	3	5.9500	3.6000
46	36	4	5.9500	3.5000
46	36	5	5.9500	3.4000
46	36	6	5.9500	3.3000
46	36	7	5.9500	3.2000
46	36	8	5.9500	3.1000
46	36	9	5.9500	3.0000
47	48	0	7.1000	3.9500
47	48	1	7.2000	3.9500
47	48	2	7.3000	3.9500
47	48	3	7.4000	3.9500
47	48	4	7.5000	3.9500
47	48	5	7.6000	3.9500
47	48	6	7.7000	3.9500
47	48	7	7.8000	3.9500
47	48	8	7.9000	3.9500
47	48	9	8.0000	3.9500
47	46	0	6.9000	4.0500
47	46	1	6.8000	4.0500
47	46	2	6.7000	4.0500
47	46	3	6.6000	4.0500
47	46	4	6.5000	4.0500
47	46	5	6.4000	4.0500
47	46	6	6.3000	4.0500
47	46	7	6.2000	4.0500
47	46	8	6.1000	4.0500
47	46	9	6.0000	4.0500
47	57	0	7.0500	4.1000
47	57	1	7.0500	4.2000
47	57	2	7.0500	4.3000
47	57	3	7.0500	4.4000
47	57	4	7.0500	4.5000
47	57	5	7.0500	4.6000
47	57	6	7.0500	4.7000
47	57	7	7.0500	4.8000
47	57	8	7.0500	4.9000
47	57	9	7.0500	5.0000
47	37	0	6.9500	3.9000
47	37	1	6.9500	3.8000
47	37	2	6.9500	3.7000
47	37	3	6.9500	3.6000
47	37	4	6.9500	3.5000
47	37	5	6.9500	3.4000
47	37	6	6.9500	3.3000
47	37	7	6.9500	3.2000
47	37	8	6.9500	3.1000
47	37	9	6.9500	3.0000
48	49	0	8.1000	3.9500
48	49	1	8.2000	3.9500
48	49	2	8.3000	3.9500
48	49	3	8.4000	3.9500
48	49	4	8.5000	3.9500
48	49	5	8.6000	3.9500
48	49	6	8.7000	3.9500
48	49	7	8.8000	3.9500
48	49	8	8.9000	3.9500
48	49	9	9.0000	3.9500
48	47	0	7.9000	4.0500
48	47	1	7.8000	4.0500
48	47	2	7.7000	4.0500
48	47	3	7.6000	4.0500
48	47	4	7.5000	4.0500
48	47	5	7.4000	4.0500
48	47	6	7.3000	4.0500
48	47	7	7.2000	4.0500
48	47	8	7.1000	4.0500
48	47	9	7.0000	4.0500
48	58	0	8.0500	4.1000
48	58	1	8.0500	4.2000
48	58	2	8.0500	4.3000
48	58	3	8.0500	4.4000
48	58	4	8.0500	4.5000
48	58	5	8.0500	4.6000
48	58	6	8.0500	4.7000
48	58	7	8.0500	4.8000
48	58	8	8.0500	4.9000
48	58	9	8.0500	5.0000
48	38	0	7.9500	3.9000
48	38	1	7.9500	3.8000
48	38	2	7.9500	3.7000
48	38	3	7.9500	3.6000
48	38	4	7.9500	3.5000
48	38	5	7.9500	3.4000
48	38	6	7.9500	3.3000
48	38	7	7.9500	3.2000
48	38	8	7.9500	3.1000
48	38	9	7.9500	3.0000
49	48	0	8.9000	4.0500
49	48	1	8.8000	4.0500
49	48	2	8.7000	4.0500
49	48	3	8.6000	4.0500
49	48	4	8.5000	4.0500
49	48	5	8.4000	4.0500
49	48	6	8.3000	4.0500
49	48	7	8.2000	4.0500
49	48	8	8.1000	4.0500
49	48	9	8.0000	4.0500
49	59	0	9.0500	4.1000
49	59	1	9.0500	4.2000
49	59	2	9.0500	4.3000
49	59	3	9.0500	4.4000
49	59	4	9.0500	4.5000
49	59	5	9.0500	4.6000
49	59	6	9.0500	4.7000
49	59	7	9.0500	4.8000
49	59	8	9.0500	4.9000
49	59	9	9.0500	5.0000
49	39	0	8.9500	3.9000
49	39	1	8.9500	3.8000
49	39	2	8.9500	3.7000
49	39	3	8.9500	3.6000
49	39	4	8.9500	3.5000
49	39	5	8.9500	3.4000
49	39	6	8.9500	3.3000
49	39	7	8.9500	3.2000
49	39	8	8.9500	3.1000
49	39	9	8.9500	3.0000
50	51	0	0.1000	4.9500
50	51	1	0.2000	4.9500
50	51	2	0.3000	4.9500
50	51	3	0.4000	4.9500
50	51	4	0.5000	4.9500
50	51	5	0.6000	4.9500
50	51	6	0.7000	4.9500
50	51	7	0.8000	4.9500
50	51	8	0.9000	4.9500
50	51	9	1.0000	4.9500
50	60	0	0.0500	5.1000
50	60	1	0.0500	5.2000
50	60	2	0.0500	5.3000
50	60	3	0.0500	5.4000
50	60	4	0.0500	5.5000
50	60	5	0.0500	5.6000
50	60	6	0.0500	5.7000
50	60	7	0.0500	5.8000
50	60	8	0.0500	5.9000
50	60	9	0.0500	6.0000
50	40	0	-0.0500	4.9000
50	40	1	-0.0500	4.8000
50	40	2	-0.0500	4.7000
50	40	3	-0.0500	4.6000
50	40	4	-0.0500	4.5000
50	40	5	-0.0500	4.4000
50	40	6	-0.0500	4.3000
50	40	7	-0.0500	4.2000
50	40	8	-0.0500	4.1000
50	40	9	-0.0500	4.0000
51	52	0	1.1000	4.9500
51	52	1	1.2000	4.9500
51	52	2	1.3000	4.9500
51	52	3	1.4000	4.9500
51	52	4	1.5000	4.9500
51	52	5	1.6000	4.9500
51	52	6	1.7000	4.9500
51	52	7	1.8000	4.9500
51	52	8	1.9000	4.9500
51	52	9	2.0000	4.9500
51	50	0	0.9000	5.0500
51	50	1	0.8000	5.0500
51	50	2	0.7000	5.0500
51	50	3	0.6000	5.0500
51	50	4	0.5000	5.0500
51	50	5	0.4000	5.0500
51	50	6	0.3000	5.0500
51	50	7	0.2000	5.0500
51	50	8	0.1000	5.0500
51	50	9	0.0000	5.0500
51	61	0	1.0500	5.1000
51	61	1	1.0500	5.2000
51	61	2	1.0500	5.3000
51	61	3	1.0500	5.4000
51	61	4	1.0500	5.5000
51	61	5	1.0500	5.6000
51	61	6	1.0500	5.7000
51	61	7	1.0500	5.8000
51	61	8	1.0500	5.9000
51	61	9	1.0500	6.0000
51	41	0	0.9500	4.9000
51	41	1	0.9500	4.8000
51	41	2	0.9500	4.7000
51	41	3	0.9500	4.6000
51	41	4	0.9500	4.5000
51	41	5	0.9500	4.4000
51	41	6	0.9500	4.3000
51	41	7	0.9500	4.2000
51	41	8	0.9500	4.1000
51	41	9	0.9500	4.0000
52	53	0	2.1000	4.9500
52	53	1	2.2000	4.9500
52	53	2	2.3000	4.9500
52	53	3	2.4000	4.9500
52	53	4	2.5000	4.9500
52	53	5	2.6000	4.9500
52	53	6	2.7000	4.9500
52	53	7	2.8000	4.9500
52	53	8	2.9000	4.9500
52	53	9	3.0000	4.9500
52	51	0	1.9000	5.0500
52	51	1	1.8000	5.0500
52	51	2	1.7000	5.0500
52	51	3	1.6000	5.0500
52	51	4	1.5000	5.0500
52	51	5	1.4000	5.0500
52	51	6	1.3000	5.0500
52	51	7	1.2000	5.0500
52	51	8	1.1000	5.0500
52	51	9	1.0000	5.0500
52	62	0	2.0500	5.1000
52	62	1	2.0500	5.2000
52	62	2	2.0500	5.3000
52	62	3	2.0500	5.4000
52	62	4	2.0500	5.5000
52	62	5	2.0500	5.6000
52	62	6	2.0500	5.7000
52	62	7	2.0500	5.8000
52	62	8	2.0500	5.9000
52	62	9	2.0500	6.0000
52	42	0	1.9500	4.9000
52	42	1	1.9500	4.8000
52	42	2	1.9500	4.7000
52	42	3	1.9500	4.6000
52	42	4	1.9500	4.5000
52	42	5	1.9500	4.4000
52	42	6	1.9500	4.3000
52	42	7	1.9500	4.2000
52	42	8	1.9500	4.1000
52	42	9	1.9500	4.0000
53	54	0	3.1000	4.9500
53	54	1	3.2000	4.9500
53	54	2	3.3000	4.9500
53	54	3	3.4000	4.9500
53	54	4	3.5000	4.9500
53	54	5	3.6000	4.9500
53	54	6	3.7000	4.9500
53	54	7	3.8000	4.9500
53	54	8	3.9000	4.9500
53	54	9	4.0000	4.9500
53	52	0	2.9000	5.0500
53	52	1	2.8000	5.0500
53	52	2	2.7000	5.0500
53	52	3	2.6000	5.0500
53	52	4	2.5000	5.0500
53	52	5	2.4000	5.0500
53	52	6	2.3000	5.0500
53	52	7	2.2000	5.0500
53	52	8	2.1000	5.0500
53	52	9	2.0000	5.0500
53	63	0	3.0500	5.1000
53	63	1	3.0500	5.2000
53	63	2	3.0500	5.3000
53	63	3	3.0500	5.4000
53	63	4	3.0500	5.5000
53	63	5	3.0500	5.6000
53	63	6	3.0500	5.7000
53	63	7	3.0500	5.8000
53	63	8	3.0500	5.9000
53	63	9	3.0500	6.0000
53	43	0	2.9500	4.9000
53	43	1	2.9500	4.8000
53	43	2	2.9500	4.7000
53	43	3	2.9500	4.6000
53	43	4	2.9500	4.5000
53	43	5	2.9500	4.4000
53	43	6	2.9500	4.3000
53	43	7	2.9500	4.2000
53	43	8	2.9500	4.1000
53	43	9	2.9500	4.0000
54	55	0	4.1000	4.9500
54	55	1	4.2000	4.9500
54	55	2	4.3000	4.9500
54	55	3	4.4000	4.9500
54	55	4	4.5000	4.9500
54	55	5	4.6000	4.9500
54	55	6	4.7000	4.9500
54	55	7	4.8000	4.9500
54	55	8	4.9000	4.9500
54	55	9	5.0000	4.9500
54	53	0	3.9000	5.0500
54	53	1	3.8000	5.0500
54	53	2	3.7000	5.0500
54	53	3	3.6000	5.0500
54	53	4	3.5000	5.0500
54	53	5	3.4000	5.0500
54	53	6	3.3000	5.0500
54	53	7	3.2000	5.0500
54	53	8	3.1000	5.0500
54	53	9	3.0000	5.0500
54	64	0	4.0500	5.1000
54	64	1	4.0500	5.2000
54	64	2	4.0500	5.3000
54	64	3	4.0500	5.4000
54	64	4	4.0500	5.5000
54	64	5	4.0500	5.6000
54	64	6	4.0500	5.7000
54	64	7	4.0500	5.8000
54	64	8	4.0500	5.9000
54	64	9	4.0500	6.0000
54	44	0	3.9500	4.9000
54	44	1	3.9500	4.8000
54	44	2	3.9500	4.7000
54	44	3	3.9500	4.6000
54	44	4	3.9500	4.5000
54	44	5	3.9500	4.4000
54	44	6	3.9500	4.3000
54	44	7	3.9500	4.2000
54	44	8	3.9500	4.1000
54	44	9	3.9500	4.0000
55	56	0	5.1000	4.9500
55	56	1	5.2000	4.9500
55	56	2	5.3000	4.9500
55	56	3	5.4000	4.9500
55	56	4	5.5000	4.9500
55	56	5	5.6000	4.9500
55	56	6	5.7000	4.9500
55	56	7	5.8000	4.9500
55	56	8	5.9000	4.9500
55	56	9	6.0000	4.9500
55	54	0	4.9000	5.0500
55	54	1	4.8000	5.0500
55	54	2	4.7000	5.0500
55	54	3	4.6000	5.0500
55	54	4	4.5000	5.0500
55	54	5	4.4000	5.0500
55	54	6	4.3000	5.0500
55	54	7	4.2000	5.0500
55	54	8	4.1000	5.0500
55	54	9	4.0000	5.0500
55	65	0	5.0500	5.1000
55	65	1	5.0500	5.2000
55	65	2	5.0500	5.3000
55	65	3	5.0500	5.4000
55	65	4	5.0500	5.5000
55	65	5	5.0500	5.6000
55	65	6	5.0500	5.7000
55	65	7	5.0500	5.8000
55	65	8	5.0500	5.9000
55	65	9	5.0500	6.0000
55	45	0	4.9500	4.9000
55	45	1	4.9500	4.8000
55	45	2	4.9500	4.7000
55	45	3	4.9500	4.6000
55	45	4	4.9500	4.5000
55	45	5	4.9500	4.4000
55	45	6	4.9500	4.3000
55	45	7	4.9500	4.2000
55	45	8	4.9500	4.1000
55	45	9	4.9500	4.0000
56	57	0	6.1000	4.9500
56	57	1	6.2000	4.9500
56	57	2	6.3000	4.9500
56	57	3	6.4000	4.9500
56	57	4	6.5000	4.9500
56	57	5	6.6000	4.9500
56	57	6	6.7000	4.9500
56	57	7	6.8000	4.9500
56	57	8	6.9000	4.9500
56	57	9	7.0000	4.9500
56	55	0	5.9000	5.0500
56	55	1	5.8000	5.0500
56	55	2	5.7000	5.0500
56	55	3	5.6000	5.0500
56	55	4	5.5000	5.0500
56	55	5	5.4000	5.0500
56	55	6	5.3000	5.0500
56	55	7	5.2000	5.0500
56	55	8	5.1000	5.0500
56	55	9	5.0000	5.0500
56	66	0	6.0500	5.1000
56	66	1	6.0500	5.2000
56	66	2	6.0500	5.3000
56	66	3	6.0500	5.4000
56	66	4	6.0500	5.5000
56	66	5	6.0500	5.6000
56	66	6	6.0500	5.7000
56	66	7	6.0500	5.8000
56	66	8	6.0500	5.9000
56	66	9	6.0500	6.0000
56	46	0	5.9500	4.9000
56	46	1	5.9500	4.8000
56	46	2	5.9500	4.7000
56	46	3	5.9500	4.6000
56	46	4	5.9500	4.5000
56	46	5	5.9500	4.4000
56	46	6	5.9500	4.3000
56	46	7	5.9500	4.2000
56	46	8	5.9500	4.1000
56	46	9	5.9500	4.0000
57	58	0	7.1000	4.9500
57	58	1	7.2000	4.9500
57	58	2	7.3000	4.9500
57	58	3	7.4000	4.9500
57	58	4	7.5000	4.9500
57	58	5	7.6000	4.9500
57	58	6	7.7000	4.9500
57	58	7	7.8000	4.9500
57	58	8	7.9000	4.9500
57	58	9	8.0000	4.9500
57	56	0	6.9000	5.0500
57	56	1	6.8000	5.0500
57	56	2	6.7000	5.0500
57	56	3	6.6000	5.0500
57	56	4	6.5000	5.0500
57	56	5	6.4000	5.0500
57	56	6	6.3000	5.0500
57	56	7	6.2000	5.0500
57	56	8	6.1000	5.0500
57	56	9	6.0000	5.0500
57	67	0	7.0500	5.1000
57	67	1	7.0500	5.2000
57	67	2	7.0500	5.3000
57	67	3	7.0500	5.4000
57	67	4	7.0500	5.5000
57	67	5	7.0500	5.6000
57	67	6	7.0500	5.7000
57	67	7	7.0500	5.8000
57	67	8	7.0500	5.9000
57	67	9	7.0500	6.0000
57	47	0	6.9500	4.9000
57	47	1	6.9500	4.8000
57	47	2	6.9500	4.7000
57	47	3	6.9500	4.6000
57	47	4	6.9500	4.5000
57	47	5	6.9500	4.4000
57	47	6	6.9500	4.3000
57	47	7	6.9500	4.2000
57	47	8	6.9500	4.1000
57	47	9	6.9500	4.0000
58	59	0	8.1000	4.9500
58	59	1	8.2000	4.9500
58	59	2	8.3000	4.9500
58	59	3	8.4000	4.9500
58	59	4	8.5000	4.9500
58	59	5	8.6000	4.9500
58	59	6	8.7000	4.9500
58	59	7	8.8000	4.9500
58	59	8	8.9000	4.9500
58	59	9	9.0000	4.9500
58	57	0	7.9000	5.0500
58	57	1	7.8000	5.0500
58	57	2	7.7000	5.0500
58	57	3	7.6000	5.0500
58	57	4	7.5000	5.0500
58	57	5	7.4000	5.0500
58	57	6	7.3000	5.0500
58	57	7	7.2000	5.0500
58	57	8	7.1000	5.0500
58	57	9	7.0000	5.0500
58	68	0	8.0500	5.1000
58	68	1	8.0500	5.2000
58	68	2	8.0500	5.3000
58	68	3	8.0500	5.4000
58	68	4	8.0500	5.5000
58	68	5	8.0500	5.6000
58	68	6	8.0500	5.7000
58	68	7	8.0500	5.8000
58	68	8	8.0500	5.9000
58	68	9	8.0500	6.0000
58	48	0	7.9500	4.9000
58	48	1	7.9500	4.8000
58	48	2	7.9500	4.7000
58	48	3	7.9500	4.6000
58	48	4	7.9500	4.5000
58	48	5	7.9500	4.4000
58	48	6	7.9500	4.3000
58	48	7	7.9500	4.2000
58	48	8	7.9500	4.1000
58	48	9	7.9500	4.0000
59	58	0	8.9000	5.0500
59	58	1	8.8000	5.0500
59	58	2	8.7000	5.0500
59	58	3	8.6000	5.0500
59	58	4	8.5000	5.0500
59	58	5	8.4000	5.0500
59	58	6	8.3000	5.0500
59	58	7	8.2000	5.0500
59	58	8	8.1000	5.0500
59	58	9	8.0000	5.0500
59	69	0	9.0500	5.1000
59	69	1	9.0500	5.2000
59	69	2	9.0500	5.3000
59	69	3	9.0500	5.4000
59	69	4	9.0500	5.5000
59	69	5	9.0500	5.6000
59	69	6	9.0500	5.7000
59	69	7	9.0500	5.8000
59	69	8	9.0500	5.9000
59	69	9	9.0500	6.0000
59	49	0	8.9500	4.9000
59	49	1	8.9500	4.8000
59	49	2	8.9500	4.7000
59	49	3	8.9500	4.6000
59	49	4	8.9500	4.5000
59	49	5	8.9500	4.4000
59	49	6	8.9500	4.3000
59	49	7	8.9500	4.2000
59	49	8	8.9500	4.1000
59	49	9	8.9500	4.0000
60	61	0	0.1000	5.9500
60	61	1	0.2000	5.9500
60	61	2	0.3000	5.9500
60	61	3	0.4000	5.9500
60	61	4	0.5000	5.9500
60	61	5	0.6000	5.9500
60	61	6	0.7000	5.9500
60	61	7	0.8000	5.9500
60	61	8	0.9000	5.9500
60	61	9	1.0000	5.9500
60	70	0	0.0500	6.1000
60	70	1	0.0500	6.2000
60	70	2	0.0500	6.3000
60	70	3	0.0500	6.4000
60	70	4	0.0500	6.5000
60	70	5	0.0500	6.6000
60	70	6	0.0500	6.7000
60	70	7	0.0500	6.8000
60	70	8	0.0500	6.9000
60	70	9	0.0500	7.0000
60	50	0	-0.0500	5.9000
60	50	1	-0.0500	5.8000
60	50	2	-0.0500	5.7000
60	50	3	-0.0500	5.6000
60	50	4	-0.0500	5.5000
60	50	5	-0.0500	5.4000
60	50	6	-0.0500	5.3000
60	50	7	-0.0500	5.2000
60	50	8	-0.0500	5.1000
60	50	9	-0.0500	5.0000
61	62	0	1.1000	5.9500
61	62	1	1.2000	5.9500
61	62	2	1.3000	5.9500
61	62	3	1.4000	5.9500
61	62	4	1.5000	5.9500
61	62	5	1.6000	5.9500
61	62	6	1.7000	5.9500
61	62	7	1.8000	5.9500
61	62	8	1.9000	5.9500
61	62	9	2.0000	5.9500
61	60	0	0.9000	6.0500
61	60	1	0.8000	6.0500
61	60	2	0.7000	6.0500
61	60	3	0.6000	6.0500
61	60	4	0.5000	6.0500
61	60	5	0.4000	6.0500
61	60	6	0.3000	6.0500
61	60	7	0.2000	6.0500
61	60	8	0.1000	6.0500
61	60	9	0.0000	6.0500
61	71	0	1.0500	6.1000
61	71	1	1.0500	6.2000
61	71	2	1.0500	6.3000
61	71	3	1.0500	6.4000
61	71	4	1.0500	6.5000
61	71	5	1.0500	6.6000
61	71	6	1.0500	6.7000
61	71	7	1.0500	6.8000
61	71	8	1.0500	6.9000
61	71	9	1.0500	7.0000
61	51	0	0.9500	5.9000
61	51	1	0.9500	5.8000
61	51	2	0.9500	5.7000
61	51	3	0.9500	5.6000
61	51	4	0.9500	5.5000
61	51	5	0.9500	5.4000
61	51	6	0.9500	5.3000
61	51	7	0.9500	5.2000
61	51	8	0.9500	5.1000
61	51	9	0.9500	5.0000
62	63	0	2.1000	5.9500
62	63	1	2.2000	5.9500
62	63	2	2.3000	5.9500
62	63	3	2.4000	5.9500
62	63	4	2.5000	5.9500
62	63	5	2.6000	5.9500
62	63	6	2.7000	5.9500
62	63	7	2.8000	5.9500
62	63	8	2.9000	5.9500
62	63	9	3.0000	5.9500
62	61	0	1.9000	6.0500
62	61	1	1.8000	6.0500
62	61	2	1.7000	6.0500
62	61	3	1.6000	6.0500
62	61	4	1.5000	6.0500
62	61	5	1.4000	6.0500
62	61	6	1.3000	6.0500
62	61	7	1.2000	6.0500
62	61	8	1.1000	6.0500
62	61	9	1.0000	6.0500
62	72	0	2.0500	6.1000
62	72	1	2.0500	6.2000
62	72	2	2.0500	6.3000
62	72	3	2.0500	6.4000
62	72	4	2.0500	6.5000
62	72	5	2.0500	6.6000
62	72	6	2.0500	6.7000
62	72	7	2.0500	6.8000
62	72	8	2.0500	6.9000
62	72	9	2.0500	7.0000
62	52	0	1.9500	5.9000
62	52	1	1.9500	5.8000
62	52	2	1.9500	5.7000
62	52	3	1.9500	5.6000
62	52	4	1.9500	5.5000
62	52	5	1.9500	5.4000
62	52	6	1.9500	5.3000
62	52	7	1.9500	5.2000
62	52	8	1.9500	5.1000
62	52	9	1.9500	5.0000
63	64	0	3.1000	5.9500
63	64	1	3.2000	5.9500
63	64	2	3.3000	5.9500
63	64	3	3.4000	5.9500
63	64	4	3.5000	5.9500
63	64	5	3.6000	5.9500
63	64	6	3.7000	5.9500
63	64	7	3.8000	5.9500
63	64	8	3.9000	5.9500
63	64	9	4.0000	5.9500
63	62	0	2.9000	6.0500
63	62	1	2.8000	6.0500
63	62	2	2.7000	6.0500
63	62	3	2.6000	6.0500
63	62	4	2.5000	6.0500
63	62	5	2.4000	6.0500
63	62	6	2.3000	6.0500
63	62	7	2.2000	6.0500
63	62	8	2.1000	6.0500
63	62	9	2.0000	6.0500
63	73	0	3.0500	6.1000
63	73	1	3.0500	6.2000
63	73	2	3.0500	6.3000
63	73	3	3.0500	6.4000
63	73	4	3.0500	6.5000
63	73	5	3.0500	6.6000
63	73	6	3.0500	6.7000
63	73	7	3.0500	6.8000
63	73	8	3.0500	6.9000
63	73	9	3.0500	7.0000
63	53	0	2.9500	5.9000
63	53	1	2.9500	5.8000
63	53	2	2.9500	5.7000
63	53	3	2.9500	5.6000
63	53	4	2.9500	5.5000
63	53	5	2.9500	5.4000
63	53	6	2.9500	5.3000
63	53	7	2.9500	5.2000
63	53	8	2.9500	5.1000
63	53	9	2.9500	5.0000
64	65	0	4.1000	5.9500
64	65	1	4.2000	5.9500
64	65	2	4.3000	5.9500
64	65	3	4.4000	5.9500
64	65	4	4.5000	5.9500
64	65	5	4.6000	5.9500
64	65	6	4.7000	5.9500
64	65	7	4.8000	5.9500
64	65	8	4.9000	5.9500
64	65	9	5.0000	5.9500
64	63	0	3.9000	6.0500
64	63	1	3.8000	6.0500
64	63	2	3.7000	6.0500
64	63	3	3.6000	6.0500
64	63	4	3.5000	6.0500
64	63	5	3.4000	6.0500
64	63	6	3.3000	6.0500
64	63	7	3.2000	6.0500
64	63	8	3.1000	6.0500
64	63	9	3.0000	6.0500
64	74	0	4.0500	6.1000
64	74	1	4.0500	6.2000
64	74	2	4.0500	6.3000
64	74	3	4.0500	6.4000
64	74	4	4.0500	6.5000
64	74	5	4.0500	6.6000
64	74	6	4.0500	6.7000
64	74	7	4.0500	6.8000
64	74	8	4.0500	6.9000
64	74	9	4.0500	7.0000
64	54	0	3.9500	5.9000
64	54	1	3.9500	5.8000
64	54	2	3.9500	5.7000
64	54	3	3.9500	5.6000
64	54	4	3.9500	5.5000
64	54	5	3.9500	5.4000
64	54	6	3.9500	5.3000
64	54	7	3.9500	5.2000
64	54	8	3.9500	5.1000
64	54	9	3.9500	5.0000
65	66	0	5.1000	5.9500
65	66	1	5.2000	5.9500
65	66	2	5.3000	5.9500
65	66	3	5.4000	5.9500
65	66	4	5.5000	5.9500
65	66	5	5.6000	5.9500
65	66	6	5.7000	5.9500
65	66	7	5.8000	5.9500
65	66	8	5.9000	5.9500
65	66	9	6.0000	5.9500
65	64	0	4.9000	6.0500
65	64	1	4.8000	6.0500
65	64	2	4.7000	6.0500
65	64	3	4.6000	6.0500
65	64	4	4.5000	6.0500
65	64	5	4.4000	6.0500
65	64	6	4.3000	6.0500
65	64	7	4.2000	6.0500
65	64	8	4.1000	6.0500
65	64	9	4.0000	6.0500
65	75	0	5.0500	6.1000
65	75	1	5.0500	6.2000
65	75	2	5.0500	6.3000
65	75	3	5.0500	6.4000
65	75	4	5.0500	6.5000
65	75	5	5.0500	6.6000
65	75	6	5.0500	6.7000
65	75	7	5.0500	6.8000
65	75	8	5.0500	6.9000
65	75	9	5.0500	7.0000
65	55	0	4.9500	5.9000
65	55	1	4.9500	5.8000
65	55	2	4.9500	5.7000
65	55	3	4.9500	5.6000
65	55	4	4.9500	5.5000
65	55	5	4.9500	5.4000
65	55	6	4.9500	5.3000
65	55	7	4.9500	5.2000
65	55	8	4.9500	5.1000
65	55	9	4.9500	5.0000
66	67	0	6.1000	5.9500
66	67	1	6.2000	5.9500
66	67	2	6.3000	5.9500
66	67	3	6.4000	5.9500
66	67	4	6.5000	5.9500
66	67	5	6.6000	5.9500
66	67	6	6.7000	5.9500
66	67	7	6.8000	5.9500
66	67	8	6.9000	5.9500
66	67	9	7.0000	5.9500
66	65	0	5.9000	6.0500
66	65	1	5.8000	6.0500
66	65	2	5.7000	6.0500
66	65	3	5.6000	6.0500
66	65	4	5.5000	6.0500
66	65	5	5.4000	6.0500
66	65	6	5.3000	6.0500
66	65	7	5.2000	6.0500
66	65	8	5.1000	6.0500
66	65	9	5.0000	6.0500
66	76	0	6.0500	6.1000
66	76	1	6.0500	6.2000
66	76	2	6.0500	6.3000
66	76	3	6.0500	6.4000
66	76	4	6.0500	6.5000
66	76	5	6.0500	6.6000
66	76	6	6.0500	6.7000
66	76	7	6.0500	6.8000
66	76	8	6.0500	6.9000
66	76	9	6.0500	7.0000
66	56	0	5.9500	5.9000
66	56	1	5.9500	5.8000
66	56	2	5.9500	5.7000
66	56	3	5.9500	5.6000
66	56	4	5.9500	5.5000
66	56	5	5.9500	5.4000
66	56	6	5.9500	5.3000
66	56	7	5.9500	5.2000
66	56	8	5.9500	5.1000
66	56	9	5.9500	5.0000
67	68	0	7.1000	5.9500
67	68	1	7.2000	5.9500
67	68	2	7.3000	5.9500
67	68	3	7.4000	5.9500
67	68	4	7.5000	5.9500
67	68	5	7.6000	5.9500
67	68	6	7.7000	5.9500
67	68	7	7.8000	5.9500
67	68	8	7.9000	5.9500
67	68	9	8.0000	5.9500
67	66	0	6.9000	6.0500
67	66	1	6.8000	6.0500
67	66	2	6.7000	6.0500
67	66	3	6.6000	6.0500
67	66	4	6.5000	6.0500
67	66	5	6.4000	6.0500
67	66	6	6.3000	6.0500
67	66	7	6.2000	6.0500
67	66	8	6.1000	6.0500
67	66	9	6.0000	6.0500
67	77	0	7.0500	6.1000
67	77	1	7.0500	6.2000
67	77	2	7.0500	6.3000
67	77	3	7.0500	6.4000
67	77	4	7.0500	6.5000
67	77	5	7.0500	6.6000
67	77	6	7.0500	6.7000
67	77	7	7.0500	6.8000
67	77	8	7.0500	6.9000
67	77	9	7.0500	7.0000
67	57	0	6.9500	5.9000
67	57	1	6.9500	5.8000
67	57	2	6.9500	5.7000
67	57	3	6.9500	5.6000
67	57	4	6.9500	5.5000
67	57	5	6.9500	5.4000
67	57	6	6.9500	5.3000
67	57	7	6.9500	5.2000
67	57	8	6.9500	5.1000
67	57	9	6.9500	5.0000
68	69	0	8.1000	5.9500
68	69	1	8.2000	5.9500
68	69	2	8.3000	5.9500
68	69	3	8.4000	5.9500
68	69	4	8.5000	5.9500
68	69	5	8.6000	5.9500
68	69	6	8.7000	5.9500
68	69	7	8.8000	5.9500
68	69	8	8.9000	5.9500
68	69	9	9.0000	5.9500
68	67	0	7.9000	6.0500
68	67	1	7.8000	6.0500
68	67	2	7.7000	6.0500
68	67	3	7.6000	6.0500
68	67	4	7.5000	6.0500
68	67	5	7.4000	6.0500
68	67	6	7.3000	6.0500
68	67	7	7.2000	6.0500
68	67	8	7.1000	6.0500
68	67	9	7.0000	6.0500
68	78	0	8.0500	6.1000
68	78	1	8.0500	6.2000
68	78	2	8.0500	6.3000
68	78	3	8.0500	6.4000
68	78	4	8.0500	6.5000
68	78	5	8.0500	6.6000
68	78	6	8.0500	6.7000
68	78	7	8.0500	6.8000
68	78	8	8.0500	6.9000
68	78	9	8.0500	7.0000
68	58	0	7.9500	5.9000
68	58	1	7.9500	5.8000
68	58	2	7.9500	5.7000
68	58	3	7.9500	5.6000
68	58	4	7.9500	5.5000
68	58	5	7.9500	5.4000
68	58	6	7.9500	5.3000
68	58	7	7.9500	5.2000
68	58	8	7.9500	5.1000
68	58	9	7.9500	5.0000
69	68	0	8.9000	6.0500
69	68	1	8.8000	6.0500
69	68	2	8.7000	6.0500
69	68	3	8.6000	6.0500
69	68	4	8.5000	6.0500
69	68	5	8.4000	6.0500
69	68	6	8.3000	6.0500
69	68	7	8.2000	6.0500
69	68	8	8.1000	6.0500
69	68	9	8.0000	6.0500
69	79	0	9.0500	6.1000
69	79	1	9.0500	6.2000
69	79	2	9.0500	6.3000
69	79	3	9.0500	6.4000
69	79	4	9.0500	6.5000
69	79	5	9.0500	6.6000
69	79	6	9.0500	6.7000
69	79	7	9.0500	6.8000
69	79	8	9.0500	6.9000
69	79	9	9.0500	7.0000
69	59	0	8.9500	5.9000
69	59	1	8.9500	5.8000
69	59	2	8.9500	5.7000
69	59	3	8.9500	5.6000
69	59	4	8.9500	5.5000
69	59	5	8.9500	5.4000
69	59	6	8.9500	5.3000
69	59	7	8.9500	5.2000
69	59	8	8.9500	5.1000
69	59	9	8.9500	5.0000
70	71	0	0.1000	6.9500
70	71	1	0.2000	6.9500
70	71	2	0.3000	6.9500
70	71	3	0.4000	6.9500
70	71	4	0.5000	6.9500
70	71	5	0.6000	6.9500
70	71	6	0.7000	6.9500
70	71	7	0.8000	6.9500
70	71	8	0.9000	6.9500
70	71	9	1.0000	6.9500
70	80	0	0.0500	7.1000
70	80	1	0.0500	7.2000
70	80	2	0.0500	7.3000
70	80	3	0.0500	7.4000
70	80	4	0.0500	7.5000
70	80	5	0.0500	7.6000
70	80	6	0.0500	7.7000
70	80	7	0.0500	7.8000
70	80	8	0.0500	7.9000
70	80	9	0.0500	8.0000
70	60	0	-0.0500	6.9000
70	60	1	-0.0500	6.8000
70	60	2	-0.0500	6.7000
70	60	3	-0.0500	6.6000
70	60	4	-0.0500	6.5000
70	60	5	-0.0500	6.4000
70	60	6	-0.0500	6.3000
70	60	7	-0.0500	6.2000
70	60	8	-0.0500	6.1000
70	60	9	-0.0500	6.0000
71	72	0	1.1000	6.9500
71	72	1	1.2000	6.9500
71	72	2	1.3000	6.9500
71	72	3	1.4000	6.9500
71	72	4	1.5000	6.9500
71	72	5	1.6000	6.9500
71	72	6	1.7000	6.9500
71	72	7	1.8000	6.9500
71	72	8	1.9000	6.9500
71	72	9	2.0000	6.9500
71	70	0	0.9000	7.0500
71	70	1	0.8000	7.0500
71	70	2	0.7000	7.0500
71	70	3	0.6000	7.0500
71	70	4	0.5000	7.0500
71	70	5	0.4000	7.0500
71	70	6	0.3000	7.0500
71	70	7	0.2000	7.0500
71	70	8	0.1000	7.0500
71	70	9	0.0000	7.0500
71	81	0	1.0500	7.1000
71	81	1	1.0500	7.2000
71	81	2	1.0500	7.3000
71	81	3	1.0500	7.4000
71	81	4	1.0500	7.5000
71	81	5	1.0500	7.6000
71	81	6	1.0500	7.7000
71	81	7	1.0500	7.8000
71	81	8	1.0500	7.9000
71	81	9	1.0500	8.0000
71	61	0	0.9500	6.9000
71	61	1	0.9500	6.8000
71	61	2	0.9500	6.7000
71	61	3	0.9500	6.6000
71	61	4	0.9500	6.5000
71	61	5	0.9500	6.4000
71	61	6	0.9500	6.3000
71	61	7	0.9500	6.2000
71	61	8	0.9500	6.1000
71	61	9	0.9500	6.0000
72	73	0	2.1000	6.9500
72	73	1	2.2000	6.9500
72	73	2	2.3000	6.9500
72	73	3	2.4000	6.9500
72	73	4	2.5000	6.9500
72	73	5	2.6000	6.9500
72	73	6	2.7000	6.9500
72	73	7	2.8000	6.9500
72	73	8	2.9000	6.9500
72	73	9	3.0000	6.9500
72	71	0	1.9000	7.0500
72	71	1	1.8000	7.0500
72	71	2	1.7000	7.0500
72	71	3	1.6000	7.0500
72	71	4	1.5000	7.0500
72	71	5	1.4000	7.0500
72	71	6	1.3000	7.0500
72	71	7	1.2000	7.0500
72	71	8	1.1000	7.0500
72	71	9	1.0000	7.0500
72	82	0	2.0500	7.1000
72	82	1	2.0500	7.2000
72	82	2	2.0500	7.3000
72	82	3	2.0500	7.4000
72	82	4	2.0500	7.5000
72	82	5	2.0500	7.6000
72	82	6	2.0500	7.7000
72	82	7	2.0500	7.8000
72	82	8	2.0500	7.9000
72	82	9	2.0500	8.0000
72	62	0	1.9500	6.9000
72	62	1	1.9500	6.8000
72	62	2	1.9500	6.7000
72	62	3	1.9500	6.6000
72	62	4	1.9500	6.5000
72	62	5	1.9500	6.4000
72	62	6	1.9500	6.3000
72	62	7	1.9500	6.2000
72	62	8	1.9500	6.1000
72	62	9	1.9500	6.0000
73	74	0	3.1000	6.9500
73	74	1	3.2000	6.9500
73	74	2	3.3000	6.9500
73	74	3	3.4000	6.9500
73	74	4	3.5000	6.9500
73	74	5	3.6000	6.9500
73	74	6	3.7000	6.9500
73	74	7	3.8000	6.9500
73	74	8	3.9000	6.9500
73	74	9	4.0000	6.9500
73	72	0	2.9000	7.0500
73	72	1	2.8000	7.0500
73	72	2	2.7000	7.0500
73	72	3	2.6000	7.0500
73	72	4	2.5000	7.0500
73	72	5	2.4000	7.0500
73	72	6	2.3000	7.0500
73	72	7	2.2000	7.0500
73	72	8	2.1000	7.0500
73	72	9	2.0000	7.0500
73	83	0	3.0500	7.1000
73	83	1	3.0500	7.2000
73	83	2	3.0500	7.3000
73	83	3	3.0500	7.4000
73	83	4	3.0500	7.5000
73	83	5	3.0500	7.6000
73	83	6	3.0500	7.7000
73	83	7	3.0500	7.8000
73	83	8	3.0500	7.9000
73	83	9	3.0500	8.0000
73	63	0	2.9500	6.9000
73	63	1	2.9500	6.8000
73	63	2	2.9500	6.7000
73	63	3	2.9500	6.6000
73	63	4	2.9500	6.5000
73	63	5	2.9500	6.4000
73	63	6	2.9500	6.3000
73	63	7	2.9500	6.2000
73	63	8	2.9500	6.1000
73	63	9	2.9500	6.0000
74	75	0	4.1000	6.9500
74	75	1	4.2000	6.9500
74	75	2	4.3000	6.9500
74	75	3	4.4000	6.9500
74	75	4	4.5000	6.9500
74	75	5	4.6000	6.9500
74	75	6	4.7000	6.9500
74	75	7	4.8000	6.9500
74	75	8	4.9000	6.9500
74	75	9	5.0000	6.9500
74	73	0	3.9000	7.0500
74	73	1	3.8000	7.0500
74	73	2	3.7000	7.0500
74	73	3	3.6000	7.0500
74	73	4	3.5000	7.0500
74	73	5	3.4000	7.0500
74	73	6	3.3000	7.0500
74	73	7	3.2000	7.0500
74	73	8	3.1000	7.0500
74	73	9	3.0000	7.0500
74	84	0	4.0500	7.1000
74	84	1	4.0500	7.2000
74	84	2	4.0500	7.3000
74	84	3	4.0500	7.4000
74	84	4	4.0500	7.5000
74	84	5	4.0500	7.6000
74	84	6	4.0500	7.7000
74	84	7	4.0500	7.8000
74	84	8	4.0500	7.9000
74	84	9	4.0500	8.0000
74	64	0	3.9500	6.9000
74	64	1	3.9500	6.8000
74	64	2	3.9500	6.7000
74	64	3	3.9500	6.6000
74	64	4	3.9500	6.5000
74	64	5	3.9500	6.4000
74	64	6	3.9500	6.3000
74	64	7	3.9500	6.2000
74	64	8	3.9500	6.1000
74	64	9	3.9500	6.0000
75	76	0	5.1000	6.9500
75	76	1	5.2000	6.9500
75	76	2	5.3000	6.9500
75	76	3	5.4000	6.9500
75	76	4	5.5000	6.9500
75	76	5	5.6000	6.9500
75	76	6	5.7000	6.9500
75	76	7	5.8000	6.9500
75	76	8	5.9000	6.9500
75	76	9	6.0000	6.9500
75	74	0	4.9000	7.0500
75	74	1	4.8000	7.0500
75	74	2	4.7000	7.0500
75	74	3	4.6000	7.0500
75	74	4	4.5000	7.0500
75	74	5	4.4000	7.0500
75	74	6	4.3000	7.0500
75	74	7	4.2000	7.0500
75	74	8	4.1000	7.0500
75	74	9	4.0000	7.0500
75	85	0	5.0500	7.1000
75	85	1	5.0500	7.2000
75	85	2	5.0500	7.3000
75	85	3	5.0500	7.4000
75	85	4	5.0500	7.5000
75	85	5	5.0500	7.6000
75	85	6	5.0500	7.7000
75	85	7	5.0500	7.8000
75	85	8	5.0500	7.9000
75	85	9	5.0500	8.0000
75	65	0	4.9500	6.9000
75	65	1	4.9500	6.8000
75	65	2	4.9500	6.7000
75	65	3	4.9500	6.6000
75	65	4	4.9500	6.5000
75	65	5	4.9500	6.4000
75	65	6	4.9500	6.3000
75	65	7	4.9500	6.2000
75	65	8	4.9500	6.1000
75	65	9	4.9500	6.0000
76	77	0	6.1000	6.9500
76	77	1	6.2000	6.9500
76	77	2	6.3000	6.9500
76	77	3	6.4000	6.9500
76	77	4	6.5000	6.9500
76	77	5	6.6000	6.9500
76	77	6	6.7000	6.9500
76	77	7	6.8000	6.9500
76	77	8	6.9000	6.9500
76	77	9	7.0000	6.9500
76	75	0	5.9000	7.0500
76	75	1	5.8000	7.0500
76	75	2	5.7000	7.0500
76	75	3	5.6000	7.0500
76	75	4	5.5000	7.0500
76	75	5	5.4000	7.0500
76	75	6	5.3000	7.0500
76	75	7	5.2000	7.0500
76	75	8	5.1000	7.0500
76	75	9	5.0000	7.0500
76	86	0	6.0500	7.1000
76	86	1	6.0500	7.2000
76	86	2	6.0500	7.3000
76	86	3	6.0500	7.4000
76	86	4	6.0500	7.5000
76	86	5	6.0500	7.6000
76	86	6	6.0500	7.7000
76	86	7	6.0500	7.8000
76	86	8	6.0500	7.9000
76	86	9	6.0500	8.0000
76	66	0	5.9500	6.9000
76	66	1	5.9500	6.8000
76	66	2	5.9500	6.7000
76	66	3	5.9500	6.6000
76	66	4	5.9500	6.5000
76	66	5	5.9500	6.4000
76	66	6	5.9500	6.3000
76	66	7	5.9500	6.2000
76	66	8	5.9500	6.1000
76	66	9	5.9500	6.0000
77	78	0	7.1000	6.9500
77	78	1	7.2000	6.9500
77	78	2	7.3000	6.9500
77	78	3	7.4000	6.9500
77	78	4	7.5000	6.9500
77	78	5	7.6000	6.9500
77	78	6	7.7000	6.9500
77	78	7	7.8000	6.9500
77	78	8	7.9000	6.9500
77	78	9	8.0000	6.9500
77	76	0	6.9000	7.0500
77	76	1	6.8000	7.0500
77	76	2	6.7000	7.0500
77	76	3	6.6000	7.0500
77	76	4	6.5000	7.0500
77	76	5	6.4000	7.0500
77	76	6	6.3000	7.0500
77	76	7	6.2000	7.0500
77	76	8	6.1000	7.0500
77	76	9	6.0000	7.0500
77	87	0	7.0500	7.1000
77	87	1	7.0500	7.2000
77	87	2	7.0500	7.3000
77	87	3	7.0500	7.4000
77	87	4	7.0500	7.5000
77	87	5	7.0500	7.6000
77	87	6	7.0500	7.7000
77	87	7	7.0500	7.8000
77	87	8	7.0500	7.9000
77	87	9	7.0500	8.0000
77	67	0	6.9500	6.9000
77	67	1	6.9500	6.8000
77	67	2	6.9500	6.7000
77	67	3	6.9500	6.6000
77	67	4	6.9500	6.5000
77	67	5	6.9500	6.4000
77	67	6	6.9500	6.3000
77	67	7	6.9500	6.2000
77	67	8	6.9500	6.1000
77	67	9	6.9500	6.0000
78	79	0	8.1000	6.9500
78	79	1	8.2000	6.9500
78	79	2	8.3000	6.9500
78	79	3	8.4000	6.9500
78	79	4	8.5000	6.9500
78	79	5	8.6000	6.9500
78	79	6	8.7000	6.9500
78	79	7	8.8000	6.9500
78	79	8	8.9000	6.9500
78	79	9	9.0000	6.9500
78	77	0	7.9000	7.0500
78	77	1	7.8000	7.0500
78	77	2	7.7000	7.0500
78	77	3	7.6000	7.0500
78	77	4	7.5000	7.0500
78	77	5	7.4000	7.0500
78	77	6	7.3000	7.0500
78	77	7	7.2000	7.0500
78	77	8	7.1000	7.0500
78	77	9	7.0000	7.0500
78	88	0	8.0500	7.1000
78	88	1	8.0500	7.2000
78	88	2	8.0500	7.3000
78	88	3	8.0500	7.4000
78	88	4	8.0500	7.5000
78	88	5	8.0500	7.6000
78	88	6	8.0500	7.7000
78	88	7	8.0500	7.8000
78	88	8	8.0500	7.9000
78	88	9	8.0500	8.0000
78	68	0	7.9500	6.9000
78	68	1	7.9500	6.8000
78	68	2	7.9500	6.7000
78	68	3	7.9500	6.6000
78	68	4	7.9500	6.5000
78	68	5	7.9500	6.4000
78	68	6	7.9500	6.3000
78	68	7	7.9500	6.2000
78	68	8	7.9500	6.1000
78	68	9	7.9500	6.0000
79	78	0	8.9000	7.0500
79	78	1	8.8000	7.0500
79	78	2	8.7000	7.0500
79	78	3	8.6000	7.0500
79	78	4	8.5000	7.0500
79	78	5	8.4000	7.0500
79	78	6	8.3000	7.0500
79	78	7	8.2000	7.0500
79	78	8	8.1000	7.0500
79	78	9	8.0000	7.0500
79	89	0	9.0500	7.1000
79	89	1	9.0500	7.2000
79	89	2	9.0500	7.3000
79	89	3	9.0500	7.4000
79	89	4	9.0500	7.5000
79	89	5	9.0500	7.6000
79	89	6	9.0500	7.7000
79	89	7	9.0500	7.8000
79	89	8	9.0500	7.9000
79	89	9	9.0500	8.0000
79	69	0	8.9500	6.9000
79	69	1	8.9500	6.8000
79	69	2	8.9500	6.7000
79	69	3	8.9500	6.6000
79	69	4	8.9500	6.5000
79	69	5	8.9500	6.4000
79	69	6	8.9500	6.3000
79	69	7	8.9500	6.2000
79	69	8	8.9500	6.1000
79	69	9	8.9500	6.0000
80	81	0	0.1000	7.9500
80	81	1	0.2000	7.9500
80	81	2	0.3000	7.9500
80	81	3	0.4000	7.9500
80	81	4	0.5000	7.9500
80	81	5	0.6000	7.9500
80	81	6	0.7000	7.9500
80	81	7	0.8000	7.9500
80	81	8	0.9000	7.9500
80	81	9	1.0000	7.9500
80	90	0	0.0500	8.1000
80	90	1	0.0500	8.2000
80	90	2	0.0500	8.3000
80	90	3	0.0500	8.4000
80	90	4	0.0500	8.5000
80	90	5	0.0500	8.6000
80	90	6	0.0500	8.7000
80	90	7	0.0500	8.8000
80	90	8	0.0500	8.9000
80	90	9	0.0500	9.0000
80	70	0	-0.0500	7.9000
80	70	1	-0.0500	7.8000
80	70	2	-0.0500	7.7000
80	70	3	-0.0500	7.6000
80	70	4	-0.0500	7.5000
80	70	5	-0.0500	7.4000
80	70	6	-0.0500	7.3000
80	70	7	-0.0500	7.2000
80	70	8	-0.0500	7.1000
80	70	9	-0.0500	7.0000
81	82	0	1.1000	7.9500
81	82	1	1.2000	7.9500
81	82	2	1.3000	7.9500
81	82	3	1.4000	7.9500
81	82	4	1.5000	7.9500
81	82	5	1.6000	7.9500
81	82	6	1.7000	7.9500
81	82	7	1.8000	7.9500
81	82	8	1.9000	7.9500
81	82	9	2.0000	7.9500
81	80	0	0.9000	8.0500
81	80	1	0.8000	8.0500
81	80	2	0.7000	8.0500
81	80	3	0.6000	8.0500
81	80	4	0.5000	8.0500
81	80	5	0.4000	8.0500
81	80	6	0.3000	8.0500
81	80	7	0.2000	8.0500
81	80	8	0.1000	8.0500
81	80	9	0.0000	8.0500
81	91	0	1.0500	8.1000
81	91	1	1.0500	8.2000
81	91	2	1.0500	8.3000
81	91	3	1.0500	8.4000
81	91	4	1.0500	8.5000
81	91	5	1.0500	8.6000
81	91	6	1.0500	8.7000
81	91	7	1.0500	8.8000
81	91	8	1.0500	8.9000
81	91	9	1.0500	9.0000
81	71	0	0.9500	7.9000
81	71	1	0.9500	7.8000
81	71	2	0.9500	7.7000
81	71	3	0.9500	7.6000
81	71	4	0.9500	7.5000
81	71	5	0.9500	7.4000
81	71	6	0.9500	7.3000
81	71	7	0.9500	7.2000
81	71	8	0.9500	7.1000
81	71	9	0.9500	7.0000
82	83	0	2.1000	7.9500
82	83	1	2.2000	7.9500
82	83	2	2.3000	7.9500
82	83	3	2.4000	7.9500
82	83	4	2.5000	7.9500
82	83	5	2.6000	7.9500
82	83	6	2.7000	7.9500
82	83	7	2.8000	7.9500
82	83	8	2.9000	7.9500
82	83	9	3.0000	7.9500
82	81	0	1.9000	8.0500
82	81	1	1.8000	8.0500
82	81	2	1.7000	8.0500
82	81	3	1.6000	8.0500
82	81	4	1.5000	8.0500
82	81	5	1.4000	8.0500
82	81	6	1.3000	8.0500
82	81	7	1.2000	8.0500
82	81	8	1.1000	8.0500
82	81	9	1.0000	8.0500
82	92	0	2.0500	8.1000
82	92	1	2.0500	8.2000
82	92	2	2.0500	8.3000
82	92	3	2.0500	8.4000
82	92	4	2.0500	8.5000
82	92	5	2.0500	8.6000
82	92	6	2.0500	8.7000
82	92	7	2.0500	8.8000
82	92	8	2.0500	8.9000
82	92	9	2.0500	9.0000
82	72	0	1.9500	7.9000
82	72	1	1.9500	7.8000
82	72	2	1.9500	7.7000
82	72	3	1.9500	7.6000
82	72	4	1.9500	7.5000
82	72	5	1.9500	7.4000
82	72	6	1.9500	7.3000
82	72	7	1.9500	7.2000
82	72	8	1.9500	7.1000
82	72	9	1.9500	7.0000
83	84	0	3.1000	7.9500
83	84	1	3.2000	7.9500
83	84	2	3.3000	7.9500
83	84	3	3.4000	7.9500
83	84	4	3.5000	7.9500
83	84	5	3.6000	7.9500
83	84	6	3.7000	7.9500
83	84	7	3.8000	7.9500
83	84	8	3.9000	7.9500
83	84	9	4.0000	7.9500
83	82	0	2.9000	8.0500
83	82	1	2.8000	8.0500
83	82	2	2.7000	8.0500
83	82	3	2.6000	8.0500
83	82	4	2.5000	8.0500
83	82	5	2.4000	8.0500
83	82	6	2.3000	8.0500
83	82	7	2.2000	8.0500
83	82	8	2.1000	8.0500
83	82	9	2.0000	8.0500
83	93	0	3.0500	8.1000
83	93	1	3.0500	8.2000
83	93	2	3.0500	8.3000
83	93	3	3.0500	8.4000
83	93	4	3.0500	8.5000
83	93	5	3.0500	8.6000
83	93	6	3.0500	8.7000
83	93	7	3.0500	8.8000
83	93	8	3.0500	8.9000
83	93	9	3.0500	9.0000
83	73	0	2.9500	7.9000
83	73	1	2.9500	7.8000
83	73	2	2.9500	7.7000
83	73	3	2.9500	7.6000
83	73	4	2.9500	7.5000
83	73	5	2.9500	7.4000
83	73	6	2.9500	7.3000
83	73	7	2.9500	7.2000
83	73	8	2.9500	7.1000
83	73	9	2.9500	7.0000
84	85	0	4.1000	7.9500
84	85	1	4.2000	7.9500
84	85	2	4.3000	7.9500
84	85	3	4.4000	7.9500
84	85	4	4.5000	7.9500
84	85	5	4.6000	7.9500
84	85	6	4.7000	7.9500
84	85	7	4.8000	7.9500
84	85	8	4.9000	7.9500
84	85	9	5.0000	7.9500
84	83	0	3.9000	8.0500
84	83	1	3.8000	8.0500
84	83	2	3.7000	8.0500
84	83	3	3.6000	8.0500
84	83	4	3.5000	8.0500
84	83	5	3.4000	8.0500
84	83	6	3.3000	8.0500
84	83	7	3.2000	8.0500
84	83	8	3.1000	8.0500
84	83	9	3.0000	8.0500
84	94	0	4.0500	8.1000
84	94	1	4.0500	8.2000
84	94	2	4.0500	8.3000
84	94	3	4.0500	8.4000
84	94	4	4.0500	8.5000
84	94	5	4.0500	8.6000
84	94	6	4.0500	8.7000
84	94	7	4.0500	8.8000
84	94	8	4.0500	8.9000
84	94	9	4.0500	9.0000
84	74	0	3.9500	7.9000
84	74	1	3.9500	7.8000
84	74	2	3.9500	7.7000
84	74	3	3.9500	7.6000
84	74	4	3.9500	7.5000
84	74	5	3.9500	7.4000
84	74	6	3.9500	7.3000
84	74	7	3.9500	7.2000
84	74	8	3.9500	7.1000
84	74	9	3.9500	7.0000
85	86	0	5.1000	7.9500
85	86	1	5.2000	7.9500
85	86	2	5.3000	7.9500
85	86	3	5.4000	7.9500
85	86	4	5.5000	7.9500
85	86	5	5.6000	7.9500
85	86	6	5.7000	7.9500
85	86	7	5.8000	7.9500
85	86	8	5.9000	7.9500
85	86	9	6.0000	7.9500
85	84	0	4.9000	8.0500
85	84	1	4.8000	8.0500
85	84	2	4.7000	8.0500
85	84	3	4.6000	8.0500
85	84	4	4.5000	8.0500
85	84	5	4.4000	8.0500
85	84	6	4.3000	8.0500
85	84	7	4.2000	8.0500
85	84	8	4.1000	8.0500
85	84	9	4.0000	8.0500
85	95	0	5.0500	8.1000
85	95	1	5.0500	8.2000
85	95	2	5.0500	8.3000
85	95	3	5.0500	8.4000
85	95	4	5.0500	8.5000
85	95	5	5.0500	8.6000
85	95	6	5.0500	8.7000
85	95	7	5.0500	8.8000
85	95	8	5.0500	8.9000
85	95	9	5.0500	9.0000
85	75	0	4.9500	7.9000
85	75	1	4.9500	7.8000
85	75	2	4.9500	7.7000
85	75	3	4.9500	7.6000
85	75	4	4.9500	7.5000
85	75	5	4.9500	7.4000
85	75	6	4.9500	7.3000
85	75	7	4.9500	7.2000
85	75	8	4.9500	7.1000
85	75	9	4.9500	7.0000
86	87	0	6.1000	7.9500
86	87	1	6.2000	7.9500
86	87	2	6.3000	7.9500
86	87	3	6.4000	7.9500
86	87	4	6.5000	7.9500
86	87	5	6.6000	7.9500
86	87	6	6.7000	7.9500
86	87	7	6.8000	7.9500
86	87	8	6.9000	7.9500
86	87	9	7.0000	7.9500
86	85	0	5.9000	8.0500
86	85	1	5.8000	8.0500
86	85	2	5.7000	8.0500
86	85	3	5.6000	8.0500
86	85	4	5.5000	8.0500
86	85	5	5.4000	8.0500
86	85	6	5.3000	8.0500
86	85	7	5.2000	8.0500
86	85	8	5.1000	8.0500
86	85	9	5.0000	8.0500
86	96	0	6.0500	8.1000
86	96	1	6.0500	8.2000
86	96	2	6.0500	8.3000
86	96	3	6.0500	8.4000
86	96	4	6.0500	8.5000
86	96	5	6.0500	8.6000
86	96	6	6.0500	8.7000
86	96	7	6.0500	8.8000
86	96	8	6.0500	8.9000
86	96	9	6.0500	9.0000
86	76	0	5.9500	7.9000
86	76	1	5.9500	7.8000
86	76	2	5.9500	7.7000
86	76	3	5.9500	7.6000
86	76	4	5.9500	7.5000
86	76	5	5.9500	7.4000
86	76	6	5.9500	7.3000
86	76	7	5.9500	7.2000
86	76	8	5.9500	7.1000
86	76	9	5.9500	7.0000
87	88	0	7.1000	7.9500
87	88	1	7.2000	7.9500
87	88	2	7.3000	7.9500
87	88	3	7.4000	7.9500
87	88	4	7.5000	7.9500
87	88	5	7.6000	7.9500
87	88	6	7.7000	7.9500
87	88	7	7.8000	7.9500
87	88	8	7.9000	7.9500
87	88	9	8.0000	7.9500
87	86	0	6.9000	8.0500
87	86	1	6.8000	8.0500
87	86	2	6.7000	8.0500
87	86	3	6.6000	8.0500
87	86	4	6.5000	8.0500
87	86	5	6.4000	8.0500
87	86	6	6.3000	8.0500
87	86	7	6.2000	8.0500
87	86	8	6.1000	8.0500
87	86	9	6.0000	8.0500
87	97	0	7.0500	8.1000
87	97	1	7.0500	8.2000
87	97	2	7.0500	8.3000
87	97	3	7.0500	8.4000
87	97	4	7.0500	8.5000
87	97	5	7.0500	8.6000
87	97	6	7.0500	8.7000
87	97	7	7.0500	8.8000
87	97	8	7.0500	8.9000
87	97	9	7.0500	9.0000
87	77	0	6.9500	7.9000
87	77	1	6.9500	7.8000
87	77	2	6.9500	7.7000
87	77	3	6.9500	7.6000
87	77	4	6.9500	7.5000
87	77	5	6.9500	7.4000
87	77	6	6.9500	7.3000
87	77	7	6.9500	7.2000
87	77	8	6.9500	7.1000
87	77	9	6.9500	7.0000
88	89	0	8.1000	7.9500
88	89	1	8.2000	7.9500
88	89	2	8.3000	7.9500
88	89	3	8.4000	7.9500
88	89	4	8.5000	7.9500
88	89	5	8.6000	7.9500
88	89	6	8.7000	7.9500
88	89	7	8.8000	7.9500
88	89	8	8.9000	7.9500
88	89	9	9.0000	7.9500
88	87	0	7.9000	8.0500
88	87	1	7.8000	8.0500
88	87	2	7.7000	8.0500
88	87	3	7.6000	8.0500
88	87	4	7.5000	8.0500
88	87	5	7.4000	8.0500
88	87	6	7.3000	8.0500
88	87	7	7.2000	8.0500
88	87	8	7.1000	8.0500
88	87	9	7.0000	8.0500
88	98	0	8.0500	8.1000
88	98	1	8.0500	8.2000
88	98	2	8.0500	8.3000
88	98	3	8.0500	8.4000
88	98	4	8.0500	8.5000
88	98	5	8.0500	8.6000
88	98	6	8.0500	8.7000
88	98	7	8.0500	8.8000
88	98	8	8.0500	8.9000
88	98	9	8.0500	9.0000
88	78	0	7.9500	7.9000
88	78	1	7.9500	7.8000
88	78	2	7.9500	7.7000
88	78	3	7.9500	7.6000
88	78	4	7.9500	7.5000
88	78	5	7.9500	7.4000
88	78	6	7.9500	7.3000
88	78	7	7.9500	7.2000
88	78	8	7.9500	7.1000
88	78	9	7.9500	7.0000
89	88	0	8.9000	8.0500
89	88	1	8.8000	8.0500
89	88	2	8.7000	8.0500
89	88	3	8.6000	8.0500
89	88	4	8.5000	8.0500
89	88	5	8.4000	8.0500
89	88	6	8.3000	8.0500
89	88	7	8.2000	8.0500
89	88	8	8.1000	8.0500
89	88	9	8.0000	8.0500
89	99	0	9.0500	8.1000
89	99	1	9.0500	8.2000
89	99	2	9.0500	8.3000
89	99	3	9.0500	8.4000
89	99	4	9.0500	8.5000
89	99	5	9.0500	8.6000
89	99	6	9.0500	8.7000
89	99	7	9.0500	8.8000
89	99	8	9.0500	8.9000
89	99	9	9.0500	9.0000
89	79	0	8.9500	7.9000
89	79	1	8.9500	7.8000
89	79	2	8.9500	7.7000
89	79	3	8.9500	7.6000
89	79	4	8.9500	7.5000
89	79	5	8.9500	7.4000
89	79	6	8.9500	7.3000
89	79	7	8.9500	7.2000
89	79	8	8.9500	7.1000
89	79	9	8.9500	7.0000
90	91	0	0.1000	8.9500
90	91	1	0.2000	8.9500
90	91	2	0.3000	8.9500
90	91	3	0.4000	8.9500
90	91	4	0.5000	8.9500
90	91	5	0.6000	8.9500
90	91	6	0.7000	8.9500
90	91	7	0.8000	8.9500
90	91	8	0.9000	8.9500
90	91	9	1.0000	8.9500
90	80	0	-0.0500	8.9000
90	80	1	-0.0500	8.8000
90	80	2	-0.0500	8.7000
90	80	3	-0.0500	8.6000
90	80	4	-0.0500	8.5000
90	80	5	-0.0500	8.4000
90	80	6	-0.0500	8.3000
90	80	7	-0.0500	8.2000
90	80	8	-0.0500	8.1000
90	80	9	-0.0500	8.0000
91	92	0	1.1000	8.9500
91	92	1	1.2000	8.9500
91	92	2	1.3000	8.9500
91	92	3	1.4000	8.9500
91	92	4	1.5000	8.9500
91	92	5	1.6000	8.9500
91	92	6	1.7000	8.9500
91	92	7	1.8000	8.9500
91	92	8	1.9000	8.9500
91	92	9	2.0000	8.9500
91	90	0	0.9000	9.0500
91	90	1	0.8000	9.0500
91	90	2	0.7000	9.0500
91	90	3	0.6000	9.0500
91	90	4	0.5000	9.0500
91	90	5	0.4000	9.0500
91	90	6	0.3000	9.0500
91	90	7	0.2000	9.0500
91	90	8	0.1000	9.0500
91	90	9	0.0000	9.0500
91	81	0	0.9500	8.9000
91	81	1	0.9500	8.8000
91	81	2	0.9500	8.7000
91	81	3	0.9500	8.6000
91	81	4	0.9500	8.5000
91	81	5	0.9500	8.4000
91	81	6	0.9500	8.3000
91	81	7	0.9500	8.2000
91	81	8	0.9500	8.1000
91	81	9	0.9500	8.0000
92	93	0	2.1000	8.9500
92	93	1	2.2000	8.9500
92	93	2	2.3000	8.9500
92	93	3	2.4000	8.9500
92	93	4	2.5000	8.9500
92	93	5	2.6000	8.9500
92	93	6	2.7000	8.9500
92	93	7	2.8000	8.9500
92	93	8	2.9000	8.9500
92	93	9	3.0000	8.9500
92	91	0	1.9000	9.0500
92	91	1	1.8000	9.0500
92	91	2	1.7000	9.0500
92	91	3	1.6000	9.0500
92	91	4	1.5000	9.0500
92	91	5	1.4000	9.0500
92	91	6	1.3000	9.0500
92	91	7	1.2000	9.0500
92	91	8	1.1000	9.0500
92	91	9	1.0000	9.0500
92	82	0	1.9500	8.9000
92	82	1	1.9500	8.8000
92	82	2	1.9500	8.7000
92	82	3	1.9500	8.6000
92	82	4	1.9500	8.5000
92	82	5	1.9500	8.4000
92	82	6	1.9500	8.3000
92	82	7	1.9500	8.2000
92	82	8	1.9500	8.1000
92	82	9	1.9500	8.0000
93	94	0	3.1000	8.9500
93	94	1	3.2000	8.9500
93	94	2	3.3000	8.9500
93	94	3	3.4000	8.9500
93	94	4	3.5000	8.9500
93	94	5	3.6000	8.9500
93	94	6	3.7000	8.9500
93	94	7	3.8000	8.9500
93	94	8	3.9000	8.9500
93	94	9	4.0000	8.9500
93	92	0	2.9000	9.0500
93	92	1	2.8000	9.0500
93	92	2	2.7000	9.0500
93	92	3	2.6000	9.0500
93	92	4	2.5000	9.0500
93	92	5	2.4000	9.0500
93	92	6	2.3000	9.0500
93	92	7	2.2000	9.0500
93	92	8	2.1000	9.0500
93	92	9	2.0000	9.0500
93	83	0	2.9500	8.9000
93	83	1	2.9500	8.8000
93	83	2	2.9500	8.7000
93	83	3	2.9500	8.6000
93	83	4	2.9500	8.5000
93	83	5	2.9500	8.4000
93	83	6	2.9500	8.3000
93	83	7	2.9500	8.2000
93	83	8	2.9500	8.1000
93	83	9	2.9500	8.0000
94	95	0	4.1000	8.9500
94	95	1	4.2000	8.9500
94	95	2	4.3000	8.9500
94	95	3	4.4000	8.9500
94	95	4	4.5000	8.9500
94	95	5	4.6000	8.9500
94	95	6	4.7000	8.9500
94	95	7	4.8000	8.9500
94	95	8	4.9000	8.9500
94	95	9	5.0000	8.9500
94	93	0	3.9000	9.0500
94	93	1	3.8000	9.0500
94	93	2	3.7000	9.0500
94	93	3	3.6000	9.0500
94	93	4	3.5000	9.0500
94	93	5	3.4000	9.0500
94	93	6	3.3000	9.0500
94	93	7	3.2000	9.0500
94	93	8	3.1000	9.0500
94	93	9	3.0000	9.0500
94	84	0	3.9500	8.9000
94	84	1	3.9500	8.8000
94	84	2	3.9500	8.7000
94	84	3	3.9500	8.6000
94	84	4	3.9500	8.5000
94	84	5	3.9500	8.4000
94	84	6	3.9500	8.3000
94	84	7	3.9500	8.2000
94	84	8	3.9500	8.1000
94	84	9	3.9500	8.0000
95	96	0	5.1000	8.9500
95	96	1	5.2000	8.9500
95	96	2	5.3000	8.9500
95	96	3	5.4000	8.9500
95	96	4	5.5000	8.9500
95	96	5	5.6000	8.9500
95	96	6	5.7000	8.9500
95	96	7	5.8000	8.9500
95	96	8	5.9000	8.9500
95	96	9	6.0000	8.9500
95	94	0	4.9000	9.0500
95	94	1	4.8000	9.0500
95	94	2	4.7000	9.0500
95	94	3	4.6000	9.0500
95	94	4	4.5000	9.0500
95	94	5	4.4000	9.0500
95	94	6	4.3000	9.0500
95	94	7	4.2000	9.0500
95	94	8	4.1000	9.0500
95	94	9	4.0000	9.0500
95	85	0	4.9500	8.9000
95	85	1	4.9500	8.8000
95	85	2	4.9500	8.7000
95	85	3	4.9500	8.6000
95	85	4	4.9500	8.5000
95	85	5	4.9500	8.4000
95	85	6	4.9500	8.3000
95	85	7	4.9500	8.2000
95	85	8	4.9500	8.1000
95	85	9	4.9500	8.0000
96	97	0	6.1000	8.9500
96	97	1	6.2000	8.9500
96	97	2	6.3000	8.9500
96	97	3	6.4000	8.9500
96	97	4	6.5000	8.9500
96	97	5	6.6000	8.9500
96	97	6	6.7000	8.9500
96	97	7	6.8000	8.9500
96	97	8	6.9000	8.9500
96	97	9	7.0000	8.9500
96	95	0	5.9000	9.0500
96	95	1	5.8000	9.0500
96	95	2	5.7000	9.0500
96	95	3	5.6000	9.0500
96	95	4	5.5000	9.0500
96	95	5	5.4000	9.0500
96	95	6	5.3000	9.0500
96	95	7	5.2000	9.0500
96	95	8	5.1000	9.0500
96	95	9	5.0000	9.0500
96	86	0	5.9500	8.9000
96	86	1	5.9500	8.8000
96	86	2	5.9500	8.7000
96	86	3	5.9500	8.6000
96	86	4	5.9500	8.5000
96	86	5	5.9500	8.4000
96	86	6	5.9500	8.3000
96	86	7	5.9500	8.2000
96	86	8	5.9500	8.1000
96	86	9	5.9500	8.0000
97	98	0	7.1000	8.9500
97	98	1	7.2000	8.9500
97	98	2	7.3000	8.9500
97	98	3	7.4000	8.9500
97	98	4	7.5000	8.9500
97	98	5	7.6000	8.9500
97	98	6	7.7000	8.9500
97	98	7	7.8000	8.9500
97	98	8	7.9000	8.9500
97	98	9	8.0000	8.9500
97	96	0	6.9000	9.0500
97	96	1	6.8000	9.0500
97	96	2	6.7000	9.0500
97	96	3	6.6000	9.0500
97	96	4	6.5000	9.0500
97	96	5	6.4000	9.0500
97	96	6	6.3000	9.0500
97	96	7	6.2000	9.0500
97	96	8	6.1000	9.0500
97	96	9	6.0000	9.0500
97	87	0	6.9500	8.9000
97	87	1	6.9500	8.8000
97	87	2	6.9500	8.7000
97	87	3	6.9500	8.6000
97	87	4	6.9500	8.5000
97	87	5	6.9500	8.4000
97	87	6	6.9500	8.3000
97	87	7	6.9500	8.2000
97	87	8	6.9500	8.1000
97	87	9	6.9500	8.0000
98	99	0	8.1000	8.9500
98	99	1	8.2000	8.9500
98	99	2	8.3000	8.9500
98	99	3	8.4000	8.9500
98	99	4	8.5000	8.9500
98	99	5	8.6000	8.9500
98	99	6	8.7000	8.9500
98	99	7	8.8000	8.9500
98	99	8	8.9000	8.9500
98	99	9	9.0000	8.9500
98	97	0	7.9000	9.0500
98	97	1	7.8000	9.0500
98	97	2	7.7000	9.0500
98	97	3	7.6000	9.0500
98	97	4	7.5000	9.0500
98	97	5	7.4000	9.0500
98	97	6	7.3000	9.0500
98	97	7	7.2000	9.0500
98	97	8	7.1000	9.0500
98	97	9	7.0000	9.0500
98	88	0	7.9500	8.9000
98	88	1	7.9500	8.8000
98	88	2	7.9500	8.7000
98	88	3	7.9500	8.6000
98	88	4	7.9500	8.5000
98	88	5	7.9500	8.4000
98	88	6	7.9500	8.3000
98	88	7	7.9500	8.2000
98	88	8	7.9500	8.1000
98	88	9	7.9500	8.0000
99	98	0	8.9000	9.0500
99	98	1	8.8000	9.0500
99	98	2	8.7000	9.0500
99	98	3	8.6000	9.0500
99	98	4	8.5000	9.0500
99	98	5	8.4000	9.0500
99	98	6	8.3000	9.0500
99	98	7	8.2000	9.0500
99	98	8	8.1000	9.0500
99	98	9	8.0000	9.0500
99	89	0	8.9500	8.9000
99	89	1	8.9500	8.8000
99	89	2	8.9500	8.7000
99	89	3	8.9500	8.6000
99	89	4	8.9500	8.5000
99	89	5	8.9500	8.4000
99	89	6	8.9500	8.3000
99	89	7	8.9500	8.2000
99	89	8	8.9500	8.1000
99	89	9	8.9500	8.0000
