0	1	10	0
0	10	10	270
1	2	10	0
1	0	10	180
1	11	10	270
2	3	10	0
2	1	10	180
2	12	10	270
3	4	10	0
3	2	10	180
3	13	10	270
4	5	10	0
4	3	10	180
4	14	10	270
5	6	10	0
5	4	10	180
5	15	10	270
6	7	10	0
6	5	10	180
6	16	10	270
7	8	10	0
7	6	10	180
7	17	10	270
8	9	10	0
8	7	10	180
8	18	10	270
9	8	10	180
9	19	10	270
10	11	10	0
10	20	10	270
10	0	10	90
11	12	10	0
11	10	10	180
11	21	10	270
11	1	10	90
12	13	10	0
12	11	10	180
12	22	10	270
12	2	10	90
13	14	10	0
13	12	10	180
13	23	10	270
13	3	10	90
14	15	10	0
14	13	10	180
14	24	10	270
14	4	10	90
15	16	10	0
15	14	10	180
15	25	10	270
15	5	10	90
16	17	10	0
16	15	10	180
16	26	10	270
16	6	10	90
17	18	10	0
17	16	10	180
17	27	10	270
17	7	10	90
18	19	10	0
18	17	10	180
18	28	10	270
18	8	10	90
19	18	10	180
19	29	10	270
19	9	10	90
20	21	10	0
20	30	10	270
20	10	10	90
21	22	10	0
21	20	10	180
21	31	10	270
21	11	10	90
22	23	10	0
22	21	10	180
22	32	10	270
22	12	10	90
23	24	10	0
23	22	10	180
23	33	10	270
23	13	10	90
24	25	10	0
24	23	10	180
24	34	10	270
24	14	10	90
25	26	10	0
25	24	10	180
25	35	10	270
25	15	10	90
26	27	10	0
26	25	10	180
26	36	10	270
26	16	10	90
27	28	10	0
27	26	10	180
27	37	10	270
27	17	10	90
28	29	10	0
28	27	10	180
28	38	10	270
28	18	10	90
29	28	10	180
29	39	10	270
29	19	10	90
30	31	10	0
30	40	10	270
30	20	10	90
31	32	10	0
31	30	10	180
31	41	10	270
31	21	10	90
32	33	10	0
32	31	10	180
32	42	10	270
32	22	10	90
33	34	10	0
33	32	10	180
33	43	10	270
33	23	10	90
34	35	10	0
34	33	10	180
34	44	10	270
34	24	10	90
35	36	10	0
35	34	10	180
35	45	10	270
35	25	10	90
36	37	10	0
36	35	10	180
36	46	10	270
36	26	10	90
37	38	10	0
37	36	10	180
37	47	10	270
37	27	10	90
38	39	10	0
38	37	10	180
38	48	10	270
38	28	10	90
39	38	10	180
39	49	10	270
39	29	10	90
40	41	10	0
40	50	10	270
40	30	10	90
41	42	10	0
41	40	10	180
41	51	10	270
41	31	10	90
42	43	10	0
42	41	10	180
42	52	10	270
42	32	10	90
43	44	10	0
43	42	10	180
43	53	10	270
43	33	10	90
44	45	10	0
44	43	10	180
44	54	10	270
44	34	10	90
45	46	10	0
45	44	10	180
45	55	10	270
45	35	10	90
46	47	10	0
46	45	10	180
46	56	10	270
46	36	10	90
47	48	10	0
47	46	10	180
47	57	10	270
47	37	10	90
48	49	10	0
48	47	10	180
48	58	10	270
48	38	10	90
49	48	10	180
49	59	10	270
49	39	10	90
50	51	10	0
50	60	10	270
50	40	10	90
51	52	10	0
51	50	10	180
51	61	10	270
51	41	10	90
52	53	10	0
52	51	10	180
52	62	10	270
52	42	10	90
53	54	10	0
53	52	10	180
53	63	10	270
53	43	10	90
54	55	10	0
54	53	10	180
54	64	10	270
54	44	10	90
55	56	10	0
55	54	10	180
55	65	10	270
55	45	10	90
56	57	10	0
56	55	10	180
56	66	10	270
56	46	10	90
57	58	10	0
57	56	10	180
57	67	10	270
57	47	10	90
58	59	10	0
58	57	10	180
58	68	10	270
58	48	10	90
59	58	10	180
59	69	10	270
59	49	10	90
60	61	10	0
60	70	10	270
60	50	10	90
61	62	10	0
61	60	10	180
61	71	10	270
61	51	10	90
62	63	10	0
62	61	10	180
62	72	10	270
62	52	10	90
63	64	10	0
63	62	10	180
63	73	10	270
63	53	10	90
64	65	10	0
64	63	10	180
64	74	10	270
64	54	10	90
65	66	10	0
65	64	10	180
65	75	10	270
65	55	10	90
66	67	10	0
66	65	10	180
66	76	10	270
66	56	10	90
67	68	10	0
67	66	10	180
67	77	10	270
67	57	10	90
68	69	10	0
68	67	10	180
68	78	10	270
68	58	10	90
69	68	10	180
69	79	10	270
69	59	10	90
70	71	10	0
70	80	10	270
70	60	10	90
71	72	10	0
71	70	10	180
71	81	10	270
71	61	10	90
72	73	10	0
72	71	10	180
72	82	10	270
72	62	10	90
73	74	10	0
73	72	10	180
73	83	10	270
73	63	10	90
74	75	10	0
74	73	10	180
74	84	10	270
74	64	10	90
75	76	10	0
75	74	10	180
75	85	10	270
75	65	10	90
76	77	10	0
76	75	10	180
76	86	10	270
76	66	10	90
77	78	10	0
77	76	10	180
77	87	10	270
77	67	10	90
78	79	10	0
78	77	10	180
78	88	10	270
78	68	10	90
79	78	10	180
79	89	10	270
79	69	10	90
80	81	10	0
80	90	10	270
80	70	10	90
81	82	10	0
81	80	10	180
81	91	10	270
81	71	10	90
82	83	10	0
82	81	10	180
82	92	10	270
82	72	10	90
83	84	10	0
83	82	10	180
83	93	10	270
83	73	10	90
84	85	10	0
84	83	10	180
84	94	10	270
84	74	10	90
85	86	10	0
85	84	10	180
85	95	10	270
85	75	10	90
86	87	10	0
86	85	10	180
86	96	10	270
86	76	10	90
87	88	10	0
87	86	10	180
87	97	10	270
87	77	10	90
88	89	10	0
88	87	10	180
88	98	10	270
88	78	10	90
89	88	10	180
89	99	10	270
89	79	10	90
90	91	10	0
90	80	10	90
91	92	10	0
91	90	10	180
91	81	10	90
92	93	10	0
92	91	10	180
92	82	10	90
93	94	10	0
93	92	10	180
93	83	10	90
94	95	10	0
94	93	10	180
94	84	10	90
95	96	10	0
95	94	10	180
95	85	10	90
96	97	10	0
96	95	10	180
96	86	10	90
97	98	10	0
97	96	10	180
97	87	10	90
98	99	10	0
98	97	10	180
98	88	10	90
99	98	10	180
99	89	10	90
