3	2	0	3.9900	2.0500
3	2	1	3.9800	2.0500
3	2	2	3.9700	2.0500
3	2	3	3.9600	2.0500
3	2	4	3.9500	2.0500
3	2	5	3.9400	2.0500
3	2	6	3.9300	2.0500
3	2	7	3.9200	2.0500
3	2	8	3.9100	2.0500
3	2	9	3.9000	2.0500
3	2	10	3.8900	2.0500
3	2	11	3.8800	2.0500
3	2	12	3.8700	2.0500
3	2	13	3.8600	2.0500
3	2	14	3.8500	2.0500
3	2	15	3.8400	2.0500
3	2	16	3.8300	2.0500
3	2	17	3.8200	2.0500
3	2	18	3.8100	2.0500
3	2	19	3.8000	2.0500
3	2	20	3.7900	2.0500
3	2	21	3.7800	2.0500
3	2	22	3.7700	2.0500
3	2	23	3.7600	2.0500
3	2	24	3.7500	2.0500
3	2	25	3.7400	2.0500
3	2	26	3.7300	2.0500
3	2	27	3.7200	2.0500
3	2	28	3.7100	2.0500
3	2	29	3.7000	2.0500
3	2	30	3.6900	2.0500
3	2	31	3.6800	2.0500
3	2	32	3.6700	2.0500
3	2	33	3.6600	2.0500
3	2	34	3.6500	2.0500
3	2	35	3.6400	2.0500
3	2	36	3.6300	2.0500
3	2	37	3.6200	2.0500
3	2	38	3.6100	2.0500
3	2	39	3.6000	2.0500
3	2	40	3.5900	2.0500
3	2	41	3.5800	2.0500
3	2	42	3.5700	2.0500
3	2	43	3.5600	2.0500
3	2	44	3.5500	2.0500
3	2	45	3.5400	2.0500
3	2	46	3.5300	2.0500
3	2	47	3.5200	2.0500
3	2	48	3.5100	2.0500
3	2	49	3.5000	2.0500
3	2	50	3.4900	2.0500
3	2	51	3.4800	2.0500
3	2	52	3.4700	2.0500
3	2	53	3.4600	2.0500
3	2	54	3.4500	2.0500
3	2	55	3.4400	2.0500
3	2	56	3.4300	2.0500
3	2	57	3.4200	2.0500
3	2	58	3.4100	2.0500
3	2	59	3.4000	2.0500
3	2	60	3.3900	2.0500
3	2	61	3.3800	2.0500
3	2	62	3.3700	2.0500
3	2	63	3.3600	2.0500
3	2	64	3.3500	2.0500
3	2	65	3.3400	2.0500
3	2	66	3.3300	2.0500
3	2	67	3.3200	2.0500
3	2	68	3.3100	2.0500
3	2	69	3.3000	2.0500
3	2	70	3.2900	2.0500
3	2	71	3.2800	2.0500
3	2	72	3.2700	2.0500
3	2	73	3.2600	2.0500
3	2	74	3.2500	2.0500
3	2	75	3.2400	2.0500
3	2	76	3.2300	2.0500
3	2	77	3.2200	2.0500
3	2	78	3.2100	2.0500
3	2	79	3.2000	2.0500
3	2	80	3.1900	2.0500
3	2	81	3.1800	2.0500
3	2	82	3.1700	2.0500
3	2	83	3.1600	2.0500
3	2	84	3.1500	2.0500
3	2	85	3.1400	2.0500
3	2	86	3.1300	2.0500
3	2	87	3.1200	2.0500
3	2	88	3.1100	2.0500
3	2	89	3.1000	2.0500
3	2	90	3.0900	2.0500
3	2	91	3.0800	2.0500
3	2	92	3.0700	2.0500
3	2	93	3.0600	2.0500
3	2	94	3.0500	2.0500
3	2	95	3.0400	2.0500
3	2	96	3.0300	2.0500
3	2	97	3.0200	2.0500
3	2	98	3.0100	2.0500
3	2	99	3.0000	2.0500
3	2	100	2.9900	2.0500
3	2	101	2.9800	2.0500
3	2	102	2.9700	2.0500
3	2	103	2.9600	2.0500
3	2	104	2.9500	2.0500
3	2	105	2.9400	2.0500
3	2	106	2.9300	2.0500
3	2	107	2.9200	2.0500
3	2	108	2.9100	2.0500
3	2	109	2.9000	2.0500
3	2	110	2.8900	2.0500
3	2	111	2.8800	2.0500
3	2	112	2.8700	2.0500
3	2	113	2.8600	2.0500
3	2	114	2.8500	2.0500
3	2	115	2.8400	2.0500
3	2	116	2.8300	2.0500
3	2	117	2.8200	2.0500
3	2	118	2.8100	2.0500
3	2	119	2.8000	2.0500
3	2	120	2.7900	2.0500
3	2	121	2.7800	2.0500
3	2	122	2.7700	2.0500
3	2	123	2.7600	2.0500
3	2	124	2.7500	2.0500
3	2	125	2.7400	2.0500
3	2	126	2.7300	2.0500
3	2	127	2.7200	2.0500
3	2	128	2.7100	2.0500
3	2	129	2.7000	2.0500
3	2	130	2.6900	2.0500
3	2	131	2.6800	2.0500
3	2	132	2.6700	2.0500
3	2	133	2.6600	2.0500
3	2	134	2.6500	2.0500
3	2	135	2.6400	2.0500
3	2	136	2.6300	2.0500
3	2	137	2.6200	2.0500
3	2	138	2.6100	2.0500
3	2	139	2.6000	2.0500
3	2	140	2.5900	2.0500
3	2	141	2.5800	2.0500
3	2	142	2.5700	2.0500
3	2	143	2.5600	2.0500
3	2	144	2.5500	2.0500
3	2	145	2.5400	2.0500
3	2	146	2.5300	2.0500
3	2	147	2.5200	2.0500
3	2	148	2.5100	2.0500
3	2	149	2.5000	2.0500
3	2	150	2.4900	2.0500
3	2	151	2.4800	2.0500
3	2	152	2.4700	2.0500
3	2	153	2.4600	2.0500
3	2	154	2.4500	2.0500
3	2	155	2.4400	2.0500
3	2	156	2.4300	2.0500
3	2	157	2.4200	2.0500
3	2	158	2.4100	2.0500
3	2	159	2.4000	2.0500
3	2	160	2.3900	2.0500
3	2	161	2.3800	2.0500
3	2	162	2.3700	2.0500
3	2	163	2.3600	2.0500
3	2	164	2.3500	2.0500
3	2	165	2.3400	2.0500
3	2	166	2.3300	2.0500
3	2	167	2.3200	2.0500
3	2	168	2.3100	2.0500
3	2	169	2.3000	2.0500
3	2	170	2.2900	2.0500
3	2	171	2.2800	2.0500
3	2	172	2.2700	2.0500
3	2	173	2.2600	2.0500
3	2	174	2.2500	2.0500
3	2	175	2.2400	2.0500
3	2	176	2.2300	2.0500
3	2	177	2.2200	2.0500
3	2	178	2.2100	2.0500
3	2	179	2.2000	2.0500
3	2	180	2.1900	2.0500
3	2	181	2.1800	2.0500
3	2	182	2.1700	2.0500
3	2	183	2.1600	2.0500
3	2	184	2.1500	2.0500
3	2	185	2.1400	2.0500
3	2	186	2.1300	2.0500
3	2	187	2.1200	2.0500
3	2	188	2.1100	2.0500
3	2	189	2.1000	2.0500
3	2	190	2.0900	2.0500
3	2	191	2.0800	2.0500
3	2	192	2.0700	2.0500
3	2	193	2.0600	2.0500
3	2	194	2.0500	2.0500
3	2	195	2.0400	2.0500
3	2	196	2.0300	2.0500
3	2	197	2.0200	2.0500
3	2	198	2.0100	2.0500
3	2	199	2.0000	2.0500
2	1	0	1.9900	2.0500
2	1	1	1.9800	2.0500
2	1	2	1.9700	2.0500
2	1	3	1.9600	2.0500
2	1	4	1.9500	2.0500
2	1	5	1.9400	2.0500
2	1	6	1.9300	2.0500
2	1	7	1.9200	2.0500
2	1	8	1.9100	2.0500
2	1	9	1.9000	2.0500
2	1	10	1.8900	2.0500
2	1	11	1.8800	2.0500
2	1	12	1.8700	2.0500
2	1	13	1.8600	2.0500
2	1	14	1.8500	2.0500
2	1	15	1.8400	2.0500
2	1	16	1.8300	2.0500
2	1	17	1.8200	2.0500
2	1	18	1.8100	2.0500
2	1	19	1.8000	2.0500
2	1	20	1.7900	2.0500
2	1	21	1.7800	2.0500
2	1	22	1.7700	2.0500
2	1	23	1.7600	2.0500
2	1	24	1.7500	2.0500
2	1	25	1.7400	2.0500
2	1	26	1.7300	2.0500
2	1	27	1.7200	2.0500
2	1	28	1.7100	2.0500
2	1	29	1.7000	2.0500
2	1	30	1.6900	2.0500
2	1	31	1.6800	2.0500
2	1	32	1.6700	2.0500
2	1	33	1.6600	2.0500
2	1	34	1.6500	2.0500
2	1	35	1.6400	2.0500
2	1	36	1.6300	2.0500
2	1	37	1.6200	2.0500
2	1	38	1.6100	2.0500
2	1	39	1.6000	2.0500
2	1	40	1.5900	2.0500
2	1	41	1.5800	2.0500
2	1	42	1.5700	2.0500
2	1	43	1.5600	2.0500
2	1	44	1.5500	2.0500
2	1	45	1.5400	2.0500
2	1	46	1.5300	2.0500
2	1	47	1.5200	2.0500
2	1	48	1.5100	2.0500
2	1	49	1.5000	2.0500
2	1	50	1.4900	2.0500
2	1	51	1.4800	2.0500
2	1	52	1.4700	2.0500
2	1	53	1.4600	2.0500
2	1	54	1.4500	2.0500
2	1	55	1.4400	2.0500
2	1	56	1.4300	2.0500
2	1	57	1.4200	2.0500
2	1	58	1.4100	2.0500
2	1	59	1.4000	2.0500
2	1	60	1.3900	2.0500
2	1	61	1.3800	2.0500
2	1	62	1.3700	2.0500
2	1	63	1.3600	2.0500
2	1	64	1.3500	2.0500
2	1	65	1.3400	2.0500
2	1	66	1.3300	2.0500
2	1	67	1.3200	2.0500
2	1	68	1.3100	2.0500
2	1	69	1.3000	2.0500
2	1	70	1.2900	2.0500
2	1	71	1.2800	2.0500
2	1	72	1.2700	2.0500
2	1	73	1.2600	2.0500
2	1	74	1.2500	2.0500
2	1	75	1.2400	2.0500
2	1	76	1.2300	2.0500
2	1	77	1.2200	2.0500
2	1	78	1.2100	2.0500
2	1	79	1.2000	2.0500
2	1	80	1.1900	2.0500
2	1	81	1.1800	2.0500
2	1	82	1.1700	2.0500
2	1	83	1.1600	2.0500
2	1	84	1.1500	2.0500
2	1	85	1.1400	2.0500
2	1	86	1.1300	2.0500
2	1	87	1.1200	2.0500
2	1	88	1.1100	2.0500
2	1	89	1.1000	2.0500
2	1	90	1.0900	2.0500
2	1	91	1.0800	2.0500
2	1	92	1.0700	2.0500
2	1	93	1.0600	2.0500
2	1	94	1.0500	2.0500
2	1	95	1.0400	2.0500
2	1	96	1.0300	2.0500
2	1	97	1.0200	2.0500
2	1	98	1.0100	2.0500
2	1	99	1.0000	2.0500
2	1	100	0.9900	2.0500
2	1	101	0.9800	2.0500
2	1	102	0.9700	2.0500
2	1	103	0.9600	2.0500
2	1	104	0.9500	2.0500
2	1	105	0.9400	2.0500
2	1	106	0.9300	2.0500
2	1	107	0.9200	2.0500
2	1	108	0.9100	2.0500
2	1	109	0.9000	2.0500
2	1	110	0.8900	2.0500
2	1	111	0.8800	2.0500
2	1	112	0.8700	2.0500
2	1	113	0.8600	2.0500
2	1	114	0.8500	2.0500
2	1	115	0.8400	2.0500
2	1	116	0.8300	2.0500
2	1	117	0.8200	2.0500
2	1	118	0.8100	2.0500
2	1	119	0.8000	2.0500
2	1	120	0.7900	2.0500
2	1	121	0.7800	2.0500
2	1	122	0.7700	2.0500
2	1	123	0.7600	2.0500
2	1	124	0.7500	2.0500
2	1	125	0.7400	2.0500
2	1	126	0.7300	2.0500
2	1	127	0.7200	2.0500
2	1	128	0.7100	2.0500
2	1	129	0.7000	2.0500
2	1	130	0.6900	2.0500
2	1	131	0.6800	2.0500
2	1	132	0.6700	2.0500
2	1	133	0.6600	2.0500
2	1	134	0.6500	2.0500
2	1	135	0.6400	2.0500
2	1	136	0.6300	2.0500
2	1	137	0.6200	2.0500
2	1	138	0.6100	2.0500
2	1	139	0.6000	2.0500
2	1	140	0.5900	2.0500
2	1	141	0.5800	2.0500
2	1	142	0.5700	2.0500
2	1	143	0.5600	2.0500
2	1	144	0.5500	2.0500
2	1	145	0.5400	2.0500
2	1	146	0.5300	2.0500
2	1	147	0.5200	2.0500
2	1	148	0.5100	2.0500
2	1	149	0.5000	2.0500
2	1	150	0.4900	2.0500
2	1	151	0.4800	2.0500
2	1	152	0.4700	2.0500
2	1	153	0.4600	2.0500
2	1	154	0.4500	2.0500
2	1	155	0.4400	2.0500
2	1	156	0.4300	2.0500
2	1	157	0.4200	2.0500
2	1	158	0.4100	2.0500
2	1	159	0.4000	2.0500
2	1	160	0.3900	2.0500
2	1	161	0.3800	2.0500
2	1	162	0.3700	2.0500
2	1	163	0.3600	2.0500
2	1	164	0.3500	2.0500
2	1	165	0.3400	2.0500
2	1	166	0.3300	2.0500
2	1	167	0.3200	2.0500
2	1	168	0.3100	2.0500
2	1	169	0.3000	2.0500
2	1	170	0.2900	2.0500
2	1	171	0.2800	2.0500
2	1	172	0.2700	2.0500
2	1	173	0.2600	2.0500
2	1	174	0.2500	2.0500
2	1	175	0.2400	2.0500
2	1	176	0.2300	2.0500
2	1	177	0.2200	2.0500
2	1	178	0.2100	2.0500
2	1	179	0.2000	2.0500
2	1	180	0.1900	2.0500
2	1	181	0.1800	2.0500
2	1	182	0.1700	2.0500
2	1	183	0.1600	2.0500
2	1	184	0.1500	2.0500
2	1	185	0.1400	2.0500
2	1	186	0.1300	2.0500
2	1	187	0.1200	2.0500
2	1	188	0.1100	2.0500
2	1	189	0.1000	2.0500
2	1	190	0.0900	2.0500
2	1	191	0.0800	2.0500
2	1	192	0.0700	2.0500
2	1	193	0.0600	2.0500
2	1	194	0.0500	2.0500
2	1	195	0.0400	2.0500
2	1	196	0.0300	2.0500
2	1	197	0.0200	2.0500
2	1	198	0.0100	2.0500
2	1	199	-0.0000	2.0500
1	2	0	0.0100	1.9500
1	2	1	0.0200	1.9500
1	2	2	0.0300	1.9500
1	2	3	0.0400	1.9500
1	2	4	0.0500	1.9500
1	2	5	0.0600	1.9500
1	2	6	0.0700	1.9500
1	2	7	0.0800	1.9500
1	2	8	0.0900	1.9500
1	2	9	0.1000	1.9500
1	2	10	0.1100	1.9500
1	2	11	0.1200	1.9500
1	2	12	0.1300	1.9500
1	2	13	0.1400	1.9500
1	2	14	0.1500	1.9500
1	2	15	0.1600	1.9500
1	2	16	0.1700	1.9500
1	2	17	0.1800	1.9500
1	2	18	0.1900	1.9500
1	2	19	0.2000	1.9500
1	2	20	0.2100	1.9500
1	2	21	0.2200	1.9500
1	2	22	0.2300	1.9500
1	2	23	0.2400	1.9500
1	2	24	0.2500	1.9500
1	2	25	0.2600	1.9500
1	2	26	0.2700	1.9500
1	2	27	0.2800	1.9500
1	2	28	0.2900	1.9500
1	2	29	0.3000	1.9500
1	2	30	0.3100	1.9500
1	2	31	0.3200	1.9500
1	2	32	0.3300	1.9500
1	2	33	0.3400	1.9500
1	2	34	0.3500	1.9500
1	2	35	0.3600	1.9500
1	2	36	0.3700	1.9500
1	2	37	0.3800	1.9500
1	2	38	0.3900	1.9500
1	2	39	0.4000	1.9500
1	2	40	0.4100	1.9500
1	2	41	0.4200	1.9500
1	2	42	0.4300	1.9500
1	2	43	0.4400	1.9500
1	2	44	0.4500	1.9500
1	2	45	0.4600	1.9500
1	2	46	0.4700	1.9500
1	2	47	0.4800	1.9500
1	2	48	0.4900	1.9500
1	2	49	0.5000	1.9500
1	2	50	0.5100	1.9500
1	2	51	0.5200	1.9500
1	2	52	0.5300	1.9500
1	2	53	0.5400	1.9500
1	2	54	0.5500	1.9500
1	2	55	0.5600	1.9500
1	2	56	0.5700	1.9500
1	2	57	0.5800	1.9500
1	2	58	0.5900	1.9500
1	2	59	0.6000	1.9500
1	2	60	0.6100	1.9500
1	2	61	0.6200	1.9500
1	2	62	0.6300	1.9500
1	2	63	0.6400	1.9500
1	2	64	0.6500	1.9500
1	2	65	0.6600	1.9500
1	2	66	0.6700	1.9500
1	2	67	0.6800	1.9500
1	2	68	0.6900	1.9500
1	2	69	0.7000	1.9500
1	2	70	0.7100	1.9500
1	2	71	0.7200	1.9500
1	2	72	0.7300	1.9500
1	2	73	0.7400	1.9500
1	2	74	0.7500	1.9500
1	2	75	0.7600	1.9500
1	2	76	0.7700	1.9500
1	2	77	0.7800	1.9500
1	2	78	0.7900	1.9500
1	2	79	0.8000	1.9500
1	2	80	0.8100	1.9500
1	2	81	0.8200	1.9500
1	2	82	0.8300	1.9500
1	2	83	0.8400	1.9500
1	2	84	0.8500	1.9500
1	2	85	0.8600	1.9500
1	2	86	0.8700	1.9500
1	2	87	0.8800	1.9500
1	2	88	0.8900	1.9500
1	2	89	0.9000	1.9500
1	2	90	0.9100	1.9500
1	2	91	0.9200	1.9500
1	2	92	0.9300	1.9500
1	2	93	0.9400	1.9500
1	2	94	0.9500	1.9500
1	2	95	0.9600	1.9500
1	2	96	0.9700	1.9500
1	2	97	0.9800	1.9500
1	2	98	0.9900	1.9500
1	2	99	1.0000	1.9500
1	2	100	1.0100	1.9500
1	2	101	1.0200	1.9500
1	2	102	1.0300	1.9500
1	2	103	1.0400	1.9500
1	2	104	1.0500	1.9500
1	2	105	1.0600	1.9500
1	2	106	1.0700	1.9500
1	2	107	1.0800	1.9500
1	2	108	1.0900	1.9500
1	2	109	1.1000	1.9500
1	2	110	1.1100	1.9500
1	2	111	1.1200	1.9500
1	2	112	1.1300	1.9500
1	2	113	1.1400	1.9500
1	2	114	1.1500	1.9500
1	2	115	1.1600	1.9500
1	2	116	1.1700	1.9500
1	2	117	1.1800	1.9500
1	2	118	1.1900	1.9500
1	2	119	1.2000	1.9500
1	2	120	1.2100	1.9500
1	2	121	1.2200	1.9500
1	2	122	1.2300	1.9500
1	2	123	1.2400	1.9500
1	2	124	1.2500	1.9500
1	2	125	1.2600	1.9500
1	2	126	1.2700	1.9500
1	2	127	1.2800	1.9500
1	2	128	1.2900	1.9500
1	2	129	1.3000	1.9500
1	2	130	1.3100	1.9500
1	2	131	1.3200	1.9500
1	2	132	1.3300	1.9500
1	2	133	1.3400	1.9500
1	2	134	1.3500	1.9500
1	2	135	1.3600	1.9500
1	2	136	1.3700	1.9500
1	2	137	1.3800	1.9500
1	2	138	1.3900	1.9500
1	2	139	1.4000	1.9500
1	2	140	1.4100	1.9500
1	2	141	1.4200	1.9500
1	2	142	1.4300	1.9500
1	2	143	1.4400	1.9500
1	2	144	1.4500	1.9500
1	2	145	1.4600	1.9500
1	2	146	1.4700	1.9500
1	2	147	1.4800	1.9500
1	2	148	1.4900	1.9500
1	2	149	1.5000	1.9500
1	2	150	1.5100	1.9500
1	2	151	1.5200	1.9500
1	2	152	1.5300	1.9500
1	2	153	1.5400	1.9500
1	2	154	1.5500	1.9500
1	2	155	1.5600	1.9500
1	2	156	1.5700	1.9500
1	2	157	1.5800	1.9500
1	2	158	1.5900	1.9500
1	2	159	1.6000	1.9500
1	2	160	1.6100	1.9500
1	2	161	1.6200	1.9500
1	2	162	1.6300	1.9500
1	2	163	1.6400	1.9500
1	2	164	1.6500	1.9500
1	2	165	1.6600	1.9500
1	2	166	1.6700	1.9500
1	2	167	1.6800	1.9500
1	2	168	1.6900	1.9500
1	2	169	1.7000	1.9500
1	2	170	1.7100	1.9500
1	2	171	1.7200	1.9500
1	2	172	1.7300	1.9500
1	2	173	1.7400	1.9500
1	2	174	1.7500	1.9500
1	2	175	1.7600	1.9500
1	2	176	1.7700	1.9500
1	2	177	1.7800	1.9500
1	2	178	1.7900	1.9500
1	2	179	1.8000	1.9500
1	2	180	1.8100	1.9500
1	2	181	1.8200	1.9500
1	2	182	1.8300	1.9500
1	2	183	1.8400	1.9500
1	2	184	1.8500	1.9500
1	2	185	1.8600	1.9500
1	2	186	1.8700	1.9500
1	2	187	1.8800	1.9500
1	2	188	1.8900	1.9500
1	2	189	1.9000	1.9500
1	2	190	1.9100	1.9500
1	2	191	1.9200	1.9500
1	2	192	1.9300	1.9500
1	2	193	1.9400	1.9500
1	2	194	1.9500	1.9500
1	2	195	1.9600	1.9500
1	2	196	1.9700	1.9500
1	2	197	1.9800	1.9500
1	2	198	1.9900	1.9500
1	2	199	2.0000	1.9500
2	3	0	2.0100	1.9500
2	3	1	2.0200	1.9500
2	3	2	2.0300	1.9500
2	3	3	2.0400	1.9500
2	3	4	2.0500	1.9500
2	3	5	2.0600	1.9500
2	3	6	2.0700	1.9500
2	3	7	2.0800	1.9500
2	3	8	2.0900	1.9500
2	3	9	2.1000	1.9500
2	3	10	2.1100	1.9500
2	3	11	2.1200	1.9500
2	3	12	2.1300	1.9500
2	3	13	2.1400	1.9500
2	3	14	2.1500	1.9500
2	3	15	2.1600	1.9500
2	3	16	2.1700	1.9500
2	3	17	2.1800	1.9500
2	3	18	2.1900	1.9500
2	3	19	2.2000	1.9500
2	3	20	2.2100	1.9500
2	3	21	2.2200	1.9500
2	3	22	2.2300	1.9500
2	3	23	2.2400	1.9500
2	3	24	2.2500	1.9500
2	3	25	2.2600	1.9500
2	3	26	2.2700	1.9500
2	3	27	2.2800	1.9500
2	3	28	2.2900	1.9500
2	3	29	2.3000	1.9500
2	3	30	2.3100	1.9500
2	3	31	2.3200	1.9500
2	3	32	2.3300	1.9500
2	3	33	2.3400	1.9500
2	3	34	2.3500	1.9500
2	3	35	2.3600	1.9500
2	3	36	2.3700	1.9500
2	3	37	2.3800	1.9500
2	3	38	2.3900	1.9500
2	3	39	2.4000	1.9500
2	3	40	2.4100	1.9500
2	3	41	2.4200	1.9500
2	3	42	2.4300	1.9500
2	3	43	2.4400	1.9500
2	3	44	2.4500	1.9500
2	3	45	2.4600	1.9500
2	3	46	2.4700	1.9500
2	3	47	2.4800	1.9500
2	3	48	2.4900	1.9500
2	3	49	2.5000	1.9500
2	3	50	2.5100	1.9500
2	3	51	2.5200	1.9500
2	3	52	2.5300	1.9500
2	3	53	2.5400	1.9500
2	3	54	2.5500	1.9500
2	3	55	2.5600	1.9500
2	3	56	2.5700	1.9500
2	3	57	2.5800	1.9500
2	3	58	2.5900	1.9500
2	3	59	2.6000	1.9500
2	3	60	2.6100	1.9500
2	3	61	2.6200	1.9500
2	3	62	2.6300	1.9500
2	3	63	2.6400	1.9500
2	3	64	2.6500	1.9500
2	3	65	2.6600	1.9500
2	3	66	2.6700	1.9500
2	3	67	2.6800	1.9500
2	3	68	2.6900	1.9500
2	3	69	2.7000	1.9500
2	3	70	2.7100	1.9500
2	3	71	2.7200	1.9500
2	3	72	2.7300	1.9500
2	3	73	2.7400	1.9500
2	3	74	2.7500	1.9500
2	3	75	2.7600	1.9500
2	3	76	2.7700	1.9500
2	3	77	2.7800	1.9500
2	3	78	2.7900	1.9500
2	3	79	2.8000	1.9500
2	3	80	2.8100	1.9500
2	3	81	2.8200	1.9500
2	3	82	2.8300	1.9500
2	3	83	2.8400	1.9500
2	3	84	2.8500	1.9500
2	3	85	2.8600	1.9500
2	3	86	2.8700	1.9500
2	3	87	2.8800	1.9500
2	3	88	2.8900	1.9500
2	3	89	2.9000	1.9500
2	3	90	2.9100	1.9500
2	3	91	2.9200	1.9500
2	3	92	2.9300	1.9500
2	3	93	2.9400	1.9500
2	3	94	2.9500	1.9500
2	3	95	2.9600	1.9500
2	3	96	2.9700	1.9500
2	3	97	2.9800	1.9500
2	3	98	2.9900	1.9500
2	3	99	3.0000	1.9500
2	3	100	3.0100	1.9500
2	3	101	3.0200	1.9500
2	3	102	3.0300	1.9500
2	3	103	3.0400	1.9500
2	3	104	3.0500	1.9500
2	3	105	3.0600	1.9500
2	3	106	3.0700	1.9500
2	3	107	3.0800	1.9500
2	3	108	3.0900	1.9500
2	3	109	3.1000	1.9500
2	3	110	3.1100	1.9500
2	3	111	3.1200	1.9500
2	3	112	3.1300	1.9500
2	3	113	3.1400	1.9500
2	3	114	3.1500	1.9500
2	3	115	3.1600	1.9500
2	3	116	3.1700	1.9500
2	3	117	3.1800	1.9500
2	3	118	3.1900	1.9500
2	3	119	3.2000	1.9500
2	3	120	3.2100	1.9500
2	3	121	3.2200	1.9500
2	3	122	3.2300	1.9500
2	3	123	3.2400	1.9500
2	3	124	3.2500	1.9500
2	3	125	3.2600	1.9500
2	3	126	3.2700	1.9500
2	3	127	3.2800	1.9500
2	3	128	3.2900	1.9500
2	3	129	3.3000	1.9500
2	3	130	3.3100	1.9500
2	3	131	3.3200	1.9500
2	3	132	3.3300	1.9500
2	3	133	3.3400	1.9500
2	3	134	3.3500	1.9500
2	3	135	3.3600	1.9500
2	3	136	3.3700	1.9500
2	3	137	3.3800	1.9500
2	3	138	3.3900	1.9500
2	3	139	3.4000	1.9500
2	3	140	3.4100	1.9500
2	3	141	3.4200	1.9500
2	3	142	3.4300	1.9500
2	3	143	3.4400	1.9500
2	3	144	3.4500	1.9500
2	3	145	3.4600	1.9500
2	3	146	3.4700	1.9500
2	3	147	3.4800	1.9500
2	3	148	3.4900	1.9500
2	3	149	3.5000	1.9500
2	3	150	3.5100	1.9500
2	3	151	3.5200	1.9500
2	3	152	3.5300	1.9500
2	3	153	3.5400	1.9500
2	3	154	3.5500	1.9500
2	3	155	3.5600	1.9500
2	3	156	3.5700	1.9500
2	3	157	3.5800	1.9500
2	3	158	3.5900	1.9500
2	3	159	3.6000	1.9500
2	3	160	3.6100	1.9500
2	3	161	3.6200	1.9500
2	3	162	3.6300	1.9500
2	3	163	3.6400	1.9500
2	3	164	3.6500	1.9500
2	3	165	3.6600	1.9500
2	3	166	3.6700	1.9500
2	3	167	3.6800	1.9500
2	3	168	3.6900	1.9500
2	3	169	3.7000	1.9500
2	3	170	3.7100	1.9500
2	3	171	3.7200	1.9500
2	3	172	3.7300	1.9500
2	3	173	3.7400	1.9500
2	3	174	3.7500	1.9500
2	3	175	3.7600	1.9500
2	3	176	3.7700	1.9500
2	3	177	3.7800	1.9500
2	3	178	3.7900	1.9500
2	3	179	3.8000	1.9500
2	3	180	3.8100	1.9500
2	3	181	3.8200	1.9500
2	3	182	3.8300	1.9500
2	3	183	3.8400	1.9500
2	3	184	3.8500	1.9500
2	3	185	3.8600	1.9500
2	3	186	3.8700	1.9500
2	3	187	3.8800	1.9500
2	3	188	3.8900	1.9500
2	3	189	3.9000	1.9500
2	3	190	3.9100	1.9500
2	3	191	3.9200	1.9500
2	3	192	3.9300	1.9500
2	3	193	3.9400	1.9500
2	3	194	3.9500	1.9500
2	3	195	3.9600	1.9500
2	3	196	3.9700	1.9500
2	3	197	3.9800	1.9500
2	3	198	3.9900	1.9500
2	3	199	4.0000	1.9500
7	4	0	3.0083	3.9945
7	4	1	3.0166	3.9889
7	4	2	3.0249	3.9834
7	4	3	3.0332	3.9778
7	4	4	3.0416	3.9723
7	4	5	3.0499	3.9668
7	4	6	3.0582	3.9612
7	4	7	3.0665	3.9557
7	4	8	3.0748	3.9501
7	4	9	3.0831	3.9446
7	4	10	3.0914	3.9391
7	4	11	3.0997	3.9335
7	4	12	3.1080	3.9280
7	4	13	3.1163	3.9224
7	4	14	3.1247	3.9169
7	4	15	3.1330	3.9114
7	4	16	3.1413	3.9058
7	4	17	3.1496	3.9003
7	4	18	3.1579	3.8947
7	4	19	3.1662	3.8892
7	4	20	3.1745	3.8837
7	4	21	3.1828	3.8781
7	4	22	3.1911	3.8726
7	4	23	3.1994	3.8670
7	4	24	3.2078	3.8615
7	4	25	3.2161	3.8560
7	4	26	3.2244	3.8504
7	4	27	3.2327	3.8449
7	4	28	3.2410	3.8393
7	4	29	3.2493	3.8338
7	4	30	3.2576	3.8283
7	4	31	3.2659	3.8227
7	4	32	3.2742	3.8172
7	4	33	3.2825	3.8116
7	4	34	3.2909	3.8061
7	4	35	3.2992	3.8006
7	4	36	3.3075	3.7950
7	4	37	3.3158	3.7895
7	4	38	3.3241	3.7839
7	4	39	3.3324	3.7784
7	4	40	3.3407	3.7729
7	4	41	3.3490	3.7673
7	4	42	3.3573	3.7618
7	4	43	3.3657	3.7562
7	4	44	3.3740	3.7507
7	4	45	3.3823	3.7452
7	4	46	3.3906	3.7396
7	4	47	3.3989	3.7341
7	4	48	3.4072	3.7285
7	4	49	3.4155	3.7230
7	4	50	3.4238	3.7175
7	4	51	3.4321	3.7119
7	4	52	3.4404	3.7064
7	4	53	3.4488	3.7008
7	4	54	3.4571	3.6953
7	4	55	3.4654	3.6898
7	4	56	3.4737	3.6842
7	4	57	3.4820	3.6787
7	4	58	3.4903	3.6731
7	4	59	3.4986	3.6676
7	4	60	3.5069	3.6620
7	4	61	3.5152	3.6565
7	4	62	3.5235	3.6510
7	4	63	3.5319	3.6454
7	4	64	3.5402	3.6399
7	4	65	3.5485	3.6343
7	4	66	3.5568	3.6288
7	4	67	3.5651	3.6233
7	4	68	3.5734	3.6177
7	4	69	3.5817	3.6122
7	4	70	3.5900	3.6066
7	4	71	3.5983	3.6011
7	4	72	3.6066	3.5956
7	4	73	3.6150	3.5900
7	4	74	3.6233	3.5845
7	4	75	3.6316	3.5789
7	4	76	3.6399	3.5734
7	4	77	3.6482	3.5679
7	4	78	3.6565	3.5623
7	4	79	3.6648	3.5568
7	4	80	3.6731	3.5512
7	4	81	3.6814	3.5457
7	4	82	3.6898	3.5402
7	4	83	3.6981	3.5346
7	4	84	3.7064	3.5291
7	4	85	3.7147	3.5235
7	4	86	3.7230	3.5180
7	4	87	3.7313	3.5125
7	4	88	3.7396	3.5069
7	4	89	3.7479	3.5014
7	4	90	3.7562	3.4958
7	4	91	3.7645	3.4903
7	4	92	3.7729	3.4848
7	4	93	3.7812	3.4792
7	4	94	3.7895	3.4737
7	4	95	3.7978	3.4681
7	4	96	3.8061	3.4626
7	4	97	3.8144	3.4571
7	4	98	3.8227	3.4515
7	4	99	3.8310	3.4460
7	4	100	3.8393	3.4404
7	4	101	3.8476	3.4349
7	4	102	3.8560	3.4294
7	4	103	3.8643	3.4238
7	4	104	3.8726	3.4183
7	4	105	3.8809	3.4127
7	4	106	3.8892	3.4072
7	4	107	3.8975	3.4017
7	4	108	3.9058	3.3961
7	4	109	3.9141	3.3906
7	4	110	3.9224	3.3850
7	4	111	3.9307	3.3795
7	4	112	3.9391	3.3740
7	4	113	3.9474	3.3684
7	4	114	3.9557	3.3629
7	4	115	3.9640	3.3573
7	4	116	3.9723	3.3518
7	4	117	3.9806	3.3463
7	4	118	3.9889	3.3407
7	4	119	3.9972	3.3352
7	4	120	4.0055	3.3296
7	4	121	4.0139	3.3241
7	4	122	4.0222	3.3186
7	4	123	4.0305	3.3130
7	4	124	4.0388	3.3075
7	4	125	4.0471	3.3019
7	4	126	4.0554	3.2964
7	4	127	4.0637	3.2909
7	4	128	4.0720	3.2853
7	4	129	4.0803	3.2798
7	4	130	4.0886	3.2742
7	4	131	4.0970	3.2687
7	4	132	4.1053	3.2632
7	4	133	4.1136	3.2576
7	4	134	4.1219	3.2521
7	4	135	4.1302	3.2465
7	4	136	4.1385	3.2410
7	4	137	4.1468	3.2355
7	4	138	4.1551	3.2299
7	4	139	4.1634	3.2244
7	4	140	4.1717	3.2188
7	4	141	4.1801	3.2133
7	4	142	4.1884	3.2078
7	4	143	4.1967	3.2022
7	4	144	4.2050	3.1967
7	4	145	4.2133	3.1911
7	4	146	4.2216	3.1856
7	4	147	4.2299	3.1801
7	4	148	4.2382	3.1745
7	4	149	4.2465	3.1690
7	4	150	4.2548	3.1634
7	4	151	4.2632	3.1579
7	4	152	4.2715	3.1524
7	4	153	4.2798	3.1468
7	4	154	4.2881	3.1413
7	4	155	4.2964	3.1357
7	4	156	4.3047	3.1302
7	4	157	4.3130	3.1247
7	4	158	4.3213	3.1191
7	4	159	4.3296	3.1136
7	4	160	4.3380	3.1080
7	4	161	4.3463	3.1025
7	4	162	4.3546	3.0970
7	4	163	4.3629	3.0914
7	4	164	4.3712	3.0859
7	4	165	4.3795	3.0803
7	4	166	4.3878	3.0748
7	4	167	4.3961	3.0693
7	4	168	4.4044	3.0637
7	4	169	4.4127	3.0582
7	4	170	4.4211	3.0526
7	4	171	4.4294	3.0471
7	4	172	4.4377	3.0416
7	4	173	4.4460	3.0360
7	4	174	4.4543	3.0305
7	4	175	4.4626	3.0249
7	4	176	4.4709	3.0194
7	4	177	4.4792	3.0139
7	4	178	4.4875	3.0083
7	4	179	4.4958	3.0028
7	4	180	4.5042	2.9972
7	4	181	4.5125	2.9917
7	4	182	4.5208	2.9861
7	4	183	4.5291	2.9806
7	4	184	4.5374	2.9751
7	4	185	4.5457	2.9695
7	4	186	4.5540	2.9640
7	4	187	4.5623	2.9584
7	4	188	4.5706	2.9529
7	4	189	4.5789	2.9474
7	4	190	4.5873	2.9418
7	4	191	4.5956	2.9363
7	4	192	4.6039	2.9307
7	4	193	4.6122	2.9252
7	4	194	4.6205	2.9197
7	4	195	4.6288	2.9141
7	4	196	4.6371	2.9086
7	4	197	4.6454	2.9030
7	4	198	4.6537	2.8975
7	4	199	4.6620	2.8920
7	4	200	4.6704	2.8864
7	4	201	4.6787	2.8809
7	4	202	4.6870	2.8753
7	4	203	4.6953	2.8698
7	4	204	4.7036	2.8643
7	4	205	4.7119	2.8587
7	4	206	4.7202	2.8532
7	4	207	4.7285	2.8476
7	4	208	4.7368	2.8421
7	4	209	4.7452	2.8366
7	4	210	4.7535	2.8310
7	4	211	4.7618	2.8255
7	4	212	4.7701	2.8199
7	4	213	4.7784	2.8144
7	4	214	4.7867	2.8089
7	4	215	4.7950	2.8033
7	4	216	4.8033	2.7978
7	4	217	4.8116	2.7922
7	4	218	4.8199	2.7867
7	4	219	4.8283	2.7812
7	4	220	4.8366	2.7756
7	4	221	4.8449	2.7701
7	4	222	4.8532	2.7645
7	4	223	4.8615	2.7590
7	4	224	4.8698	2.7535
7	4	225	4.8781	2.7479
7	4	226	4.8864	2.7424
7	4	227	4.8947	2.7368
7	4	228	4.9030	2.7313
7	4	229	4.9114	2.7258
7	4	230	4.9197	2.7202
7	4	231	4.9280	2.7147
7	4	232	4.9363	2.7091
7	4	233	4.9446	2.7036
7	4	234	4.9529	2.6981
7	4	235	4.9612	2.6925
7	4	236	4.9695	2.6870
7	4	237	4.9778	2.6814
7	4	238	4.9861	2.6759
7	4	239	4.9945	2.6704
7	4	240	5.0028	2.6648
7	4	241	5.0111	2.6593
7	4	242	5.0194	2.6537
7	4	243	5.0277	2.6482
7	4	244	5.0360	2.6427
7	4	245	5.0443	2.6371
7	4	246	5.0526	2.6316
7	4	247	5.0609	2.6260
7	4	248	5.0693	2.6205
7	4	249	5.0776	2.6150
7	4	250	5.0859	2.6094
7	4	251	5.0942	2.6039
7	4	252	5.1025	2.5983
7	4	253	5.1108	2.5928
7	4	254	5.1191	2.5873
7	4	255	5.1274	2.5817
7	4	256	5.1357	2.5762
7	4	257	5.1440	2.5706
7	4	258	5.1524	2.5651
7	4	259	5.1607	2.5596
7	4	260	5.1690	2.5540
7	4	261	5.1773	2.5485
7	4	262	5.1856	2.5429
7	4	263	5.1939	2.5374
7	4	264	5.2022	2.5319
7	4	265	5.2105	2.5263
7	4	266	5.2188	2.5208
7	4	267	5.2271	2.5152
7	4	268	5.2355	2.5097
7	4	269	5.2438	2.5042
7	4	270	5.2521	2.4986
7	4	271	5.2604	2.4931
7	4	272	5.2687	2.4875
7	4	273	5.2770	2.4820
7	4	274	5.2853	2.4765
7	4	275	5.2936	2.4709
7	4	276	5.3019	2.4654
7	4	277	5.3102	2.4598
7	4	278	5.3186	2.4543
7	4	279	5.3269	2.4488
7	4	280	5.3352	2.4432
7	4	281	5.3435	2.4377
7	4	282	5.3518	2.4321
7	4	283	5.3601	2.4266
7	4	284	5.3684	2.4211
7	4	285	5.3767	2.4155
7	4	286	5.3850	2.4100
7	4	287	5.3934	2.4044
7	4	288	5.4017	2.3989
7	4	289	5.4100	2.3934
7	4	290	5.4183	2.3878
7	4	291	5.4266	2.3823
7	4	292	5.4349	2.3767
7	4	293	5.4432	2.3712
7	4	294	5.4515	2.3657
7	4	295	5.4598	2.3601
7	4	296	5.4681	2.3546
7	4	297	5.4765	2.3490
7	4	298	5.4848	2.3435
7	4	299	5.4931	2.3380
7	4	300	5.5014	2.3324
7	4	301	5.5097	2.3269
7	4	302	5.5180	2.3213
7	4	303	5.5263	2.3158
7	4	304	5.5346	2.3102
7	4	305	5.5429	2.3047
7	4	306	5.5512	2.2992
7	4	307	5.5596	2.2936
7	4	308	5.5679	2.2881
7	4	309	5.5762	2.2825
7	4	310	5.5845	2.2770
7	4	311	5.5928	2.2715
7	4	312	5.6011	2.2659
7	4	313	5.6094	2.2604
7	4	314	5.6177	2.2548
7	4	315	5.6260	2.2493
7	4	316	5.6343	2.2438
7	4	317	5.6427	2.2382
7	4	318	5.6510	2.2327
7	4	319	5.6593	2.2271
7	4	320	5.6676	2.2216
7	4	321	5.6759	2.2161
7	4	322	5.6842	2.2105
7	4	323	5.6925	2.2050
7	4	324	5.7008	2.1994
7	4	325	5.7091	2.1939
7	4	326	5.7175	2.1884
7	4	327	5.7258	2.1828
7	4	328	5.7341	2.1773
7	4	329	5.7424	2.1717
7	4	330	5.7507	2.1662
7	4	331	5.7590	2.1607
7	4	332	5.7673	2.1551
7	4	333	5.7756	2.1496
7	4	334	5.7839	2.1440
7	4	335	5.7922	2.1385
7	4	336	5.8006	2.1330
7	4	337	5.8089	2.1274
7	4	338	5.8172	2.1219
7	4	339	5.8255	2.1163
7	4	340	5.8338	2.1108
7	4	341	5.8421	2.1053
7	4	342	5.8504	2.0997
7	4	343	5.8587	2.0942
7	4	344	5.8670	2.0886
7	4	345	5.8753	2.0831
7	4	346	5.8837	2.0776
7	4	347	5.8920	2.0720
7	4	348	5.9003	2.0665
7	4	349	5.9086	2.0609
7	4	350	5.9169	2.0554
7	4	351	5.9252	2.0499
7	4	352	5.9335	2.0443
7	4	353	5.9418	2.0388
7	4	354	5.9501	2.0332
7	4	355	5.9584	2.0277
7	4	356	5.9668	2.0222
7	4	357	5.9751	2.0166
7	4	358	5.9834	2.0111
7	4	359	5.9917	2.0055
7	4	360	6.0000	2.0000
4	3	0	5.9900	2.0500
4	3	1	5.9800	2.0500
4	3	2	5.9700	2.0500
4	3	3	5.9600	2.0500
4	3	4	5.9500	2.0500
4	3	5	5.9400	2.0500
4	3	6	5.9300	2.0500
4	3	7	5.9200	2.0500
4	3	8	5.9100	2.0500
4	3	9	5.9000	2.0500
4	3	10	5.8900	2.0500
4	3	11	5.8800	2.0500
4	3	12	5.8700	2.0500
4	3	13	5.8600	2.0500
4	3	14	5.8500	2.0500
4	3	15	5.8400	2.0500
4	3	16	5.8300	2.0500
4	3	17	5.8200	2.0500
4	3	18	5.8100	2.0500
4	3	19	5.8000	2.0500
4	3	20	5.7900	2.0500
4	3	21	5.7800	2.0500
4	3	22	5.7700	2.0500
4	3	23	5.7600	2.0500
4	3	24	5.7500	2.0500
4	3	25	5.7400	2.0500
4	3	26	5.7300	2.0500
4	3	27	5.7200	2.0500
4	3	28	5.7100	2.0500
4	3	29	5.7000	2.0500
4	3	30	5.6900	2.0500
4	3	31	5.6800	2.0500
4	3	32	5.6700	2.0500
4	3	33	5.6600	2.0500
4	3	34	5.6500	2.0500
4	3	35	5.6400	2.0500
4	3	36	5.6300	2.0500
4	3	37	5.6200	2.0500
4	3	38	5.6100	2.0500
4	3	39	5.6000	2.0500
4	3	40	5.5900	2.0500
4	3	41	5.5800	2.0500
4	3	42	5.5700	2.0500
4	3	43	5.5600	2.0500
4	3	44	5.5500	2.0500
4	3	45	5.5400	2.0500
4	3	46	5.5300	2.0500
4	3	47	5.5200	2.0500
4	3	48	5.5100	2.0500
4	3	49	5.5000	2.0500
4	3	50	5.4900	2.0500
4	3	51	5.4800	2.0500
4	3	52	5.4700	2.0500
4	3	53	5.4600	2.0500
4	3	54	5.4500	2.0500
4	3	55	5.4400	2.0500
4	3	56	5.4300	2.0500
4	3	57	5.4200	2.0500
4	3	58	5.4100	2.0500
4	3	59	5.4000	2.0500
4	3	60	5.3900	2.0500
4	3	61	5.3800	2.0500
4	3	62	5.3700	2.0500
4	3	63	5.3600	2.0500
4	3	64	5.3500	2.0500
4	3	65	5.3400	2.0500
4	3	66	5.3300	2.0500
4	3	67	5.3200	2.0500
4	3	68	5.3100	2.0500
4	3	69	5.3000	2.0500
4	3	70	5.2900	2.0500
4	3	71	5.2800	2.0500
4	3	72	5.2700	2.0500
4	3	73	5.2600	2.0500
4	3	74	5.2500	2.0500
4	3	75	5.2400	2.0500
4	3	76	5.2300	2.0500
4	3	77	5.2200	2.0500
4	3	78	5.2100	2.0500
4	3	79	5.2000	2.0500
4	3	80	5.1900	2.0500
4	3	81	5.1800	2.0500
4	3	82	5.1700	2.0500
4	3	83	5.1600	2.0500
4	3	84	5.1500	2.0500
4	3	85	5.1400	2.0500
4	3	86	5.1300	2.0500
4	3	87	5.1200	2.0500
4	3	88	5.1100	2.0500
4	3	89	5.1000	2.0500
4	3	90	5.0900	2.0500
4	3	91	5.0800	2.0500
4	3	92	5.0700	2.0500
4	3	93	5.0600	2.0500
4	3	94	5.0500	2.0500
4	3	95	5.0400	2.0500
4	3	96	5.0300	2.0500
4	3	97	5.0200	2.0500
4	3	98	5.0100	2.0500
4	3	99	5.0000	2.0500
4	3	100	4.9900	2.0500
4	3	101	4.9800	2.0500
4	3	102	4.9700	2.0500
4	3	103	4.9600	2.0500
4	3	104	4.9500	2.0500
4	3	105	4.9400	2.0500
4	3	106	4.9300	2.0500
4	3	107	4.9200	2.0500
4	3	108	4.9100	2.0500
4	3	109	4.9000	2.0500
4	3	110	4.8900	2.0500
4	3	111	4.8800	2.0500
4	3	112	4.8700	2.0500
4	3	113	4.8600	2.0500
4	3	114	4.8500	2.0500
4	3	115	4.8400	2.0500
4	3	116	4.8300	2.0500
4	3	117	4.8200	2.0500
4	3	118	4.8100	2.0500
4	3	119	4.8000	2.0500
4	3	120	4.7900	2.0500
4	3	121	4.7800	2.0500
4	3	122	4.7700	2.0500
4	3	123	4.7600	2.0500
4	3	124	4.7500	2.0500
4	3	125	4.7400	2.0500
4	3	126	4.7300	2.0500
4	3	127	4.7200	2.0500
4	3	128	4.7100	2.0500
4	3	129	4.7000	2.0500
4	3	130	4.6900	2.0500
4	3	131	4.6800	2.0500
4	3	132	4.6700	2.0500
4	3	133	4.6600	2.0500
4	3	134	4.6500	2.0500
4	3	135	4.6400	2.0500
4	3	136	4.6300	2.0500
4	3	137	4.6200	2.0500
4	3	138	4.6100	2.0500
4	3	139	4.6000	2.0500
4	3	140	4.5900	2.0500
4	3	141	4.5800	2.0500
4	3	142	4.5700	2.0500
4	3	143	4.5600	2.0500
4	3	144	4.5500	2.0500
4	3	145	4.5400	2.0500
4	3	146	4.5300	2.0500
4	3	147	4.5200	2.0500
4	3	148	4.5100	2.0500
4	3	149	4.5000	2.0500
4	3	150	4.4900	2.0500
4	3	151	4.4800	2.0500
4	3	152	4.4700	2.0500
4	3	153	4.4600	2.0500
4	3	154	4.4500	2.0500
4	3	155	4.4400	2.0500
4	3	156	4.4300	2.0500
4	3	157	4.4200	2.0500
4	3	158	4.4100	2.0500
4	3	159	4.4000	2.0500
4	3	160	4.3900	2.0500
4	3	161	4.3800	2.0500
4	3	162	4.3700	2.0500
4	3	163	4.3600	2.0500
4	3	164	4.3500	2.0500
4	3	165	4.3400	2.0500
4	3	166	4.3300	2.0500
4	3	167	4.3200	2.0500
4	3	168	4.3100	2.0500
4	3	169	4.3000	2.0500
4	3	170	4.2900	2.0500
4	3	171	4.2800	2.0500
4	3	172	4.2700	2.0500
4	3	173	4.2600	2.0500
4	3	174	4.2500	2.0500
4	3	175	4.2400	2.0500
4	3	176	4.2300	2.0500
4	3	177	4.2200	2.0500
4	3	178	4.2100	2.0500
4	3	179	4.2000	2.0500
4	3	180	4.1900	2.0500
4	3	181	4.1800	2.0500
4	3	182	4.1700	2.0500
4	3	183	4.1600	2.0500
4	3	184	4.1500	2.0500
4	3	185	4.1400	2.0500
4	3	186	4.1300	2.0500
4	3	187	4.1200	2.0500
4	3	188	4.1100	2.0500
4	3	189	4.1000	2.0500
4	3	190	4.0900	2.0500
4	3	191	4.0800	2.0500
4	3	192	4.0700	2.0500
4	3	193	4.0600	2.0500
4	3	194	4.0500	2.0500
4	3	195	4.0400	2.0500
4	3	196	4.0300	2.0500
4	3	197	4.0200	2.0500
4	3	198	4.0100	2.0500
4	3	199	4.0000	2.0500
5	3	0	3.0071	2.9929
5	3	1	3.0142	2.9858
5	3	2	3.0213	2.9787
5	3	3	3.0284	2.9716
5	3	4	3.0355	2.9645
5	3	5	3.0426	2.9574
5	3	6	3.0496	2.9504
5	3	7	3.0567	2.9433
5	3	8	3.0638	2.9362
5	3	9	3.0709	2.9291
5	3	10	3.0780	2.9220
5	3	11	3.0851	2.9149
5	3	12	3.0922	2.9078
5	3	13	3.0993	2.9007
5	3	14	3.1064	2.8936
5	3	15	3.1135	2.8865
5	3	16	3.1206	2.8794
5	3	17	3.1277	2.8723
5	3	18	3.1348	2.8652
5	3	19	3.1418	2.8582
5	3	20	3.1489	2.8511
5	3	21	3.1560	2.8440
5	3	22	3.1631	2.8369
5	3	23	3.1702	2.8298
5	3	24	3.1773	2.8227
5	3	25	3.1844	2.8156
5	3	26	3.1915	2.8085
5	3	27	3.1986	2.8014
5	3	28	3.2057	2.7943
5	3	29	3.2128	2.7872
5	3	30	3.2199	2.7801
5	3	31	3.2270	2.7730
5	3	32	3.2340	2.7660
5	3	33	3.2411	2.7589
5	3	34	3.2482	2.7518
5	3	35	3.2553	2.7447
5	3	36	3.2624	2.7376
5	3	37	3.2695	2.7305
5	3	38	3.2766	2.7234
5	3	39	3.2837	2.7163
5	3	40	3.2908	2.7092
5	3	41	3.2979	2.7021
5	3	42	3.3050	2.6950
5	3	43	3.3121	2.6879
5	3	44	3.3191	2.6809
5	3	45	3.3262	2.6738
5	3	46	3.3333	2.6667
5	3	47	3.3404	2.6596
5	3	48	3.3475	2.6525
5	3	49	3.3546	2.6454
5	3	50	3.3617	2.6383
5	3	51	3.3688	2.6312
5	3	52	3.3759	2.6241
5	3	53	3.3830	2.6170
5	3	54	3.3901	2.6099
5	3	55	3.3972	2.6028
5	3	56	3.4043	2.5957
5	3	57	3.4113	2.5887
5	3	58	3.4184	2.5816
5	3	59	3.4255	2.5745
5	3	60	3.4326	2.5674
5	3	61	3.4397	2.5603
5	3	62	3.4468	2.5532
5	3	63	3.4539	2.5461
5	3	64	3.4610	2.5390
5	3	65	3.4681	2.5319
5	3	66	3.4752	2.5248
5	3	67	3.4823	2.5177
5	3	68	3.4894	2.5106
5	3	69	3.4965	2.5035
5	3	70	3.5035	2.4965
5	3	71	3.5106	2.4894
5	3	72	3.5177	2.4823
5	3	73	3.5248	2.4752
5	3	74	3.5319	2.4681
5	3	75	3.5390	2.4610
5	3	76	3.5461	2.4539
5	3	77	3.5532	2.4468
5	3	78	3.5603	2.4397
5	3	79	3.5674	2.4326
5	3	80	3.5745	2.4255
5	3	81	3.5816	2.4184
5	3	82	3.5887	2.4113
5	3	83	3.5957	2.4043
5	3	84	3.6028	2.3972
5	3	85	3.6099	2.3901
5	3	86	3.6170	2.3830
5	3	87	3.6241	2.3759
5	3	88	3.6312	2.3688
5	3	89	3.6383	2.3617
5	3	90	3.6454	2.3546
5	3	91	3.6525	2.3475
5	3	92	3.6596	2.3404
5	3	93	3.6667	2.3333
5	3	94	3.6738	2.3262
5	3	95	3.6809	2.3191
5	3	96	3.6879	2.3121
5	3	97	3.6950	2.3050
5	3	98	3.7021	2.2979
5	3	99	3.7092	2.2908
5	3	100	3.7163	2.2837
5	3	101	3.7234	2.2766
5	3	102	3.7305	2.2695
5	3	103	3.7376	2.2624
5	3	104	3.7447	2.2553
5	3	105	3.7518	2.2482
5	3	106	3.7589	2.2411
5	3	107	3.7660	2.2340
5	3	108	3.7730	2.2270
5	3	109	3.7801	2.2199
5	3	110	3.7872	2.2128
5	3	111	3.7943	2.2057
5	3	112	3.8014	2.1986
5	3	113	3.8085	2.1915
5	3	114	3.8156	2.1844
5	3	115	3.8227	2.1773
5	3	116	3.8298	2.1702
5	3	117	3.8369	2.1631
5	3	118	3.8440	2.1560
5	3	119	3.8511	2.1489
5	3	120	3.8582	2.1418
5	3	121	3.8652	2.1348
5	3	122	3.8723	2.1277
5	3	123	3.8794	2.1206
5	3	124	3.8865	2.1135
5	3	125	3.8936	2.1064
5	3	126	3.9007	2.0993
5	3	127	3.9078	2.0922
5	3	128	3.9149	2.0851
5	3	129	3.9220	2.0780
5	3	130	3.9291	2.0709
5	3	131	3.9362	2.0638
5	3	132	3.9433	2.0567
5	3	133	3.9504	2.0496
5	3	134	3.9574	2.0426
5	3	135	3.9645	2.0355
5	3	136	3.9716	2.0284
5	3	137	3.9787	2.0213
5	3	138	3.9858	2.0142
5	3	139	3.9929	2.0071
5	3	140	4.0000	2.0000
3	6	0	3.9929	1.9929
3	6	1	3.9858	1.9858
3	6	2	3.9787	1.9787
3	6	3	3.9716	1.9716
3	6	4	3.9645	1.9645
3	6	5	3.9574	1.9574
3	6	6	3.9504	1.9504
3	6	7	3.9433	1.9433
3	6	8	3.9362	1.9362
3	6	9	3.9291	1.9291
3	6	10	3.9220	1.9220
3	6	11	3.9149	1.9149
3	6	12	3.9078	1.9078
3	6	13	3.9007	1.9007
3	6	14	3.8936	1.8936
3	6	15	3.8865	1.8865
3	6	16	3.8794	1.8794
3	6	17	3.8723	1.8723
3	6	18	3.8652	1.8652
3	6	19	3.8582	1.8582
3	6	20	3.8511	1.8511
3	6	21	3.8440	1.8440
3	6	22	3.8369	1.8369
3	6	23	3.8298	1.8298
3	6	24	3.8227	1.8227
3	6	25	3.8156	1.8156
3	6	26	3.8085	1.8085
3	6	27	3.8014	1.8014
3	6	28	3.7943	1.7943
3	6	29	3.7872	1.7872
3	6	30	3.7801	1.7801
3	6	31	3.7730	1.7730
3	6	32	3.7660	1.7660
3	6	33	3.7589	1.7589
3	6	34	3.7518	1.7518
3	6	35	3.7447	1.7447
3	6	36	3.7376	1.7376
3	6	37	3.7305	1.7305
3	6	38	3.7234	1.7234
3	6	39	3.7163	1.7163
3	6	40	3.7092	1.7092
3	6	41	3.7021	1.7021
3	6	42	3.6950	1.6950
3	6	43	3.6879	1.6879
3	6	44	3.6809	1.6809
3	6	45	3.6738	1.6738
3	6	46	3.6667	1.6667
3	6	47	3.6596	1.6596
3	6	48	3.6525	1.6525
3	6	49	3.6454	1.6454
3	6	50	3.6383	1.6383
3	6	51	3.6312	1.6312
3	6	52	3.6241	1.6241
3	6	53	3.6170	1.6170
3	6	54	3.6099	1.6099
3	6	55	3.6028	1.6028
3	6	56	3.5957	1.5957
3	6	57	3.5887	1.5887
3	6	58	3.5816	1.5816
3	6	59	3.5745	1.5745
3	6	60	3.5674	1.5674
3	6	61	3.5603	1.5603
3	6	62	3.5532	1.5532
3	6	63	3.5461	1.5461
3	6	64	3.5390	1.5390
3	6	65	3.5319	1.5319
3	6	66	3.5248	1.5248
3	6	67	3.5177	1.5177
3	6	68	3.5106	1.5106
3	6	69	3.5035	1.5035
3	6	70	3.4965	1.4965
3	6	71	3.4894	1.4894
3	6	72	3.4823	1.4823
3	6	73	3.4752	1.4752
3	6	74	3.4681	1.4681
3	6	75	3.4610	1.4610
3	6	76	3.4539	1.4539
3	6	77	3.4468	1.4468
3	6	78	3.4397	1.4397
3	6	79	3.4326	1.4326
3	6	80	3.4255	1.4255
3	6	81	3.4184	1.4184
3	6	82	3.4113	1.4113
3	6	83	3.4043	1.4043
3	6	84	3.3972	1.3972
3	6	85	3.3901	1.3901
3	6	86	3.3830	1.3830
3	6	87	3.3759	1.3759
3	6	88	3.3688	1.3688
3	6	89	3.3617	1.3617
3	6	90	3.3546	1.3546
3	6	91	3.3475	1.3475
3	6	92	3.3404	1.3404
3	6	93	3.3333	1.3333
3	6	94	3.3262	1.3262
3	6	95	3.3191	1.3191
3	6	96	3.3121	1.3121
3	6	97	3.3050	1.3050
3	6	98	3.2979	1.2979
3	6	99	3.2908	1.2908
3	6	100	3.2837	1.2837
3	6	101	3.2766	1.2766
3	6	102	3.2695	1.2695
3	6	103	3.2624	1.2624
3	6	104	3.2553	1.2553
3	6	105	3.2482	1.2482
3	6	106	3.2411	1.2411
3	6	107	3.2340	1.2340
3	6	108	3.2270	1.2270
3	6	109	3.2199	1.2199
3	6	110	3.2128	1.2128
3	6	111	3.2057	1.2057
3	6	112	3.1986	1.1986
3	6	113	3.1915	1.1915
3	6	114	3.1844	1.1844
3	6	115	3.1773	1.1773
3	6	116	3.1702	1.1702
3	6	117	3.1631	1.1631
3	6	118	3.1560	1.1560
3	6	119	3.1489	1.1489
3	6	120	3.1418	1.1418
3	6	121	3.1348	1.1348
3	6	122	3.1277	1.1277
3	6	123	3.1206	1.1206
3	6	124	3.1135	1.1135
3	6	125	3.1064	1.1064
3	6	126	3.0993	1.0993
3	6	127	3.0922	1.0922
3	6	128	3.0851	1.0851
3	6	129	3.0780	1.0780
3	6	130	3.0709	1.0709
3	6	131	3.0638	1.0638
3	6	132	3.0567	1.0567
3	6	133	3.0496	1.0496
3	6	134	3.0426	1.0426
3	6	135	3.0355	1.0355
3	6	136	3.0284	1.0284
3	6	137	3.0213	1.0213
3	6	138	3.0142	1.0142
3	6	139	3.0071	1.0071
3	6	140	3.0000	1.0000
6	2	0	2.9929	1.0071
6	2	1	2.9858	1.0142
6	2	2	2.9787	1.0213
6	2	3	2.9716	1.0284
6	2	4	2.9645	1.0355
6	2	5	2.9574	1.0426
6	2	6	2.9504	1.0496
6	2	7	2.9433	1.0567
6	2	8	2.9362	1.0638
6	2	9	2.9291	1.0709
6	2	10	2.9220	1.0780
6	2	11	2.9149	1.0851
6	2	12	2.9078	1.0922
6	2	13	2.9007	1.0993
6	2	14	2.8936	1.1064
6	2	15	2.8865	1.1135
6	2	16	2.8794	1.1206
6	2	17	2.8723	1.1277
6	2	18	2.8652	1.1348
6	2	19	2.8582	1.1418
6	2	20	2.8511	1.1489
6	2	21	2.8440	1.1560
6	2	22	2.8369	1.1631
6	2	23	2.8298	1.1702
6	2	24	2.8227	1.1773
6	2	25	2.8156	1.1844
6	2	26	2.8085	1.1915
6	2	27	2.8014	1.1986
6	2	28	2.7943	1.2057
6	2	29	2.7872	1.2128
6	2	30	2.7801	1.2199
6	2	31	2.7730	1.2270
6	2	32	2.7660	1.2340
6	2	33	2.7589	1.2411
6	2	34	2.7518	1.2482
6	2	35	2.7447	1.2553
6	2	36	2.7376	1.2624
6	2	37	2.7305	1.2695
6	2	38	2.7234	1.2766
6	2	39	2.7163	1.2837
6	2	40	2.7092	1.2908
6	2	41	2.7021	1.2979
6	2	42	2.6950	1.3050
6	2	43	2.6879	1.3121
6	2	44	2.6809	1.3191
6	2	45	2.6738	1.3262
6	2	46	2.6667	1.3333
6	2	47	2.6596	1.3404
6	2	48	2.6525	1.3475
6	2	49	2.6454	1.3546
6	2	50	2.6383	1.3617
6	2	51	2.6312	1.3688
6	2	52	2.6241	1.3759
6	2	53	2.6170	1.3830
6	2	54	2.6099	1.3901
6	2	55	2.6028	1.3972
6	2	56	2.5957	1.4043
6	2	57	2.5887	1.4113
6	2	58	2.5816	1.4184
6	2	59	2.5745	1.4255
6	2	60	2.5674	1.4326
6	2	61	2.5603	1.4397
6	2	62	2.5532	1.4468
6	2	63	2.5461	1.4539
6	2	64	2.5390	1.4610
6	2	65	2.5319	1.4681
6	2	66	2.5248	1.4752
6	2	67	2.5177	1.4823
6	2	68	2.5106	1.4894
6	2	69	2.5035	1.4965
6	2	70	2.4965	1.5035
6	2	71	2.4894	1.5106
6	2	72	2.4823	1.5177
6	2	73	2.4752	1.5248
6	2	74	2.4681	1.5319
6	2	75	2.4610	1.5390
6	2	76	2.4539	1.5461
6	2	77	2.4468	1.5532
6	2	78	2.4397	1.5603
6	2	79	2.4326	1.5674
6	2	80	2.4255	1.5745
6	2	81	2.4184	1.5816
6	2	82	2.4113	1.5887
6	2	83	2.4043	1.5957
6	2	84	2.3972	1.6028
6	2	85	2.3901	1.6099
6	2	86	2.3830	1.6170
6	2	87	2.3759	1.6241
6	2	88	2.3688	1.6312
6	2	89	2.3617	1.6383
6	2	90	2.3546	1.6454
6	2	91	2.3475	1.6525
6	2	92	2.3404	1.6596
6	2	93	2.3333	1.6667
6	2	94	2.3262	1.6738
6	2	95	2.3191	1.6809
6	2	96	2.3121	1.6879
6	2	97	2.3050	1.6950
6	2	98	2.2979	1.7021
6	2	99	2.2908	1.7092
6	2	100	2.2837	1.7163
6	2	101	2.2766	1.7234
6	2	102	2.2695	1.7305
6	2	103	2.2624	1.7376
6	2	104	2.2553	1.7447
6	2	105	2.2482	1.7518
6	2	106	2.2411	1.7589
6	2	107	2.2340	1.7660
6	2	108	2.2270	1.7730
6	2	109	2.2199	1.7801
6	2	110	2.2128	1.7872
6	2	111	2.2057	1.7943
6	2	112	2.1986	1.8014
6	2	113	2.1915	1.8085
6	2	114	2.1844	1.8156
6	2	115	2.1773	1.8227
6	2	116	2.1702	1.8298
6	2	117	2.1631	1.8369
6	2	118	2.1560	1.8440
6	2	119	2.1489	1.8511
6	2	120	2.1418	1.8582
6	2	121	2.1348	1.8652
6	2	122	2.1277	1.8723
6	2	123	2.1206	1.8794
6	2	124	2.1135	1.8865
6	2	125	2.1064	1.8936
6	2	126	2.0993	1.9007
6	2	127	2.0922	1.9078
6	2	128	2.0851	1.9149
6	2	129	2.0780	1.9220
6	2	130	2.0709	1.9291
6	2	131	2.0638	1.9362
6	2	132	2.0567	1.9433
6	2	133	2.0496	1.9504
6	2	134	2.0426	1.9574
6	2	135	2.0355	1.9645
6	2	136	2.0284	1.9716
6	2	137	2.0213	1.9787
6	2	138	2.0142	1.9858
6	2	139	2.0071	1.9929
6	2	140	2.0000	2.0000
2	5	0	2.0071	2.0071
2	5	1	2.0142	2.0142
2	5	2	2.0213	2.0213
2	5	3	2.0284	2.0284
2	5	4	2.0355	2.0355
2	5	5	2.0426	2.0426
2	5	6	2.0496	2.0496
2	5	7	2.0567	2.0567
2	5	8	2.0638	2.0638
2	5	9	2.0709	2.0709
2	5	10	2.0780	2.0780
2	5	11	2.0851	2.0851
2	5	12	2.0922	2.0922
2	5	13	2.0993	2.0993
2	5	14	2.1064	2.1064
2	5	15	2.1135	2.1135
2	5	16	2.1206	2.1206
2	5	17	2.1277	2.1277
2	5	18	2.1348	2.1348
2	5	19	2.1418	2.1418
2	5	20	2.1489	2.1489
2	5	21	2.1560	2.1560
2	5	22	2.1631	2.1631
2	5	23	2.1702	2.1702
2	5	24	2.1773	2.1773
2	5	25	2.1844	2.1844
2	5	26	2.1915	2.1915
2	5	27	2.1986	2.1986
2	5	28	2.2057	2.2057
2	5	29	2.2128	2.2128
2	5	30	2.2199	2.2199
2	5	31	2.2270	2.2270
2	5	32	2.2340	2.2340
2	5	33	2.2411	2.2411
2	5	34	2.2482	2.2482
2	5	35	2.2553	2.2553
2	5	36	2.2624	2.2624
2	5	37	2.2695	2.2695
2	5	38	2.2766	2.2766
2	5	39	2.2837	2.2837
2	5	40	2.2908	2.2908
2	5	41	2.2979	2.2979
2	5	42	2.3050	2.3050
2	5	43	2.3121	2.3121
2	5	44	2.3191	2.3191
2	5	45	2.3262	2.3262
2	5	46	2.3333	2.3333
2	5	47	2.3404	2.3404
2	5	48	2.3475	2.3475
2	5	49	2.3546	2.3546
2	5	50	2.3617	2.3617
2	5	51	2.3688	2.3688
2	5	52	2.3759	2.3759
2	5	53	2.3830	2.3830
2	5	54	2.3901	2.3901
2	5	55	2.3972	2.3972
2	5	56	2.4043	2.4043
2	5	57	2.4113	2.4113
2	5	58	2.4184	2.4184
2	5	59	2.4255	2.4255
2	5	60	2.4326	2.4326
2	5	61	2.4397	2.4397
2	5	62	2.4468	2.4468
2	5	63	2.4539	2.4539
2	5	64	2.4610	2.4610
2	5	65	2.4681	2.4681
2	5	66	2.4752	2.4752
2	5	67	2.4823	2.4823
2	5	68	2.4894	2.4894
2	5	69	2.4965	2.4965
2	5	70	2.5035	2.5035
2	5	71	2.5106	2.5106
2	5	72	2.5177	2.5177
2	5	73	2.5248	2.5248
2	5	74	2.5319	2.5319
2	5	75	2.5390	2.5390
2	5	76	2.5461	2.5461
2	5	77	2.5532	2.5532
2	5	78	2.5603	2.5603
2	5	79	2.5674	2.5674
2	5	80	2.5745	2.5745
2	5	81	2.5816	2.5816
2	5	82	2.5887	2.5887
2	5	83	2.5957	2.5957
2	5	84	2.6028	2.6028
2	5	85	2.6099	2.6099
2	5	86	2.6170	2.6170
2	5	87	2.6241	2.6241
2	5	88	2.6312	2.6312
2	5	89	2.6383	2.6383
2	5	90	2.6454	2.6454
2	5	91	2.6525	2.6525
2	5	92	2.6596	2.6596
2	5	93	2.6667	2.6667
2	5	94	2.6738	2.6738
2	5	95	2.6809	2.6809
2	5	96	2.6879	2.6879
2	5	97	2.6950	2.6950
2	5	98	2.7021	2.7021
2	5	99	2.7092	2.7092
2	5	100	2.7163	2.7163
2	5	101	2.7234	2.7234
2	5	102	2.7305	2.7305
2	5	103	2.7376	2.7376
2	5	104	2.7447	2.7447
2	5	105	2.7518	2.7518
2	5	106	2.7589	2.7589
2	5	107	2.7660	2.7660
2	5	108	2.7730	2.7730
2	5	109	2.7801	2.7801
2	5	110	2.7872	2.7872
2	5	111	2.7943	2.7943
2	5	112	2.8014	2.8014
2	5	113	2.8085	2.8085
2	5	114	2.8156	2.8156
2	5	115	2.8227	2.8227
2	5	116	2.8298	2.8298
2	5	117	2.8369	2.8369
2	5	118	2.8440	2.8440
2	5	119	2.8511	2.8511
2	5	120	2.8582	2.8582
2	5	121	2.8652	2.8652
2	5	122	2.8723	2.8723
2	5	123	2.8794	2.8794
2	5	124	2.8865	2.8865
2	5	125	2.8936	2.8936
2	5	126	2.9007	2.9007
2	5	127	2.9078	2.9078
2	5	128	2.9149	2.9149
2	5	129	2.9220	2.9220
2	5	130	2.9291	2.9291
2	5	131	2.9362	2.9362
2	5	132	2.9433	2.9433
2	5	133	2.9504	2.9504
2	5	134	2.9574	2.9574
2	5	135	2.9645	2.9645
2	5	136	2.9716	2.9716
2	5	137	2.9787	2.9787
2	5	138	2.9858	2.9858
2	5	139	2.9929	2.9929
2	5	140	3.0000	3.0000
1	7	0	0.0083	2.0055
1	7	1	0.0166	2.0111
1	7	2	0.0249	2.0166
1	7	3	0.0332	2.0222
1	7	4	0.0416	2.0277
1	7	5	0.0499	2.0332
1	7	6	0.0582	2.0388
1	7	7	0.0665	2.0443
1	7	8	0.0748	2.0499
1	7	9	0.0831	2.0554
1	7	10	0.0914	2.0609
1	7	11	0.0997	2.0665
1	7	12	0.1080	2.0720
1	7	13	0.1163	2.0776
1	7	14	0.1247	2.0831
1	7	15	0.1330	2.0886
1	7	16	0.1413	2.0942
1	7	17	0.1496	2.0997
1	7	18	0.1579	2.1053
1	7	19	0.1662	2.1108
1	7	20	0.1745	2.1163
1	7	21	0.1828	2.1219
1	7	22	0.1911	2.1274
1	7	23	0.1994	2.1330
1	7	24	0.2078	2.1385
1	7	25	0.2161	2.1440
1	7	26	0.2244	2.1496
1	7	27	0.2327	2.1551
1	7	28	0.2410	2.1607
1	7	29	0.2493	2.1662
1	7	30	0.2576	2.1717
1	7	31	0.2659	2.1773
1	7	32	0.2742	2.1828
1	7	33	0.2825	2.1884
1	7	34	0.2909	2.1939
1	7	35	0.2992	2.1994
1	7	36	0.3075	2.2050
1	7	37	0.3158	2.2105
1	7	38	0.3241	2.2161
1	7	39	0.3324	2.2216
1	7	40	0.3407	2.2271
1	7	41	0.3490	2.2327
1	7	42	0.3573	2.2382
1	7	43	0.3657	2.2438
1	7	44	0.3740	2.2493
1	7	45	0.3823	2.2548
1	7	46	0.3906	2.2604
1	7	47	0.3989	2.2659
1	7	48	0.4072	2.2715
1	7	49	0.4155	2.2770
1	7	50	0.4238	2.2825
1	7	51	0.4321	2.2881
1	7	52	0.4404	2.2936
1	7	53	0.4488	2.2992
1	7	54	0.4571	2.3047
1	7	55	0.4654	2.3102
1	7	56	0.4737	2.3158
1	7	57	0.4820	2.3213
1	7	58	0.4903	2.3269
1	7	59	0.4986	2.3324
1	7	60	0.5069	2.3380
1	7	61	0.5152	2.3435
1	7	62	0.5235	2.3490
1	7	63	0.5319	2.3546
1	7	64	0.5402	2.3601
1	7	65	0.5485	2.3657
1	7	66	0.5568	2.3712
1	7	67	0.5651	2.3767
1	7	68	0.5734	2.3823
1	7	69	0.5817	2.3878
1	7	70	0.5900	2.3934
1	7	71	0.5983	2.3989
1	7	72	0.6066	2.4044
1	7	73	0.6150	2.4100
1	7	74	0.6233	2.4155
1	7	75	0.6316	2.4211
1	7	76	0.6399	2.4266
1	7	77	0.6482	2.4321
1	7	78	0.6565	2.4377
1	7	79	0.6648	2.4432
1	7	80	0.6731	2.4488
1	7	81	0.6814	2.4543
1	7	82	0.6898	2.4598
1	7	83	0.6981	2.4654
1	7	84	0.7064	2.4709
1	7	85	0.7147	2.4765
1	7	86	0.7230	2.4820
1	7	87	0.7313	2.4875
1	7	88	0.7396	2.4931
1	7	89	0.7479	2.4986
1	7	90	0.7562	2.5042
1	7	91	0.7645	2.5097
1	7	92	0.7729	2.5152
1	7	93	0.7812	2.5208
1	7	94	0.7895	2.5263
1	7	95	0.7978	2.5319
1	7	96	0.8061	2.5374
1	7	97	0.8144	2.5429
1	7	98	0.8227	2.5485
1	7	99	0.8310	2.5540
1	7	100	0.8393	2.5596
1	7	101	0.8476	2.5651
1	7	102	0.8560	2.5706
1	7	103	0.8643	2.5762
1	7	104	0.8726	2.5817
1	7	105	0.8809	2.5873
1	7	106	0.8892	2.5928
1	7	107	0.8975	2.5983
1	7	108	0.9058	2.6039
1	7	109	0.9141	2.6094
1	7	110	0.9224	2.6150
1	7	111	0.9307	2.6205
1	7	112	0.9391	2.6260
1	7	113	0.9474	2.6316
1	7	114	0.9557	2.6371
1	7	115	0.9640	2.6427
1	7	116	0.9723	2.6482
1	7	117	0.9806	2.6537
1	7	118	0.9889	2.6593
1	7	119	0.9972	2.6648
1	7	120	1.0055	2.6704
1	7	121	1.0139	2.6759
1	7	122	1.0222	2.6814
1	7	123	1.0305	2.6870
1	7	124	1.0388	2.6925
1	7	125	1.0471	2.6981
1	7	126	1.0554	2.7036
1	7	127	1.0637	2.7091
1	7	128	1.0720	2.7147
1	7	129	1.0803	2.7202
1	7	130	1.0886	2.7258
1	7	131	1.0970	2.7313
1	7	132	1.1053	2.7368
1	7	133	1.1136	2.7424
1	7	134	1.1219	2.7479
1	7	135	1.1302	2.7535
1	7	136	1.1385	2.7590
1	7	137	1.1468	2.7645
1	7	138	1.1551	2.7701
1	7	139	1.1634	2.7756
1	7	140	1.1717	2.7812
1	7	141	1.1801	2.7867
1	7	142	1.1884	2.7922
1	7	143	1.1967	2.7978
1	7	144	1.2050	2.8033
1	7	145	1.2133	2.8089
1	7	146	1.2216	2.8144
1	7	147	1.2299	2.8199
1	7	148	1.2382	2.8255
1	7	149	1.2465	2.8310
1	7	150	1.2548	2.8366
1	7	151	1.2632	2.8421
1	7	152	1.2715	2.8476
1	7	153	1.2798	2.8532
1	7	154	1.2881	2.8587
1	7	155	1.2964	2.8643
1	7	156	1.3047	2.8698
1	7	157	1.3130	2.8753
1	7	158	1.3213	2.8809
1	7	159	1.3296	2.8864
1	7	160	1.3380	2.8920
1	7	161	1.3463	2.8975
1	7	162	1.3546	2.9030
1	7	163	1.3629	2.9086
1	7	164	1.3712	2.9141
1	7	165	1.3795	2.9197
1	7	166	1.3878	2.9252
1	7	167	1.3961	2.9307
1	7	168	1.4044	2.9363
1	7	169	1.4127	2.9418
1	7	170	1.4211	2.9474
1	7	171	1.4294	2.9529
1	7	172	1.4377	2.9584
1	7	173	1.4460	2.9640
1	7	174	1.4543	2.9695
1	7	175	1.4626	2.9751
1	7	176	1.4709	2.9806
1	7	177	1.4792	2.9861
1	7	178	1.4875	2.9917
1	7	179	1.4958	2.9972
1	7	180	1.5042	3.0028
1	7	181	1.5125	3.0083
1	7	182	1.5208	3.0139
1	7	183	1.5291	3.0194
1	7	184	1.5374	3.0249
1	7	185	1.5457	3.0305
1	7	186	1.5540	3.0360
1	7	187	1.5623	3.0416
1	7	188	1.5706	3.0471
1	7	189	1.5789	3.0526
1	7	190	1.5873	3.0582
1	7	191	1.5956	3.0637
1	7	192	1.6039	3.0693
1	7	193	1.6122	3.0748
1	7	194	1.6205	3.0803
1	7	195	1.6288	3.0859
1	7	196	1.6371	3.0914
1	7	197	1.6454	3.0970
1	7	198	1.6537	3.1025
1	7	199	1.6620	3.1080
1	7	200	1.6704	3.1136
1	7	201	1.6787	3.1191
1	7	202	1.6870	3.1247
1	7	203	1.6953	3.1302
1	7	204	1.7036	3.1357
1	7	205	1.7119	3.1413
1	7	206	1.7202	3.1468
1	7	207	1.7285	3.1524
1	7	208	1.7368	3.1579
1	7	209	1.7452	3.1634
1	7	210	1.7535	3.1690
1	7	211	1.7618	3.1745
1	7	212	1.7701	3.1801
1	7	213	1.7784	3.1856
1	7	214	1.7867	3.1911
1	7	215	1.7950	3.1967
1	7	216	1.8033	3.2022
1	7	217	1.8116	3.2078
1	7	218	1.8199	3.2133
1	7	219	1.8283	3.2188
1	7	220	1.8366	3.2244
1	7	221	1.8449	3.2299
1	7	222	1.8532	3.2355
1	7	223	1.8615	3.2410
1	7	224	1.8698	3.2465
1	7	225	1.8781	3.2521
1	7	226	1.8864	3.2576
1	7	227	1.8947	3.2632
1	7	228	1.9030	3.2687
1	7	229	1.9114	3.2742
1	7	230	1.9197	3.2798
1	7	231	1.9280	3.2853
1	7	232	1.9363	3.2909
1	7	233	1.9446	3.2964
1	7	234	1.9529	3.3019
1	7	235	1.9612	3.3075
1	7	236	1.9695	3.3130
1	7	237	1.9778	3.3186
1	7	238	1.9861	3.3241
1	7	239	1.9945	3.3296
1	7	240	2.0028	3.3352
1	7	241	2.0111	3.3407
1	7	242	2.0194	3.3463
1	7	243	2.0277	3.3518
1	7	244	2.0360	3.3573
1	7	245	2.0443	3.3629
1	7	246	2.0526	3.3684
1	7	247	2.0609	3.3740
1	7	248	2.0693	3.3795
1	7	249	2.0776	3.3850
1	7	250	2.0859	3.3906
1	7	251	2.0942	3.3961
1	7	252	2.1025	3.4017
1	7	253	2.1108	3.4072
1	7	254	2.1191	3.4127
1	7	255	2.1274	3.4183
1	7	256	2.1357	3.4238
1	7	257	2.1440	3.4294
1	7	258	2.1524	3.4349
1	7	259	2.1607	3.4404
1	7	260	2.1690	3.4460
1	7	261	2.1773	3.4515
1	7	262	2.1856	3.4571
1	7	263	2.1939	3.4626
1	7	264	2.2022	3.4681
1	7	265	2.2105	3.4737
1	7	266	2.2188	3.4792
1	7	267	2.2271	3.4848
1	7	268	2.2355	3.4903
1	7	269	2.2438	3.4958
1	7	270	2.2521	3.5014
1	7	271	2.2604	3.5069
1	7	272	2.2687	3.5125
1	7	273	2.2770	3.5180
1	7	274	2.2853	3.5235
1	7	275	2.2936	3.5291
1	7	276	2.3019	3.5346
1	7	277	2.3102	3.5402
1	7	278	2.3186	3.5457
1	7	279	2.3269	3.5512
1	7	280	2.3352	3.5568
1	7	281	2.3435	3.5623
1	7	282	2.3518	3.5679
1	7	283	2.3601	3.5734
1	7	284	2.3684	3.5789
1	7	285	2.3767	3.5845
1	7	286	2.3850	3.5900
1	7	287	2.3934	3.5956
1	7	288	2.4017	3.6011
1	7	289	2.4100	3.6066
1	7	290	2.4183	3.6122
1	7	291	2.4266	3.6177
1	7	292	2.4349	3.6233
1	7	293	2.4432	3.6288
1	7	294	2.4515	3.6343
1	7	295	2.4598	3.6399
1	7	296	2.4681	3.6454
1	7	297	2.4765	3.6510
1	7	298	2.4848	3.6565
1	7	299	2.4931	3.6620
1	7	300	2.5014	3.6676
1	7	301	2.5097	3.6731
1	7	302	2.5180	3.6787
1	7	303	2.5263	3.6842
1	7	304	2.5346	3.6898
1	7	305	2.5429	3.6953
1	7	306	2.5512	3.7008
1	7	307	2.5596	3.7064
1	7	308	2.5679	3.7119
1	7	309	2.5762	3.7175
1	7	310	2.5845	3.7230
1	7	311	2.5928	3.7285
1	7	312	2.6011	3.7341
1	7	313	2.6094	3.7396
1	7	314	2.6177	3.7452
1	7	315	2.6260	3.7507
1	7	316	2.6343	3.7562
1	7	317	2.6427	3.7618
1	7	318	2.6510	3.7673
1	7	319	2.6593	3.7729
1	7	320	2.6676	3.7784
1	7	321	2.6759	3.7839
1	7	322	2.6842	3.7895
1	7	323	2.6925	3.7950
1	7	324	2.7008	3.8006
1	7	325	2.7091	3.8061
1	7	326	2.7175	3.8116
1	7	327	2.7258	3.8172
1	7	328	2.7341	3.8227
1	7	329	2.7424	3.8283
1	7	330	2.7507	3.8338
1	7	331	2.7590	3.8393
1	7	332	2.7673	3.8449
1	7	333	2.7756	3.8504
1	7	334	2.7839	3.8560
1	7	335	2.7922	3.8615
1	7	336	2.8006	3.8670
1	7	337	2.8089	3.8726
1	7	338	2.8172	3.8781
1	7	339	2.8255	3.8837
1	7	340	2.8338	3.8892
1	7	341	2.8421	3.8947
1	7	342	2.8504	3.9003
1	7	343	2.8587	3.9058
1	7	344	2.8670	3.9114
1	7	345	2.8753	3.9169
1	7	346	2.8837	3.9224
1	7	347	2.8920	3.9280
1	7	348	2.9003	3.9335
1	7	349	2.9086	3.9391
1	7	350	2.9169	3.9446
1	7	351	2.9252	3.9501
1	7	352	2.9335	3.9557
1	7	353	2.9418	3.9612
1	7	354	2.9501	3.9668
1	7	355	2.9584	3.9723
1	7	356	2.9668	3.9778
1	7	357	2.9751	3.9834
1	7	358	2.9834	3.9889
1	7	359	2.9917	3.9945
1	7	360	3.0000	4.0000
3	4	0	4.0100	1.9500
3	4	1	4.0200	1.9500
3	4	2	4.0300	1.9500
3	4	3	4.0400	1.9500
3	4	4	4.0500	1.9500
3	4	5	4.0600	1.9500
3	4	6	4.0700	1.9500
3	4	7	4.0800	1.9500
3	4	8	4.0900	1.9500
3	4	9	4.1000	1.9500
3	4	10	4.1100	1.9500
3	4	11	4.1200	1.9500
3	4	12	4.1300	1.9500
3	4	13	4.1400	1.9500
3	4	14	4.1500	1.9500
3	4	15	4.1600	1.9500
3	4	16	4.1700	1.9500
3	4	17	4.1800	1.9500
3	4	18	4.1900	1.9500
3	4	19	4.2000	1.9500
3	4	20	4.2100	1.9500
3	4	21	4.2200	1.9500
3	4	22	4.2300	1.9500
3	4	23	4.2400	1.9500
3	4	24	4.2500	1.9500
3	4	25	4.2600	1.9500
3	4	26	4.2700	1.9500
3	4	27	4.2800	1.9500
3	4	28	4.2900	1.9500
3	4	29	4.3000	1.9500
3	4	30	4.3100	1.9500
3	4	31	4.3200	1.9500
3	4	32	4.3300	1.9500
3	4	33	4.3400	1.9500
3	4	34	4.3500	1.9500
3	4	35	4.3600	1.9500
3	4	36	4.3700	1.9500
3	4	37	4.3800	1.9500
3	4	38	4.3900	1.9500
3	4	39	4.4000	1.9500
3	4	40	4.4100	1.9500
3	4	41	4.4200	1.9500
3	4	42	4.4300	1.9500
3	4	43	4.4400	1.9500
3	4	44	4.4500	1.9500
3	4	45	4.4600	1.9500
3	4	46	4.4700	1.9500
3	4	47	4.4800	1.9500
3	4	48	4.4900	1.9500
3	4	49	4.5000	1.9500
3	4	50	4.5100	1.9500
3	4	51	4.5200	1.9500
3	4	52	4.5300	1.9500
3	4	53	4.5400	1.9500
3	4	54	4.5500	1.9500
3	4	55	4.5600	1.9500
3	4	56	4.5700	1.9500
3	4	57	4.5800	1.9500
3	4	58	4.5900	1.9500
3	4	59	4.6000	1.9500
3	4	60	4.6100	1.9500
3	4	61	4.6200	1.9500
3	4	62	4.6300	1.9500
3	4	63	4.6400	1.9500
3	4	64	4.6500	1.9500
3	4	65	4.6600	1.9500
3	4	66	4.6700	1.9500
3	4	67	4.6800	1.9500
3	4	68	4.6900	1.9500
3	4	69	4.7000	1.9500
3	4	70	4.7100	1.9500
3	4	71	4.7200	1.9500
3	4	72	4.7300	1.9500
3	4	73	4.7400	1.9500
3	4	74	4.7500	1.9500
3	4	75	4.7600	1.9500
3	4	76	4.7700	1.9500
3	4	77	4.7800	1.9500
3	4	78	4.7900	1.9500
3	4	79	4.8000	1.9500
3	4	80	4.8100	1.9500
3	4	81	4.8200	1.9500
3	4	82	4.8300	1.9500
3	4	83	4.8400	1.9500
3	4	84	4.8500	1.9500
3	4	85	4.8600	1.9500
3	4	86	4.8700	1.9500
3	4	87	4.8800	1.9500
3	4	88	4.8900	1.9500
3	4	89	4.9000	1.9500
3	4	90	4.9100	1.9500
3	4	91	4.9200	1.9500
3	4	92	4.9300	1.9500
3	4	93	4.9400	1.9500
3	4	94	4.9500	1.9500
3	4	95	4.9600	1.9500
3	4	96	4.9700	1.9500
3	4	97	4.9800	1.9500
3	4	98	4.9900	1.9500
3	4	99	5.0000	1.9500
3	4	100	5.0100	1.9500
3	4	101	5.0200	1.9500
3	4	102	5.0300	1.9500
3	4	103	5.0400	1.9500
3	4	104	5.0500	1.9500
3	4	105	5.0600	1.9500
3	4	106	5.0700	1.9500
3	4	107	5.0800	1.9500
3	4	108	5.0900	1.9500
3	4	109	5.1000	1.9500
3	4	110	5.1100	1.9500
3	4	111	5.1200	1.9500
3	4	112	5.1300	1.9500
3	4	113	5.1400	1.9500
3	4	114	5.1500	1.9500
3	4	115	5.1600	1.9500
3	4	116	5.1700	1.9500
3	4	117	5.1800	1.9500
3	4	118	5.1900	1.9500
3	4	119	5.2000	1.9500
3	4	120	5.2100	1.9500
3	4	121	5.2200	1.9500
3	4	122	5.2300	1.9500
3	4	123	5.2400	1.9500
3	4	124	5.2500	1.9500
3	4	125	5.2600	1.9500
3	4	126	5.2700	1.9500
3	4	127	5.2800	1.9500
3	4	128	5.2900	1.9500
3	4	129	5.3000	1.9500
3	4	130	5.3100	1.9500
3	4	131	5.3200	1.9500
3	4	132	5.3300	1.9500
3	4	133	5.3400	1.9500
3	4	134	5.3500	1.9500
3	4	135	5.3600	1.9500
3	4	136	5.3700	1.9500
3	4	137	5.3800	1.9500
3	4	138	5.3900	1.9500
3	4	139	5.4000	1.9500
3	4	140	5.4100	1.9500
3	4	141	5.4200	1.9500
3	4	142	5.4300	1.9500
3	4	143	5.4400	1.9500
3	4	144	5.4500	1.9500
3	4	145	5.4600	1.9500
3	4	146	5.4700	1.9500
3	4	147	5.4800	1.9500
3	4	148	5.4900	1.9500
3	4	149	5.5000	1.9500
3	4	150	5.5100	1.9500
3	4	151	5.5200	1.9500
3	4	152	5.5300	1.9500
3	4	153	5.5400	1.9500
3	4	154	5.5500	1.9500
3	4	155	5.5600	1.9500
3	4	156	5.5700	1.9500
3	4	157	5.5800	1.9500
3	4	158	5.5900	1.9500
3	4	159	5.6000	1.9500
3	4	160	5.6100	1.9500
3	4	161	5.6200	1.9500
3	4	162	5.6300	1.9500
3	4	163	5.6400	1.9500
3	4	164	5.6500	1.9500
3	4	165	5.6600	1.9500
3	4	166	5.6700	1.9500
3	4	167	5.6800	1.9500
3	4	168	5.6900	1.9500
3	4	169	5.7000	1.9500
3	4	170	5.7100	1.9500
3	4	171	5.7200	1.9500
3	4	172	5.7300	1.9500
3	4	173	5.7400	1.9500
3	4	174	5.7500	1.9500
3	4	175	5.7600	1.9500
3	4	176	5.7700	1.9500
3	4	177	5.7800	1.9500
3	4	178	5.7900	1.9500
3	4	179	5.8000	1.9500
3	4	180	5.8100	1.9500
3	4	181	5.8200	1.9500
3	4	182	5.8300	1.9500
3	4	183	5.8400	1.9500
3	4	184	5.8500	1.9500
3	4	185	5.8600	1.9500
3	4	186	5.8700	1.9500
3	4	187	5.8800	1.9500
3	4	188	5.8900	1.9500
3	4	189	5.9000	1.9500
3	4	190	5.9100	1.9500
3	4	191	5.9200	1.9500
3	4	192	5.9300	1.9500
3	4	193	5.9400	1.9500
3	4	194	5.9500	1.9500
3	4	195	5.9600	1.9500
3	4	196	5.9700	1.9500
3	4	197	5.9800	1.9500
3	4	198	5.9900	1.9500
3	4	199	6.0000	1.9500
8	1	0	2.9917	0.0055
8	1	1	2.9834	0.0111
8	1	2	2.9751	0.0166
8	1	3	2.9668	0.0222
8	1	4	2.9584	0.0277
8	1	5	2.9501	0.0332
8	1	6	2.9418	0.0388
8	1	7	2.9335	0.0443
8	1	8	2.9252	0.0499
8	1	9	2.9169	0.0554
8	1	10	2.9086	0.0609
8	1	11	2.9003	0.0665
8	1	12	2.8920	0.0720
8	1	13	2.8837	0.0776
8	1	14	2.8753	0.0831
8	1	15	2.8670	0.0886
8	1	16	2.8587	0.0942
8	1	17	2.8504	0.0997
8	1	18	2.8421	0.1053
8	1	19	2.8338	0.1108
8	1	20	2.8255	0.1163
8	1	21	2.8172	0.1219
8	1	22	2.8089	0.1274
8	1	23	2.8006	0.1330
8	1	24	2.7922	0.1385
8	1	25	2.7839	0.1440
8	1	26	2.7756	0.1496
8	1	27	2.7673	0.1551
8	1	28	2.7590	0.1607
8	1	29	2.7507	0.1662
8	1	30	2.7424	0.1717
8	1	31	2.7341	0.1773
8	1	32	2.7258	0.1828
8	1	33	2.7175	0.1884
8	1	34	2.7091	0.1939
8	1	35	2.7008	0.1994
8	1	36	2.6925	0.2050
8	1	37	2.6842	0.2105
8	1	38	2.6759	0.2161
8	1	39	2.6676	0.2216
8	1	40	2.6593	0.2271
8	1	41	2.6510	0.2327
8	1	42	2.6427	0.2382
8	1	43	2.6343	0.2438
8	1	44	2.6260	0.2493
8	1	45	2.6177	0.2548
8	1	46	2.6094	0.2604
8	1	47	2.6011	0.2659
8	1	48	2.5928	0.2715
8	1	49	2.5845	0.2770
8	1	50	2.5762	0.2825
8	1	51	2.5679	0.2881
8	1	52	2.5596	0.2936
8	1	53	2.5512	0.2992
8	1	54	2.5429	0.3047
8	1	55	2.5346	0.3102
8	1	56	2.5263	0.3158
8	1	57	2.5180	0.3213
8	1	58	2.5097	0.3269
8	1	59	2.5014	0.3324
8	1	60	2.4931	0.3380
8	1	61	2.4848	0.3435
8	1	62	2.4765	0.3490
8	1	63	2.4681	0.3546
8	1	64	2.4598	0.3601
8	1	65	2.4515	0.3657
8	1	66	2.4432	0.3712
8	1	67	2.4349	0.3767
8	1	68	2.4266	0.3823
8	1	69	2.4183	0.3878
8	1	70	2.4100	0.3934
8	1	71	2.4017	0.3989
8	1	72	2.3934	0.4044
8	1	73	2.3850	0.4100
8	1	74	2.3767	0.4155
8	1	75	2.3684	0.4211
8	1	76	2.3601	0.4266
8	1	77	2.3518	0.4321
8	1	78	2.3435	0.4377
8	1	79	2.3352	0.4432
8	1	80	2.3269	0.4488
8	1	81	2.3186	0.4543
8	1	82	2.3102	0.4598
8	1	83	2.3019	0.4654
8	1	84	2.2936	0.4709
8	1	85	2.2853	0.4765
8	1	86	2.2770	0.4820
8	1	87	2.2687	0.4875
8	1	88	2.2604	0.4931
8	1	89	2.2521	0.4986
8	1	90	2.2438	0.5042
8	1	91	2.2355	0.5097
8	1	92	2.2271	0.5152
8	1	93	2.2188	0.5208
8	1	94	2.2105	0.5263
8	1	95	2.2022	0.5319
8	1	96	2.1939	0.5374
8	1	97	2.1856	0.5429
8	1	98	2.1773	0.5485
8	1	99	2.1690	0.5540
8	1	100	2.1607	0.5596
8	1	101	2.1524	0.5651
8	1	102	2.1440	0.5706
8	1	103	2.1357	0.5762
8	1	104	2.1274	0.5817
8	1	105	2.1191	0.5873
8	1	106	2.1108	0.5928
8	1	107	2.1025	0.5983
8	1	108	2.0942	0.6039
8	1	109	2.0859	0.6094
8	1	110	2.0776	0.6150
8	1	111	2.0693	0.6205
8	1	112	2.0609	0.6260
8	1	113	2.0526	0.6316
8	1	114	2.0443	0.6371
8	1	115	2.0360	0.6427
8	1	116	2.0277	0.6482
8	1	117	2.0194	0.6537
8	1	118	2.0111	0.6593
8	1	119	2.0028	0.6648
8	1	120	1.9945	0.6704
8	1	121	1.9861	0.6759
8	1	122	1.9778	0.6814
8	1	123	1.9695	0.6870
8	1	124	1.9612	0.6925
8	1	125	1.9529	0.6981
8	1	126	1.9446	0.7036
8	1	127	1.9363	0.7091
8	1	128	1.9280	0.7147
8	1	129	1.9197	0.7202
8	1	130	1.9114	0.7258
8	1	131	1.9030	0.7313
8	1	132	1.8947	0.7368
8	1	133	1.8864	0.7424
8	1	134	1.8781	0.7479
8	1	135	1.8698	0.7535
8	1	136	1.8615	0.7590
8	1	137	1.8532	0.7645
8	1	138	1.8449	0.7701
8	1	139	1.8366	0.7756
8	1	140	1.8283	0.7812
8	1	141	1.8199	0.7867
8	1	142	1.8116	0.7922
8	1	143	1.8033	0.7978
8	1	144	1.7950	0.8033
8	1	145	1.7867	0.8089
8	1	146	1.7784	0.8144
8	1	147	1.7701	0.8199
8	1	148	1.7618	0.8255
8	1	149	1.7535	0.8310
8	1	150	1.7452	0.8366
8	1	151	1.7368	0.8421
8	1	152	1.7285	0.8476
8	1	153	1.7202	0.8532
8	1	154	1.7119	0.8587
8	1	155	1.7036	0.8643
8	1	156	1.6953	0.8698
8	1	157	1.6870	0.8753
8	1	158	1.6787	0.8809
8	1	159	1.6704	0.8864
8	1	160	1.6620	0.8920
8	1	161	1.6537	0.8975
8	1	162	1.6454	0.9030
8	1	163	1.6371	0.9086
8	1	164	1.6288	0.9141
8	1	165	1.6205	0.9197
8	1	166	1.6122	0.9252
8	1	167	1.6039	0.9307
8	1	168	1.5956	0.9363
8	1	169	1.5873	0.9418
8	1	170	1.5789	0.9474
8	1	171	1.5706	0.9529
8	1	172	1.5623	0.9584
8	1	173	1.5540	0.9640
8	1	174	1.5457	0.9695
8	1	175	1.5374	0.9751
8	1	176	1.5291	0.9806
8	1	177	1.5208	0.9861
8	1	178	1.5125	0.9917
8	1	179	1.5042	0.9972
8	1	180	1.4958	1.0028
8	1	181	1.4875	1.0083
8	1	182	1.4792	1.0139
8	1	183	1.4709	1.0194
8	1	184	1.4626	1.0249
8	1	185	1.4543	1.0305
8	1	186	1.4460	1.0360
8	1	187	1.4377	1.0416
8	1	188	1.4294	1.0471
8	1	189	1.4211	1.0526
8	1	190	1.4127	1.0582
8	1	191	1.4044	1.0637
8	1	192	1.3961	1.0693
8	1	193	1.3878	1.0748
8	1	194	1.3795	1.0803
8	1	195	1.3712	1.0859
8	1	196	1.3629	1.0914
8	1	197	1.3546	1.0970
8	1	198	1.3463	1.1025
8	1	199	1.3380	1.1080
8	1	200	1.3296	1.1136
8	1	201	1.3213	1.1191
8	1	202	1.3130	1.1247
8	1	203	1.3047	1.1302
8	1	204	1.2964	1.1357
8	1	205	1.2881	1.1413
8	1	206	1.2798	1.1468
8	1	207	1.2715	1.1524
8	1	208	1.2632	1.1579
8	1	209	1.2548	1.1634
8	1	210	1.2465	1.1690
8	1	211	1.2382	1.1745
8	1	212	1.2299	1.1801
8	1	213	1.2216	1.1856
8	1	214	1.2133	1.1911
8	1	215	1.2050	1.1967
8	1	216	1.1967	1.2022
8	1	217	1.1884	1.2078
8	1	218	1.1801	1.2133
8	1	219	1.1717	1.2188
8	1	220	1.1634	1.2244
8	1	221	1.1551	1.2299
8	1	222	1.1468	1.2355
8	1	223	1.1385	1.2410
8	1	224	1.1302	1.2465
8	1	225	1.1219	1.2521
8	1	226	1.1136	1.2576
8	1	227	1.1053	1.2632
8	1	228	1.0970	1.2687
8	1	229	1.0886	1.2742
8	1	230	1.0803	1.2798
8	1	231	1.0720	1.2853
8	1	232	1.0637	1.2909
8	1	233	1.0554	1.2964
8	1	234	1.0471	1.3019
8	1	235	1.0388	1.3075
8	1	236	1.0305	1.3130
8	1	237	1.0222	1.3186
8	1	238	1.0139	1.3241
8	1	239	1.0055	1.3296
8	1	240	0.9972	1.3352
8	1	241	0.9889	1.3407
8	1	242	0.9806	1.3463
8	1	243	0.9723	1.3518
8	1	244	0.9640	1.3573
8	1	245	0.9557	1.3629
8	1	246	0.9474	1.3684
8	1	247	0.9391	1.3740
8	1	248	0.9307	1.3795
8	1	249	0.9224	1.3850
8	1	250	0.9141	1.3906
8	1	251	0.9058	1.3961
8	1	252	0.8975	1.4017
8	1	253	0.8892	1.4072
8	1	254	0.8809	1.4127
8	1	255	0.8726	1.4183
8	1	256	0.8643	1.4238
8	1	257	0.8560	1.4294
8	1	258	0.8476	1.4349
8	1	259	0.8393	1.4404
8	1	260	0.8310	1.4460
8	1	261	0.8227	1.4515
8	1	262	0.8144	1.4571
8	1	263	0.8061	1.4626
8	1	264	0.7978	1.4681
8	1	265	0.7895	1.4737
8	1	266	0.7812	1.4792
8	1	267	0.7729	1.4848
8	1	268	0.7645	1.4903
8	1	269	0.7562	1.4958
8	1	270	0.7479	1.5014
8	1	271	0.7396	1.5069
8	1	272	0.7313	1.5125
8	1	273	0.7230	1.5180
8	1	274	0.7147	1.5235
8	1	275	0.7064	1.5291
8	1	276	0.6981	1.5346
8	1	277	0.6898	1.5402
8	1	278	0.6814	1.5457
8	1	279	0.6731	1.5512
8	1	280	0.6648	1.5568
8	1	281	0.6565	1.5623
8	1	282	0.6482	1.5679
8	1	283	0.6399	1.5734
8	1	284	0.6316	1.5789
8	1	285	0.6233	1.5845
8	1	286	0.6150	1.5900
8	1	287	0.6066	1.5956
8	1	288	0.5983	1.6011
8	1	289	0.5900	1.6066
8	1	290	0.5817	1.6122
8	1	291	0.5734	1.6177
8	1	292	0.5651	1.6233
8	1	293	0.5568	1.6288
8	1	294	0.5485	1.6343
8	1	295	0.5402	1.6399
8	1	296	0.5319	1.6454
8	1	297	0.5235	1.6510
8	1	298	0.5152	1.6565
8	1	299	0.5069	1.6620
8	1	300	0.4986	1.6676
8	1	301	0.4903	1.6731
8	1	302	0.4820	1.6787
8	1	303	0.4737	1.6842
8	1	304	0.4654	1.6898
8	1	305	0.4571	1.6953
8	1	306	0.4488	1.7008
8	1	307	0.4404	1.7064
8	1	308	0.4321	1.7119
8	1	309	0.4238	1.7175
8	1	310	0.4155	1.7230
8	1	311	0.4072	1.7285
8	1	312	0.3989	1.7341
8	1	313	0.3906	1.7396
8	1	314	0.3823	1.7452
8	1	315	0.3740	1.7507
8	1	316	0.3657	1.7562
8	1	317	0.3573	1.7618
8	1	318	0.3490	1.7673
8	1	319	0.3407	1.7729
8	1	320	0.3324	1.7784
8	1	321	0.3241	1.7839
8	1	322	0.3158	1.7895
8	1	323	0.3075	1.7950
8	1	324	0.2992	1.8006
8	1	325	0.2909	1.8061
8	1	326	0.2825	1.8116
8	1	327	0.2742	1.8172
8	1	328	0.2659	1.8227
8	1	329	0.2576	1.8283
8	1	330	0.2493	1.8338
8	1	331	0.2410	1.8393
8	1	332	0.2327	1.8449
8	1	333	0.2244	1.8504
8	1	334	0.2161	1.8560
8	1	335	0.2078	1.8615
8	1	336	0.1994	1.8670
8	1	337	0.1911	1.8726
8	1	338	0.1828	1.8781
8	1	339	0.1745	1.8837
8	1	340	0.1662	1.8892
8	1	341	0.1579	1.8947
8	1	342	0.1496	1.9003
8	1	343	0.1413	1.9058
8	1	344	0.1330	1.9114
8	1	345	0.1247	1.9169
8	1	346	0.1163	1.9224
8	1	347	0.1080	1.9280
8	1	348	0.0997	1.9335
8	1	349	0.0914	1.9391
8	1	350	0.0831	1.9446
8	1	351	0.0748	1.9501
8	1	352	0.0665	1.9557
8	1	353	0.0582	1.9612
8	1	354	0.0499	1.9668
8	1	355	0.0416	1.9723
8	1	356	0.0332	1.9778
8	1	357	0.0249	1.9834
8	1	358	0.0166	1.9889
8	1	359	0.0083	1.9945
8	1	360	-0.0000	2.0000
4	8	0	5.9917	1.9945
4	8	1	5.9834	1.9889
4	8	2	5.9751	1.9834
4	8	3	5.9668	1.9778
4	8	4	5.9584	1.9723
4	8	5	5.9501	1.9668
4	8	6	5.9418	1.9612
4	8	7	5.9335	1.9557
4	8	8	5.9252	1.9501
4	8	9	5.9169	1.9446
4	8	10	5.9086	1.9391
4	8	11	5.9003	1.9335
4	8	12	5.8920	1.9280
4	8	13	5.8837	1.9224
4	8	14	5.8753	1.9169
4	8	15	5.8670	1.9114
4	8	16	5.8587	1.9058
4	8	17	5.8504	1.9003
4	8	18	5.8421	1.8947
4	8	19	5.8338	1.8892
4	8	20	5.8255	1.8837
4	8	21	5.8172	1.8781
4	8	22	5.8089	1.8726
4	8	23	5.8006	1.8670
4	8	24	5.7922	1.8615
4	8	25	5.7839	1.8560
4	8	26	5.7756	1.8504
4	8	27	5.7673	1.8449
4	8	28	5.7590	1.8393
4	8	29	5.7507	1.8338
4	8	30	5.7424	1.8283
4	8	31	5.7341	1.8227
4	8	32	5.7258	1.8172
4	8	33	5.7175	1.8116
4	8	34	5.7091	1.8061
4	8	35	5.7008	1.8006
4	8	36	5.6925	1.7950
4	8	37	5.6842	1.7895
4	8	38	5.6759	1.7839
4	8	39	5.6676	1.7784
4	8	40	5.6593	1.7729
4	8	41	5.6510	1.7673
4	8	42	5.6427	1.7618
4	8	43	5.6343	1.7562
4	8	44	5.6260	1.7507
4	8	45	5.6177	1.7452
4	8	46	5.6094	1.7396
4	8	47	5.6011	1.7341
4	8	48	5.5928	1.7285
4	8	49	5.5845	1.7230
4	8	50	5.5762	1.7175
4	8	51	5.5679	1.7119
4	8	52	5.5596	1.7064
4	8	53	5.5512	1.7008
4	8	54	5.5429	1.6953
4	8	55	5.5346	1.6898
4	8	56	5.5263	1.6842
4	8	57	5.5180	1.6787
4	8	58	5.5097	1.6731
4	8	59	5.5014	1.6676
4	8	60	5.4931	1.6620
4	8	61	5.4848	1.6565
4	8	62	5.4765	1.6510
4	8	63	5.4681	1.6454
4	8	64	5.4598	1.6399
4	8	65	5.4515	1.6343
4	8	66	5.4432	1.6288
4	8	67	5.4349	1.6233
4	8	68	5.4266	1.6177
4	8	69	5.4183	1.6122
4	8	70	5.4100	1.6066
4	8	71	5.4017	1.6011
4	8	72	5.3934	1.5956
4	8	73	5.3850	1.5900
4	8	74	5.3767	1.5845
4	8	75	5.3684	1.5789
4	8	76	5.3601	1.5734
4	8	77	5.3518	1.5679
4	8	78	5.3435	1.5623
4	8	79	5.3352	1.5568
4	8	80	5.3269	1.5512
4	8	81	5.3186	1.5457
4	8	82	5.3102	1.5402
4	8	83	5.3019	1.5346
4	8	84	5.2936	1.5291
4	8	85	5.2853	1.5235
4	8	86	5.2770	1.5180
4	8	87	5.2687	1.5125
4	8	88	5.2604	1.5069
4	8	89	5.2521	1.5014
4	8	90	5.2438	1.4958
4	8	91	5.2355	1.4903
4	8	92	5.2271	1.4848
4	8	93	5.2188	1.4792
4	8	94	5.2105	1.4737
4	8	95	5.2022	1.4681
4	8	96	5.1939	1.4626
4	8	97	5.1856	1.4571
4	8	98	5.1773	1.4515
4	8	99	5.1690	1.4460
4	8	100	5.1607	1.4404
4	8	101	5.1524	1.4349
4	8	102	5.1440	1.4294
4	8	103	5.1357	1.4238
4	8	104	5.1274	1.4183
4	8	105	5.1191	1.4127
4	8	106	5.1108	1.4072
4	8	107	5.1025	1.4017
4	8	108	5.0942	1.3961
4	8	109	5.0859	1.3906
4	8	110	5.0776	1.3850
4	8	111	5.0693	1.3795
4	8	112	5.0609	1.3740
4	8	113	5.0526	1.3684
4	8	114	5.0443	1.3629
4	8	115	5.0360	1.3573
4	8	116	5.0277	1.3518
4	8	117	5.0194	1.3463
4	8	118	5.0111	1.3407
4	8	119	5.0028	1.3352
4	8	120	4.9945	1.3296
4	8	121	4.9861	1.3241
4	8	122	4.9778	1.3186
4	8	123	4.9695	1.3130
4	8	124	4.9612	1.3075
4	8	125	4.9529	1.3019
4	8	126	4.9446	1.2964
4	8	127	4.9363	1.2909
4	8	128	4.9280	1.2853
4	8	129	4.9197	1.2798
4	8	130	4.9114	1.2742
4	8	131	4.9030	1.2687
4	8	132	4.8947	1.2632
4	8	133	4.8864	1.2576
4	8	134	4.8781	1.2521
4	8	135	4.8698	1.2465
4	8	136	4.8615	1.2410
4	8	137	4.8532	1.2355
4	8	138	4.8449	1.2299
4	8	139	4.8366	1.2244
4	8	140	4.8283	1.2188
4	8	141	4.8199	1.2133
4	8	142	4.8116	1.2078
4	8	143	4.8033	1.2022
4	8	144	4.7950	1.1967
4	8	145	4.7867	1.1911
4	8	146	4.7784	1.1856
4	8	147	4.7701	1.1801
4	8	148	4.7618	1.1745
4	8	149	4.7535	1.1690
4	8	150	4.7452	1.1634
4	8	151	4.7368	1.1579
4	8	152	4.7285	1.1524
4	8	153	4.7202	1.1468
4	8	154	4.7119	1.1413
4	8	155	4.7036	1.1357
4	8	156	4.6953	1.1302
4	8	157	4.6870	1.1247
4	8	158	4.6787	1.1191
4	8	159	4.6704	1.1136
4	8	160	4.6620	1.1080
4	8	161	4.6537	1.1025
4	8	162	4.6454	1.0970
4	8	163	4.6371	1.0914
4	8	164	4.6288	1.0859
4	8	165	4.6205	1.0803
4	8	166	4.6122	1.0748
4	8	167	4.6039	1.0693
4	8	168	4.5956	1.0637
4	8	169	4.5873	1.0582
4	8	170	4.5789	1.0526
4	8	171	4.5706	1.0471
4	8	172	4.5623	1.0416
4	8	173	4.5540	1.0360
4	8	174	4.5457	1.0305
4	8	175	4.5374	1.0249
4	8	176	4.5291	1.0194
4	8	177	4.5208	1.0139
4	8	178	4.5125	1.0083
4	8	179	4.5042	1.0028
4	8	180	4.4958	0.9972
4	8	181	4.4875	0.9917
4	8	182	4.4792	0.9861
4	8	183	4.4709	0.9806
4	8	184	4.4626	0.9751
4	8	185	4.4543	0.9695
4	8	186	4.4460	0.9640
4	8	187	4.4377	0.9584
4	8	188	4.4294	0.9529
4	8	189	4.4211	0.9474
4	8	190	4.4127	0.9418
4	8	191	4.4044	0.9363
4	8	192	4.3961	0.9307
4	8	193	4.3878	0.9252
4	8	194	4.3795	0.9197
4	8	195	4.3712	0.9141
4	8	196	4.3629	0.9086
4	8	197	4.3546	0.9030
4	8	198	4.3463	0.8975
4	8	199	4.3380	0.8920
4	8	200	4.3296	0.8864
4	8	201	4.3213	0.8809
4	8	202	4.3130	0.8753
4	8	203	4.3047	0.8698
4	8	204	4.2964	0.8643
4	8	205	4.2881	0.8587
4	8	206	4.2798	0.8532
4	8	207	4.2715	0.8476
4	8	208	4.2632	0.8421
4	8	209	4.2548	0.8366
4	8	210	4.2465	0.8310
4	8	211	4.2382	0.8255
4	8	212	4.2299	0.8199
4	8	213	4.2216	0.8144
4	8	214	4.2133	0.8089
4	8	215	4.2050	0.8033
4	8	216	4.1967	0.7978
4	8	217	4.1884	0.7922
4	8	218	4.1801	0.7867
4	8	219	4.1717	0.7812
4	8	220	4.1634	0.7756
4	8	221	4.1551	0.7701
4	8	222	4.1468	0.7645
4	8	223	4.1385	0.7590
4	8	224	4.1302	0.7535
4	8	225	4.1219	0.7479
4	8	226	4.1136	0.7424
4	8	227	4.1053	0.7368
4	8	228	4.0970	0.7313
4	8	229	4.0886	0.7258
4	8	230	4.0803	0.7202
4	8	231	4.0720	0.7147
4	8	232	4.0637	0.7091
4	8	233	4.0554	0.7036
4	8	234	4.0471	0.6981
4	8	235	4.0388	0.6925
4	8	236	4.0305	0.6870
4	8	237	4.0222	0.6814
4	8	238	4.0139	0.6759
4	8	239	4.0055	0.6704
4	8	240	3.9972	0.6648
4	8	241	3.9889	0.6593
4	8	242	3.9806	0.6537
4	8	243	3.9723	0.6482
4	8	244	3.9640	0.6427
4	8	245	3.9557	0.6371
4	8	246	3.9474	0.6316
4	8	247	3.9391	0.6260
4	8	248	3.9307	0.6205
4	8	249	3.9224	0.6150
4	8	250	3.9141	0.6094
4	8	251	3.9058	0.6039
4	8	252	3.8975	0.5983
4	8	253	3.8892	0.5928
4	8	254	3.8809	0.5873
4	8	255	3.8726	0.5817
4	8	256	3.8643	0.5762
4	8	257	3.8560	0.5706
4	8	258	3.8476	0.5651
4	8	259	3.8393	0.5596
4	8	260	3.8310	0.5540
4	8	261	3.8227	0.5485
4	8	262	3.8144	0.5429
4	8	263	3.8061	0.5374
4	8	264	3.7978	0.5319
4	8	265	3.7895	0.5263
4	8	266	3.7812	0.5208
4	8	267	3.7729	0.5152
4	8	268	3.7645	0.5097
4	8	269	3.7562	0.5042
4	8	270	3.7479	0.4986
4	8	271	3.7396	0.4931
4	8	272	3.7313	0.4875
4	8	273	3.7230	0.4820
4	8	274	3.7147	0.4765
4	8	275	3.7064	0.4709
4	8	276	3.6981	0.4654
4	8	277	3.6898	0.4598
4	8	278	3.6814	0.4543
4	8	279	3.6731	0.4488
4	8	280	3.6648	0.4432
4	8	281	3.6565	0.4377
4	8	282	3.6482	0.4321
4	8	283	3.6399	0.4266
4	8	284	3.6316	0.4211
4	8	285	3.6233	0.4155
4	8	286	3.6150	0.4100
4	8	287	3.6066	0.4044
4	8	288	3.5983	0.3989
4	8	289	3.5900	0.3934
4	8	290	3.5817	0.3878
4	8	291	3.5734	0.3823
4	8	292	3.5651	0.3767
4	8	293	3.5568	0.3712
4	8	294	3.5485	0.3657
4	8	295	3.5402	0.3601
4	8	296	3.5319	0.3546
4	8	297	3.5235	0.3490
4	8	298	3.5152	0.3435
4	8	299	3.5069	0.3380
4	8	300	3.4986	0.3324
4	8	301	3.4903	0.3269
4	8	302	3.4820	0.3213
4	8	303	3.4737	0.3158
4	8	304	3.4654	0.3102
4	8	305	3.4571	0.3047
4	8	306	3.4488	0.2992
4	8	307	3.4404	0.2936
4	8	308	3.4321	0.2881
4	8	309	3.4238	0.2825
4	8	310	3.4155	0.2770
4	8	311	3.4072	0.2715
4	8	312	3.3989	0.2659
4	8	313	3.3906	0.2604
4	8	314	3.3823	0.2548
4	8	315	3.3740	0.2493
4	8	316	3.3657	0.2438
4	8	317	3.3573	0.2382
4	8	318	3.3490	0.2327
4	8	319	3.3407	0.2271
4	8	320	3.3324	0.2216
4	8	321	3.3241	0.2161
4	8	322	3.3158	0.2105
4	8	323	3.3075	0.2050
4	8	324	3.2992	0.1994
4	8	325	3.2909	0.1939
4	8	326	3.2825	0.1884
4	8	327	3.2742	0.1828
4	8	328	3.2659	0.1773
4	8	329	3.2576	0.1717
4	8	330	3.2493	0.1662
4	8	331	3.2410	0.1607
4	8	332	3.2327	0.1551
4	8	333	3.2244	0.1496
4	8	334	3.2161	0.1440
4	8	335	3.2078	0.1385
4	8	336	3.1994	0.1330
4	8	337	3.1911	0.1274
4	8	338	3.1828	0.1219
4	8	339	3.1745	0.1163
4	8	340	3.1662	0.1108
4	8	341	3.1579	0.1053
4	8	342	3.1496	0.0997
4	8	343	3.1413	0.0942
4	8	344	3.1330	0.0886
4	8	345	3.1247	0.0831
4	8	346	3.1163	0.0776
4	8	347	3.1080	0.0720
4	8	348	3.0997	0.0665
4	8	349	3.0914	0.0609
4	8	350	3.0831	0.0554
4	8	351	3.0748	0.0499
4	8	352	3.0665	0.0443
4	8	353	3.0582	0.0388
4	8	354	3.0499	0.0332
4	8	355	3.0416	0.0277
4	8	356	3.0332	0.0222
4	8	357	3.0249	0.0166
4	8	358	3.0166	0.0111
4	8	359	3.0083	0.0055
4	8	360	3.0000	0.0000
