0	1	400	0
0	10	400	270
1	2	400	0
1	0	400	180
1	11	400	270
2	3	400	0
2	1	400	180
2	12	400	270
3	4	400	0
3	2	400	180
3	13	400	270
4	5	400	0
4	3	400	180
4	14	400	270
5	6	400	0
5	4	400	180
5	15	400	270
6	7	400	0
6	5	400	180
6	16	400	270
7	8	400	0
7	6	400	180
7	17	400	270
8	9	400	0
8	7	400	180
8	18	400	270
9	8	400	180
9	19	400	270
10	11	400	0
10	20	400	270
10	0	400	90
11	12	400	0
11	10	400	180
11	21	400	270
11	1	400	90
12	13	400	0
12	11	400	180
12	22	400	270
12	2	400	90
13	14	400	0
13	12	400	180
13	23	400	270
13	3	400	90
14	15	400	0
14	13	400	180
14	24	400	270
14	4	400	90
15	16	400	0
15	14	400	180
15	25	400	270
15	5	400	90
16	17	400	0
16	15	400	180
16	26	400	270
16	6	400	90
17	18	400	0
17	16	400	180
17	27	400	270
17	7	400	90
18	19	400	0
18	17	400	180
18	28	400	270
18	8	400	90
19	18	400	180
19	29	400	270
19	9	400	90
20	21	400	0
20	30	400	270
20	10	400	90
21	22	400	0
21	20	400	180
21	31	400	270
21	11	400	90
22	23	400	0
22	21	400	180
22	32	400	270
22	12	400	90
23	24	400	0
23	22	400	180
23	33	400	270
23	13	400	90
24	25	400	0
24	23	400	180
24	34	400	270
24	14	400	90
25	26	400	0
25	24	400	180
25	35	400	270
25	15	400	90
26	27	400	0
26	25	400	180
26	36	400	270
26	16	400	90
27	28	400	0
27	26	400	180
27	37	400	270
27	17	400	90
28	29	400	0
28	27	400	180
28	38	400	270
28	18	400	90
29	28	400	180
29	39	400	270
29	19	400	90
30	31	400	0
30	40	400	270
30	20	400	90
31	32	400	0
31	30	400	180
31	41	400	270
31	21	400	90
32	33	400	0
32	31	400	180
32	42	400	270
32	22	400	90
33	34	400	0
33	32	400	180
33	43	400	270
33	23	400	90
34	35	400	0
34	33	400	180
34	44	400	270
34	24	400	90
35	36	400	0
35	34	400	180
35	45	400	270
35	25	400	90
36	37	400	0
36	35	400	180
36	46	400	270
36	26	400	90
37	38	400	0
37	36	400	180
37	47	400	270
37	27	400	90
38	39	400	0
38	37	400	180
38	48	400	270
38	28	400	90
39	38	400	180
39	49	400	270
39	29	400	90
40	41	400	0
40	50	400	270
40	30	400	90
41	42	400	0
41	40	400	180
41	51	400	270
41	31	400	90
42	43	400	0
42	41	400	180
42	52	400	270
42	32	400	90
43	44	400	0
43	42	400	180
43	53	400	270
43	33	400	90
44	45	400	0
44	43	400	180
44	54	400	270
44	34	400	90
45	46	400	0
45	44	400	180
45	55	400	270
45	35	400	90
46	47	400	0
46	45	400	180
46	56	400	270
46	36	400	90
47	48	400	0
47	46	400	180
47	57	400	270
47	37	400	90
48	49	400	0
48	47	400	180
48	58	400	270
48	38	400	90
49	48	400	180
49	59	400	270
49	39	400	90
50	51	400	0
50	60	400	270
50	40	400	90
51	52	400	0
51	50	400	180
51	61	400	270
51	41	400	90
52	53	400	0
52	51	400	180
52	62	400	270
52	42	400	90
53	54	400	0
53	52	400	180
53	63	400	270
53	43	400	90
54	55	400	0
54	53	400	180
54	64	400	270
54	44	400	90
55	56	400	0
55	54	400	180
55	65	400	270
55	45	400	90
56	57	400	0
56	55	400	180
56	66	400	270
56	46	400	90
57	58	400	0
57	56	400	180
57	67	400	270
57	47	400	90
58	59	400	0
58	57	400	180
58	68	400	270
58	48	400	90
59	58	400	180
59	69	400	270
59	49	400	90
60	61	400	0
60	70	400	270
60	50	400	90
61	62	400	0
61	60	400	180
61	71	400	270
61	51	400	90
62	63	400	0
62	61	400	180
62	72	400	270
62	52	400	90
63	64	400	0
63	62	400	180
63	73	400	270
63	53	400	90
64	65	400	0
64	63	400	180
64	74	400	270
64	54	400	90
65	66	400	0
65	64	400	180
65	75	400	270
65	55	400	90
66	67	400	0
66	65	400	180
66	76	400	270
66	56	400	90
67	68	400	0
67	66	400	180
67	77	400	270
67	57	400	90
68	69	400	0
68	67	400	180
68	78	400	270
68	58	400	90
69	68	400	180
69	79	400	270
69	59	400	90
70	71	400	0
70	80	400	270
70	60	400	90
71	72	400	0
71	70	400	180
71	81	400	270
71	61	400	90
72	73	400	0
72	71	400	180
72	82	400	270
72	62	400	90
73	74	400	0
73	72	400	180
73	83	400	270
73	63	400	90
74	75	400	0
74	73	400	180
74	84	400	270
74	64	400	90
75	76	400	0
75	74	400	180
75	85	400	270
75	65	400	90
76	77	400	0
76	75	400	180
76	86	400	270
76	66	400	90
77	78	400	0
77	76	400	180
77	87	400	270
77	67	400	90
78	79	400	0
78	77	400	180
78	88	400	270
78	68	400	90
79	78	400	180
79	89	400	270
79	69	400	90
80	81	400	0
80	90	400	270
80	70	400	90
81	82	400	0
81	80	400	180
81	91	400	270
81	71	400	90
82	83	400	0
82	81	400	180
82	92	400	270
82	72	400	90
83	84	400	0
83	82	400	180
83	93	400	270
83	73	400	90
84	85	400	0
84	83	400	180
84	94	400	270
84	74	400	90
85	86	400	0
85	84	400	180
85	95	400	270
85	75	400	90
86	87	400	0
86	85	400	180
86	96	400	270
86	76	400	90
87	88	400	0
87	86	400	180
87	97	400	270
87	77	400	90
88	89	400	0
88	87	400	180
88	98	400	270
88	78	400	90
89	88	400	180
89	99	400	270
89	79	400	90
90	91	400	0
90	80	400	90
91	92	400	0
91	90	400	180
91	81	400	90
92	93	400	0
92	91	400	180
92	82	400	90
93	94	400	0
93	92	400	180
93	83	400	90
94	95	400	0
94	93	400	180
94	84	400	90
95	96	400	0
95	94	400	180
95	85	400	90
96	97	400	0
96	95	400	180
96	86	400	90
97	98	400	0
97	96	400	180
97	87	400	90
98	99	400	0
98	97	400	180
98	88	400	90
99	98	400	180
99	89	400	90
