0	1	0	0.1000	0.0000
0	1	1	0.2000	0.0000
0	1	2	0.3000	0.0000
0	1	3	0.4000	0.0000
0	1	4	0.5000	0.0000
0	1	5	0.6000	0.0000
0	1	6	0.7000	0.0000
0	1	7	0.8000	0.0000
0	1	8	0.9000	0.0000
0	1	9	1.0000	0.0000
1	2	0	1.1000	0.0000
1	2	1	1.2000	0.0000
1	2	2	1.3000	0.0000
1	2	3	1.4000	0.0000
1	2	4	1.5000	0.0000
1	2	5	1.6000	0.0000
1	2	6	1.7000	0.0000
1	2	7	1.8000	0.0000
1	2	8	1.9000	0.0000
1	2	9	2.0000	0.0000
1	11	0	1.0000	0.1000
1	11	1	1.0000	0.2000
1	11	2	1.0000	0.3000
1	11	3	1.0000	0.4000
1	11	4	1.0000	0.5000
1	11	5	1.0000	0.6000
1	11	6	1.0000	0.7000
1	11	7	1.0000	0.8000
1	11	8	1.0000	0.9000
1	11	9	1.0000	1.0000
2	3	0	2.1000	0.0000
2	3	1	2.2000	0.0000
2	3	2	2.3000	0.0000
2	3	3	2.4000	0.0000
2	3	4	2.5000	0.0000
2	3	5	2.6000	0.0000
2	3	6	2.7000	0.0000
2	3	7	2.8000	0.0000
2	3	8	2.9000	0.0000
2	3	9	3.0000	0.0000
3	4	0	3.1000	0.0000
3	4	1	3.2000	0.0000
3	4	2	3.3000	0.0000
3	4	3	3.4000	0.0000
3	4	4	3.5000	0.0000
3	4	5	3.6000	0.0000
3	4	6	3.7000	0.0000
3	4	7	3.8000	0.0000
3	4	8	3.9000	0.0000
3	4	9	4.0000	0.0000
3	13	0	3.0000	0.1000
3	13	1	3.0000	0.2000
3	13	2	3.0000	0.3000
3	13	3	3.0000	0.4000
3	13	4	3.0000	0.5000
3	13	5	3.0000	0.6000
3	13	6	3.0000	0.7000
3	13	7	3.0000	0.8000
3	13	8	3.0000	0.9000
3	13	9	3.0000	1.0000
4	5	0	4.1000	0.0000
4	5	1	4.2000	0.0000
4	5	2	4.3000	0.0000
4	5	3	4.4000	0.0000
4	5	4	4.5000	0.0000
4	5	5	4.6000	0.0000
4	5	6	4.7000	0.0000
4	5	7	4.8000	0.0000
4	5	8	4.9000	0.0000
4	5	9	5.0000	0.0000
5	6	0	5.1000	0.0000
5	6	1	5.2000	0.0000
5	6	2	5.3000	0.0000
5	6	3	5.4000	0.0000
5	6	4	5.5000	0.0000
5	6	5	5.6000	0.0000
5	6	6	5.7000	0.0000
5	6	7	5.8000	0.0000
5	6	8	5.9000	0.0000
5	6	9	6.0000	0.0000
5	15	0	5.0000	0.1000
5	15	1	5.0000	0.2000
5	15	2	5.0000	0.3000
5	15	3	5.0000	0.4000
5	15	4	5.0000	0.5000
5	15	5	5.0000	0.6000
5	15	6	5.0000	0.7000
5	15	7	5.0000	0.8000
5	15	8	5.0000	0.9000
5	15	9	5.0000	1.0000
6	7	0	6.1000	0.0000
6	7	1	6.2000	0.0000
6	7	2	6.3000	0.0000
6	7	3	6.4000	0.0000
6	7	4	6.5000	0.0000
6	7	5	6.6000	0.0000
6	7	6	6.7000	0.0000
6	7	7	6.8000	0.0000
6	7	8	6.9000	0.0000
6	7	9	7.0000	0.0000
7	8	0	7.1000	0.0000
7	8	1	7.2000	0.0000
7	8	2	7.3000	0.0000
7	8	3	7.4000	0.0000
7	8	4	7.5000	0.0000
7	8	5	7.6000	0.0000
7	8	6	7.7000	0.0000
7	8	7	7.8000	0.0000
7	8	8	7.9000	0.0000
7	8	9	8.0000	0.0000
7	17	0	7.0000	0.1000
7	17	1	7.0000	0.2000
7	17	2	7.0000	0.3000
7	17	3	7.0000	0.4000
7	17	4	7.0000	0.5000
7	17	5	7.0000	0.6000
7	17	6	7.0000	0.7000
7	17	7	7.0000	0.8000
7	17	8	7.0000	0.9000
7	17	9	7.0000	1.0000
8	9	0	8.1000	0.0000
8	9	1	8.2000	0.0000
8	9	2	8.3000	0.0000
8	9	3	8.4000	0.0000
8	9	4	8.5000	0.0000
8	9	5	8.6000	0.0000
8	9	6	8.7000	0.0000
8	9	7	8.8000	0.0000
8	9	8	8.9000	0.0000
8	9	9	9.0000	0.0000
9	19	0	9.0000	0.1000
9	19	1	9.0000	0.2000
9	19	2	9.0000	0.3000
9	19	3	9.0000	0.4000
9	19	4	9.0000	0.5000
9	19	5	9.0000	0.6000
9	19	6	9.0000	0.7000
9	19	7	9.0000	0.8000
9	19	8	9.0000	0.9000
9	19	9	9.0000	1.0000
10	0	0	0.0000	0.9000
10	0	1	0.0000	0.8000
10	0	2	0.0000	0.7000
10	0	3	0.0000	0.6000
10	0	4	0.0000	0.5000
10	0	5	0.0000	0.4000
10	0	6	0.0000	0.3000
10	0	7	0.0000	0.2000
10	0	8	0.0000	0.1000
10	0	9	0.0000	0.0000
11	10	0	0.9000	1.0000
11	10	1	0.8000	1.0000
11	10	2	0.7000	1.0000
11	10	3	0.6000	1.0000
11	10	4	0.5000	1.0000
11	10	5	0.4000	1.0000
11	10	6	0.3000	1.0000
11	10	7	0.2000	1.0000
11	10	8	0.1000	1.0000
11	10	9	0.0000	1.0000
11	21	0	1.0000	1.1000
11	21	1	1.0000	1.2000
11	21	2	1.0000	1.3000
11	21	3	1.0000	1.4000
11	21	4	1.0000	1.5000
11	21	5	1.0000	1.6000
11	21	6	1.0000	1.7000
11	21	7	1.0000	1.8000
11	21	8	1.0000	1.9000
11	21	9	1.0000	2.0000
12	11	0	1.9000	1.0000
12	11	1	1.8000	1.0000
12	11	2	1.7000	1.0000
12	11	3	1.6000	1.0000
12	11	4	1.5000	1.0000
12	11	5	1.4000	1.0000
12	11	6	1.3000	1.0000
12	11	7	1.2000	1.0000
12	11	8	1.1000	1.0000
12	11	9	1.0000	1.0000
12	2	0	2.0000	0.9000
12	2	1	2.0000	0.8000
12	2	2	2.0000	0.7000
12	2	3	2.0000	0.6000
12	2	4	2.0000	0.5000
12	2	5	2.0000	0.4000
12	2	6	2.0000	0.3000
12	2	7	2.0000	0.2000
12	2	8	2.0000	0.1000
12	2	9	2.0000	0.0000
13	12	0	2.9000	1.0000
13	12	1	2.8000	1.0000
13	12	2	2.7000	1.0000
13	12	3	2.6000	1.0000
13	12	4	2.5000	1.0000
13	12	5	2.4000	1.0000
13	12	6	2.3000	1.0000
13	12	7	2.2000	1.0000
13	12	8	2.1000	1.0000
13	12	9	2.0000	1.0000
13	23	0	3.0000	1.1000
13	23	1	3.0000	1.2000
13	23	2	3.0000	1.3000
13	23	3	3.0000	1.4000
13	23	4	3.0000	1.5000
13	23	5	3.0000	1.6000
13	23	6	3.0000	1.7000
13	23	7	3.0000	1.8000
13	23	8	3.0000	1.9000
13	23	9	3.0000	2.0000
14	13	0	3.9000	1.0000
14	13	1	3.8000	1.0000
14	13	2	3.7000	1.0000
14	13	3	3.6000	1.0000
14	13	4	3.5000	1.0000
14	13	5	3.4000	1.0000
14	13	6	3.3000	1.0000
14	13	7	3.2000	1.0000
14	13	8	3.1000	1.0000
14	13	9	3.0000	1.0000
14	4	0	4.0000	0.9000
14	4	1	4.0000	0.8000
14	4	2	4.0000	0.7000
14	4	3	4.0000	0.6000
14	4	4	4.0000	0.5000
14	4	5	4.0000	0.4000
14	4	6	4.0000	0.3000
14	4	7	4.0000	0.2000
14	4	8	4.0000	0.1000
14	4	9	4.0000	0.0000
15	14	0	4.9000	1.0000
15	14	1	4.8000	1.0000
15	14	2	4.7000	1.0000
15	14	3	4.6000	1.0000
15	14	4	4.5000	1.0000
15	14	5	4.4000	1.0000
15	14	6	4.3000	1.0000
15	14	7	4.2000	1.0000
15	14	8	4.1000	1.0000
15	14	9	4.0000	1.0000
15	25	0	5.0000	1.1000
15	25	1	5.0000	1.2000
15	25	2	5.0000	1.3000
15	25	3	5.0000	1.4000
15	25	4	5.0000	1.5000
15	25	5	5.0000	1.6000
15	25	6	5.0000	1.7000
15	25	7	5.0000	1.8000
15	25	8	5.0000	1.9000
15	25	9	5.0000	2.0000
16	15	0	5.9000	1.0000
16	15	1	5.8000	1.0000
16	15	2	5.7000	1.0000
16	15	3	5.6000	1.0000
16	15	4	5.5000	1.0000
16	15	5	5.4000	1.0000
16	15	6	5.3000	1.0000
16	15	7	5.2000	1.0000
16	15	8	5.1000	1.0000
16	15	9	5.0000	1.0000
16	6	0	6.0000	0.9000
16	6	1	6.0000	0.8000
16	6	2	6.0000	0.7000
16	6	3	6.0000	0.6000
16	6	4	6.0000	0.5000
16	6	5	6.0000	0.4000
16	6	6	6.0000	0.3000
16	6	7	6.0000	0.2000
16	6	8	6.0000	0.1000
16	6	9	6.0000	0.0000
17	16	0	6.9000	1.0000
17	16	1	6.8000	1.0000
17	16	2	6.7000	1.0000
17	16	3	6.6000	1.0000
17	16	4	6.5000	1.0000
17	16	5	6.4000	1.0000
17	16	6	6.3000	1.0000
17	16	7	6.2000	1.0000
17	16	8	6.1000	1.0000
17	16	9	6.0000	1.0000
17	27	0	7.0000	1.1000
17	27	1	7.0000	1.2000
17	27	2	7.0000	1.3000
17	27	3	7.0000	1.4000
17	27	4	7.0000	1.5000
17	27	5	7.0000	1.6000
17	27	6	7.0000	1.7000
17	27	7	7.0000	1.8000
17	27	8	7.0000	1.9000
17	27	9	7.0000	2.0000
18	17	0	7.9000	1.0000
18	17	1	7.8000	1.0000
18	17	2	7.7000	1.0000
18	17	3	7.6000	1.0000
18	17	4	7.5000	1.0000
18	17	5	7.4000	1.0000
18	17	6	7.3000	1.0000
18	17	7	7.2000	1.0000
18	17	8	7.1000	1.0000
18	17	9	7.0000	1.0000
18	8	0	8.0000	0.9000
18	8	1	8.0000	0.8000
18	8	2	8.0000	0.7000
18	8	3	8.0000	0.6000
18	8	4	8.0000	0.5000
18	8	5	8.0000	0.4000
18	8	6	8.0000	0.3000
18	8	7	8.0000	0.2000
18	8	8	8.0000	0.1000
18	8	9	8.0000	0.0000
19	18	0	8.9000	1.0000
19	18	1	8.8000	1.0000
19	18	2	8.7000	1.0000
19	18	3	8.6000	1.0000
19	18	4	8.5000	1.0000
19	18	5	8.4000	1.0000
19	18	6	8.3000	1.0000
19	18	7	8.2000	1.0000
19	18	8	8.1000	1.0000
19	18	9	8.0000	1.0000
19	29	0	9.0000	1.1000
19	29	1	9.0000	1.2000
19	29	2	9.0000	1.3000
19	29	3	9.0000	1.4000
19	29	4	9.0000	1.5000
19	29	5	9.0000	1.6000
19	29	6	9.0000	1.7000
19	29	7	9.0000	1.8000
19	29	8	9.0000	1.9000
19	29	9	9.0000	2.0000
20	21	0	0.1000	2.0000
20	21	1	0.2000	2.0000
20	21	2	0.3000	2.0000
20	21	3	0.4000	2.0000
20	21	4	0.5000	2.0000
20	21	5	0.6000	2.0000
20	21	6	0.7000	2.0000
20	21	7	0.8000	2.0000
20	21	8	0.9000	2.0000
20	21	9	1.0000	2.0000
20	10	0	0.0000	1.9000
20	10	1	0.0000	1.8000
20	10	2	0.0000	1.7000
20	10	3	0.0000	1.6000
20	10	4	0.0000	1.5000
20	10	5	0.0000	1.4000
20	10	6	0.0000	1.3000
20	10	7	0.0000	1.2000
20	10	8	0.0000	1.1000
20	10	9	0.0000	1.0000
21	22	0	1.1000	2.0000
21	22	1	1.2000	2.0000
21	22	2	1.3000	2.0000
21	22	3	1.4000	2.0000
21	22	4	1.5000	2.0000
21	22	5	1.6000	2.0000
21	22	6	1.7000	2.0000
21	22	7	1.8000	2.0000
21	22	8	1.9000	2.0000
21	22	9	2.0000	2.0000
21	31	0	1.0000	2.1000
21	31	1	1.0000	2.2000
21	31	2	1.0000	2.3000
21	31	3	1.0000	2.4000
21	31	4	1.0000	2.5000
21	31	5	1.0000	2.6000
21	31	6	1.0000	2.7000
21	31	7	1.0000	2.8000
21	31	8	1.0000	2.9000
21	31	9	1.0000	3.0000
22	23	0	2.1000	2.0000
22	23	1	2.2000	2.0000
22	23	2	2.3000	2.0000
22	23	3	2.4000	2.0000
22	23	4	2.5000	2.0000
22	23	5	2.6000	2.0000
22	23	6	2.7000	2.0000
22	23	7	2.8000	2.0000
22	23	8	2.9000	2.0000
22	23	9	3.0000	2.0000
22	12	0	2.0000	1.9000
22	12	1	2.0000	1.8000
22	12	2	2.0000	1.7000
22	12	3	2.0000	1.6000
22	12	4	2.0000	1.5000
22	12	5	2.0000	1.4000
22	12	6	2.0000	1.3000
22	12	7	2.0000	1.2000
22	12	8	2.0000	1.1000
22	12	9	2.0000	1.0000
23	24	0	3.1000	2.0000
23	24	1	3.2000	2.0000
23	24	2	3.3000	2.0000
23	24	3	3.4000	2.0000
23	24	4	3.5000	2.0000
23	24	5	3.6000	2.0000
23	24	6	3.7000	2.0000
23	24	7	3.8000	2.0000
23	24	8	3.9000	2.0000
23	24	9	4.0000	2.0000
23	33	0	3.0000	2.1000
23	33	1	3.0000	2.2000
23	33	2	3.0000	2.3000
23	33	3	3.0000	2.4000
23	33	4	3.0000	2.5000
23	33	5	3.0000	2.6000
23	33	6	3.0000	2.7000
23	33	7	3.0000	2.8000
23	33	8	3.0000	2.9000
23	33	9	3.0000	3.0000
24	25	0	4.1000	2.0000
24	25	1	4.2000	2.0000
24	25	2	4.3000	2.0000
24	25	3	4.4000	2.0000
24	25	4	4.5000	2.0000
24	25	5	4.6000	2.0000
24	25	6	4.7000	2.0000
24	25	7	4.8000	2.0000
24	25	8	4.9000	2.0000
24	25	9	5.0000	2.0000
24	14	0	4.0000	1.9000
24	14	1	4.0000	1.8000
24	14	2	4.0000	1.7000
24	14	3	4.0000	1.6000
24	14	4	4.0000	1.5000
24	14	5	4.0000	1.4000
24	14	6	4.0000	1.3000
24	14	7	4.0000	1.2000
24	14	8	4.0000	1.1000
24	14	9	4.0000	1.0000
25	26	0	5.1000	2.0000
25	26	1	5.2000	2.0000
25	26	2	5.3000	2.0000
25	26	3	5.4000	2.0000
25	26	4	5.5000	2.0000
25	26	5	5.6000	2.0000
25	26	6	5.7000	2.0000
25	26	7	5.8000	2.0000
25	26	8	5.9000	2.0000
25	26	9	6.0000	2.0000
25	35	0	5.0000	2.1000
25	35	1	5.0000	2.2000
25	35	2	5.0000	2.3000
25	35	3	5.0000	2.4000
25	35	4	5.0000	2.5000
25	35	5	5.0000	2.6000
25	35	6	5.0000	2.7000
25	35	7	5.0000	2.8000
25	35	8	5.0000	2.9000
25	35	9	5.0000	3.0000
26	27	0	6.1000	2.0000
26	27	1	6.2000	2.0000
26	27	2	6.3000	2.0000
26	27	3	6.4000	2.0000
26	27	4	6.5000	2.0000
26	27	5	6.6000	2.0000
26	27	6	6.7000	2.0000
26	27	7	6.8000	2.0000
26	27	8	6.9000	2.0000
26	27	9	7.0000	2.0000
26	16	0	6.0000	1.9000
26	16	1	6.0000	1.8000
26	16	2	6.0000	1.7000
26	16	3	6.0000	1.6000
26	16	4	6.0000	1.5000
26	16	5	6.0000	1.4000
26	16	6	6.0000	1.3000
26	16	7	6.0000	1.2000
26	16	8	6.0000	1.1000
26	16	9	6.0000	1.0000
27	28	0	7.1000	2.0000
27	28	1	7.2000	2.0000
27	28	2	7.3000	2.0000
27	28	3	7.4000	2.0000
27	28	4	7.5000	2.0000
27	28	5	7.6000	2.0000
27	28	6	7.7000	2.0000
27	28	7	7.8000	2.0000
27	28	8	7.9000	2.0000
27	28	9	8.0000	2.0000
27	37	0	7.0000	2.1000
27	37	1	7.0000	2.2000
27	37	2	7.0000	2.3000
27	37	3	7.0000	2.4000
27	37	4	7.0000	2.5000
27	37	5	7.0000	2.6000
27	37	6	7.0000	2.7000
27	37	7	7.0000	2.8000
27	37	8	7.0000	2.9000
27	37	9	7.0000	3.0000
28	29	0	8.1000	2.0000
28	29	1	8.2000	2.0000
28	29	2	8.3000	2.0000
28	29	3	8.4000	2.0000
28	29	4	8.5000	2.0000
28	29	5	8.6000	2.0000
28	29	6	8.7000	2.0000
28	29	7	8.8000	2.0000
28	29	8	8.9000	2.0000
28	29	9	9.0000	2.0000
28	18	0	8.0000	1.9000
28	18	1	8.0000	1.8000
28	18	2	8.0000	1.7000
28	18	3	8.0000	1.6000
28	18	4	8.0000	1.5000
28	18	5	8.0000	1.4000
28	18	6	8.0000	1.3000
28	18	7	8.0000	1.2000
28	18	8	8.0000	1.1000
28	18	9	8.0000	1.0000
29	39	0	9.0000	2.1000
29	39	1	9.0000	2.2000
29	39	2	9.0000	2.3000
29	39	3	9.0000	2.4000
29	39	4	9.0000	2.5000
29	39	5	9.0000	2.6000
29	39	6	9.0000	2.7000
29	39	7	9.0000	2.8000
29	39	8	9.0000	2.9000
29	39	9	9.0000	3.0000
30	20	0	0.0000	2.9000
30	20	1	0.0000	2.8000
30	20	2	0.0000	2.7000
30	20	3	0.0000	2.6000
30	20	4	0.0000	2.5000
30	20	5	0.0000	2.4000
30	20	6	0.0000	2.3000
30	20	7	0.0000	2.2000
30	20	8	0.0000	2.1000
30	20	9	0.0000	2.0000
31	30	0	0.9000	3.0000
31	30	1	0.8000	3.0000
31	30	2	0.7000	3.0000
31	30	3	0.6000	3.0000
31	30	4	0.5000	3.0000
31	30	5	0.4000	3.0000
31	30	6	0.3000	3.0000
31	30	7	0.2000	3.0000
31	30	8	0.1000	3.0000
31	30	9	0.0000	3.0000
31	41	0	1.0000	3.1000
31	41	1	1.0000	3.2000
31	41	2	1.0000	3.3000
31	41	3	1.0000	3.4000
31	41	4	1.0000	3.5000
31	41	5	1.0000	3.6000
31	41	6	1.0000	3.7000
31	41	7	1.0000	3.8000
31	41	8	1.0000	3.9000
31	41	9	1.0000	4.0000
32	31	0	1.9000	3.0000
32	31	1	1.8000	3.0000
32	31	2	1.7000	3.0000
32	31	3	1.6000	3.0000
32	31	4	1.5000	3.0000
32	31	5	1.4000	3.0000
32	31	6	1.3000	3.0000
32	31	7	1.2000	3.0000
32	31	8	1.1000	3.0000
32	31	9	1.0000	3.0000
32	22	0	2.0000	2.9000
32	22	1	2.0000	2.8000
32	22	2	2.0000	2.7000
32	22	3	2.0000	2.6000
32	22	4	2.0000	2.5000
32	22	5	2.0000	2.4000
32	22	6	2.0000	2.3000
32	22	7	2.0000	2.2000
32	22	8	2.0000	2.1000
32	22	9	2.0000	2.0000
33	32	0	2.9000	3.0000
33	32	1	2.8000	3.0000
33	32	2	2.7000	3.0000
33	32	3	2.6000	3.0000
33	32	4	2.5000	3.0000
33	32	5	2.4000	3.0000
33	32	6	2.3000	3.0000
33	32	7	2.2000	3.0000
33	32	8	2.1000	3.0000
33	32	9	2.0000	3.0000
33	43	0	3.0000	3.1000
33	43	1	3.0000	3.2000
33	43	2	3.0000	3.3000
33	43	3	3.0000	3.4000
33	43	4	3.0000	3.5000
33	43	5	3.0000	3.6000
33	43	6	3.0000	3.7000
33	43	7	3.0000	3.8000
33	43	8	3.0000	3.9000
33	43	9	3.0000	4.0000
34	33	0	3.9000	3.0000
34	33	1	3.8000	3.0000
34	33	2	3.7000	3.0000
34	33	3	3.6000	3.0000
34	33	4	3.5000	3.0000
34	33	5	3.4000	3.0000
34	33	6	3.3000	3.0000
34	33	7	3.2000	3.0000
34	33	8	3.1000	3.0000
34	33	9	3.0000	3.0000
34	24	0	4.0000	2.9000
34	24	1	4.0000	2.8000
34	24	2	4.0000	2.7000
34	24	3	4.0000	2.6000
34	24	4	4.0000	2.5000
34	24	5	4.0000	2.4000
34	24	6	4.0000	2.3000
34	24	7	4.0000	2.2000
34	24	8	4.0000	2.1000
34	24	9	4.0000	2.0000
35	34	0	4.9000	3.0000
35	34	1	4.8000	3.0000
35	34	2	4.7000	3.0000
35	34	3	4.6000	3.0000
35	34	4	4.5000	3.0000
35	34	5	4.4000	3.0000
35	34	6	4.3000	3.0000
35	34	7	4.2000	3.0000
35	34	8	4.1000	3.0000
35	34	9	4.0000	3.0000
35	45	0	5.0000	3.1000
35	45	1	5.0000	3.2000
35	45	2	5.0000	3.3000
35	45	3	5.0000	3.4000
35	45	4	5.0000	3.5000
35	45	5	5.0000	3.6000
35	45	6	5.0000	3.7000
35	45	7	5.0000	3.8000
35	45	8	5.0000	3.9000
35	45	9	5.0000	4.0000
36	35	0	5.9000	3.0000
36	35	1	5.8000	3.0000
36	35	2	5.7000	3.0000
36	35	3	5.6000	3.0000
36	35	4	5.5000	3.0000
36	35	5	5.4000	3.0000
36	35	6	5.3000	3.0000
36	35	7	5.2000	3.0000
36	35	8	5.1000	3.0000
36	35	9	5.0000	3.0000
36	26	0	6.0000	2.9000
36	26	1	6.0000	2.8000
36	26	2	6.0000	2.7000
36	26	3	6.0000	2.6000
36	26	4	6.0000	2.5000
36	26	5	6.0000	2.4000
36	26	6	6.0000	2.3000
36	26	7	6.0000	2.2000
36	26	8	6.0000	2.1000
36	26	9	6.0000	2.0000
37	36	0	6.9000	3.0000
37	36	1	6.8000	3.0000
37	36	2	6.7000	3.0000
37	36	3	6.6000	3.0000
37	36	4	6.5000	3.0000
37	36	5	6.4000	3.0000
37	36	6	6.3000	3.0000
37	36	7	6.2000	3.0000
37	36	8	6.1000	3.0000
37	36	9	6.0000	3.0000
37	47	0	7.0000	3.1000
37	47	1	7.0000	3.2000
37	47	2	7.0000	3.3000
37	47	3	7.0000	3.4000
37	47	4	7.0000	3.5000
37	47	5	7.0000	3.6000
37	47	6	7.0000	3.7000
37	47	7	7.0000	3.8000
37	47	8	7.0000	3.9000
37	47	9	7.0000	4.0000
38	37	0	7.9000	3.0000
38	37	1	7.8000	3.0000
38	37	2	7.7000	3.0000
38	37	3	7.6000	3.0000
38	37	4	7.5000	3.0000
38	37	5	7.4000	3.0000
38	37	6	7.3000	3.0000
38	37	7	7.2000	3.0000
38	37	8	7.1000	3.0000
38	37	9	7.0000	3.0000
38	28	0	8.0000	2.9000
38	28	1	8.0000	2.8000
38	28	2	8.0000	2.7000
38	28	3	8.0000	2.6000
38	28	4	8.0000	2.5000
38	28	5	8.0000	2.4000
38	28	6	8.0000	2.3000
38	28	7	8.0000	2.2000
38	28	8	8.0000	2.1000
38	28	9	8.0000	2.0000
39	38	0	8.9000	3.0000
39	38	1	8.8000	3.0000
39	38	2	8.7000	3.0000
39	38	3	8.6000	3.0000
39	38	4	8.5000	3.0000
39	38	5	8.4000	3.0000
39	38	6	8.3000	3.0000
39	38	7	8.2000	3.0000
39	38	8	8.1000	3.0000
39	38	9	8.0000	3.0000
39	49	0	9.0000	3.1000
39	49	1	9.0000	3.2000
39	49	2	9.0000	3.3000
39	49	3	9.0000	3.4000
39	49	4	9.0000	3.5000
39	49	5	9.0000	3.6000
39	49	6	9.0000	3.7000
39	49	7	9.0000	3.8000
39	49	8	9.0000	3.9000
39	49	9	9.0000	4.0000
40	41	0	0.1000	4.0000
40	41	1	0.2000	4.0000
40	41	2	0.3000	4.0000
40	41	3	0.4000	4.0000
40	41	4	0.5000	4.0000
40	41	5	0.6000	4.0000
40	41	6	0.7000	4.0000
40	41	7	0.8000	4.0000
40	41	8	0.9000	4.0000
40	41	9	1.0000	4.0000
40	30	0	0.0000	3.9000
40	30	1	0.0000	3.8000
40	30	2	0.0000	3.7000
40	30	3	0.0000	3.6000
40	30	4	0.0000	3.5000
40	30	5	0.0000	3.4000
40	30	6	0.0000	3.3000
40	30	7	0.0000	3.2000
40	30	8	0.0000	3.1000
40	30	9	0.0000	3.0000
41	42	0	1.1000	4.0000
41	42	1	1.2000	4.0000
41	42	2	1.3000	4.0000
41	42	3	1.4000	4.0000
41	42	4	1.5000	4.0000
41	42	5	1.6000	4.0000
41	42	6	1.7000	4.0000
41	42	7	1.8000	4.0000
41	42	8	1.9000	4.0000
41	42	9	2.0000	4.0000
41	51	0	1.0000	4.1000
41	51	1	1.0000	4.2000
41	51	2	1.0000	4.3000
41	51	3	1.0000	4.4000
41	51	4	1.0000	4.5000
41	51	5	1.0000	4.6000
41	51	6	1.0000	4.7000
41	51	7	1.0000	4.8000
41	51	8	1.0000	4.9000
41	51	9	1.0000	5.0000
42	43	0	2.1000	4.0000
42	43	1	2.2000	4.0000
42	43	2	2.3000	4.0000
42	43	3	2.4000	4.0000
42	43	4	2.5000	4.0000
42	43	5	2.6000	4.0000
42	43	6	2.7000	4.0000
42	43	7	2.8000	4.0000
42	43	8	2.9000	4.0000
42	43	9	3.0000	4.0000
42	32	0	2.0000	3.9000
42	32	1	2.0000	3.8000
42	32	2	2.0000	3.7000
42	32	3	2.0000	3.6000
42	32	4	2.0000	3.5000
42	32	5	2.0000	3.4000
42	32	6	2.0000	3.3000
42	32	7	2.0000	3.2000
42	32	8	2.0000	3.1000
42	32	9	2.0000	3.0000
43	44	0	3.1000	4.0000
43	44	1	3.2000	4.0000
43	44	2	3.3000	4.0000
43	44	3	3.4000	4.0000
43	44	4	3.5000	4.0000
43	44	5	3.6000	4.0000
43	44	6	3.7000	4.0000
43	44	7	3.8000	4.0000
43	44	8	3.9000	4.0000
43	44	9	4.0000	4.0000
43	53	0	3.0000	4.1000
43	53	1	3.0000	4.2000
43	53	2	3.0000	4.3000
43	53	3	3.0000	4.4000
43	53	4	3.0000	4.5000
43	53	5	3.0000	4.6000
43	53	6	3.0000	4.7000
43	53	7	3.0000	4.8000
43	53	8	3.0000	4.9000
43	53	9	3.0000	5.0000
44	45	0	4.1000	4.0000
44	45	1	4.2000	4.0000
44	45	2	4.3000	4.0000
44	45	3	4.4000	4.0000
44	45	4	4.5000	4.0000
44	45	5	4.6000	4.0000
44	45	6	4.7000	4.0000
44	45	7	4.8000	4.0000
44	45	8	4.9000	4.0000
44	45	9	5.0000	4.0000
44	34	0	4.0000	3.9000
44	34	1	4.0000	3.8000
44	34	2	4.0000	3.7000
44	34	3	4.0000	3.6000
44	34	4	4.0000	3.5000
44	34	5	4.0000	3.4000
44	34	6	4.0000	3.3000
44	34	7	4.0000	3.2000
44	34	8	4.0000	3.1000
44	34	9	4.0000	3.0000
45	46	0	5.1000	4.0000
45	46	1	5.2000	4.0000
45	46	2	5.3000	4.0000
45	46	3	5.4000	4.0000
45	46	4	5.5000	4.0000
45	46	5	5.6000	4.0000
45	46	6	5.7000	4.0000
45	46	7	5.8000	4.0000
45	46	8	5.9000	4.0000
45	46	9	6.0000	4.0000
45	55	0	5.0000	4.1000
45	55	1	5.0000	4.2000
45	55	2	5.0000	4.3000
45	55	3	5.0000	4.4000
45	55	4	5.0000	4.5000
45	55	5	5.0000	4.6000
45	55	6	5.0000	4.7000
45	55	7	5.0000	4.8000
45	55	8	5.0000	4.9000
45	55	9	5.0000	5.0000
46	47	0	6.1000	4.0000
46	47	1	6.2000	4.0000
46	47	2	6.3000	4.0000
46	47	3	6.4000	4.0000
46	47	4	6.5000	4.0000
46	47	5	6.6000	4.0000
46	47	6	6.7000	4.0000
46	47	7	6.8000	4.0000
46	47	8	6.9000	4.0000
46	47	9	7.0000	4.0000
46	36	0	6.0000	3.9000
46	36	1	6.0000	3.8000
46	36	2	6.0000	3.7000
46	36	3	6.0000	3.6000
46	36	4	6.0000	3.5000
46	36	5	6.0000	3.4000
46	36	6	6.0000	3.3000
46	36	7	6.0000	3.2000
46	36	8	6.0000	3.1000
46	36	9	6.0000	3.0000
47	48	0	7.1000	4.0000
47	48	1	7.2000	4.0000
47	48	2	7.3000	4.0000
47	48	3	7.4000	4.0000
47	48	4	7.5000	4.0000
47	48	5	7.6000	4.0000
47	48	6	7.7000	4.0000
47	48	7	7.8000	4.0000
47	48	8	7.9000	4.0000
47	48	9	8.0000	4.0000
47	57	0	7.0000	4.1000
47	57	1	7.0000	4.2000
47	57	2	7.0000	4.3000
47	57	3	7.0000	4.4000
47	57	4	7.0000	4.5000
47	57	5	7.0000	4.6000
47	57	6	7.0000	4.7000
47	57	7	7.0000	4.8000
47	57	8	7.0000	4.9000
47	57	9	7.0000	5.0000
48	49	0	8.1000	4.0000
48	49	1	8.2000	4.0000
48	49	2	8.3000	4.0000
48	49	3	8.4000	4.0000
48	49	4	8.5000	4.0000
48	49	5	8.6000	4.0000
48	49	6	8.7000	4.0000
48	49	7	8.8000	4.0000
48	49	8	8.9000	4.0000
48	49	9	9.0000	4.0000
48	38	0	8.0000	3.9000
48	38	1	8.0000	3.8000
48	38	2	8.0000	3.7000
48	38	3	8.0000	3.6000
48	38	4	8.0000	3.5000
48	38	5	8.0000	3.4000
48	38	6	8.0000	3.3000
48	38	7	8.0000	3.2000
48	38	8	8.0000	3.1000
48	38	9	8.0000	3.0000
49	59	0	9.0000	4.1000
49	59	1	9.0000	4.2000
49	59	2	9.0000	4.3000
49	59	3	9.0000	4.4000
49	59	4	9.0000	4.5000
49	59	5	9.0000	4.6000
49	59	6	9.0000	4.7000
49	59	7	9.0000	4.8000
49	59	8	9.0000	4.9000
49	59	9	9.0000	5.0000
50	40	0	0.0000	4.9000
50	40	1	0.0000	4.8000
50	40	2	0.0000	4.7000
50	40	3	0.0000	4.6000
50	40	4	0.0000	4.5000
50	40	5	0.0000	4.4000
50	40	6	0.0000	4.3000
50	40	7	0.0000	4.2000
50	40	8	0.0000	4.1000
50	40	9	0.0000	4.0000
51	50	0	0.9000	5.0000
51	50	1	0.8000	5.0000
51	50	2	0.7000	5.0000
51	50	3	0.6000	5.0000
51	50	4	0.5000	5.0000
51	50	5	0.4000	5.0000
51	50	6	0.3000	5.0000
51	50	7	0.2000	5.0000
51	50	8	0.1000	5.0000
51	50	9	0.0000	5.0000
51	61	0	1.0000	5.1000
51	61	1	1.0000	5.2000
51	61	2	1.0000	5.3000
51	61	3	1.0000	5.4000
51	61	4	1.0000	5.5000
51	61	5	1.0000	5.6000
51	61	6	1.0000	5.7000
51	61	7	1.0000	5.8000
51	61	8	1.0000	5.9000
51	61	9	1.0000	6.0000
52	51	0	1.9000	5.0000
52	51	1	1.8000	5.0000
52	51	2	1.7000	5.0000
52	51	3	1.6000	5.0000
52	51	4	1.5000	5.0000
52	51	5	1.4000	5.0000
52	51	6	1.3000	5.0000
52	51	7	1.2000	5.0000
52	51	8	1.1000	5.0000
52	51	9	1.0000	5.0000
52	42	0	2.0000	4.9000
52	42	1	2.0000	4.8000
52	42	2	2.0000	4.7000
52	42	3	2.0000	4.6000
52	42	4	2.0000	4.5000
52	42	5	2.0000	4.4000
52	42	6	2.0000	4.3000
52	42	7	2.0000	4.2000
52	42	8	2.0000	4.1000
52	42	9	2.0000	4.0000
53	52	0	2.9000	5.0000
53	52	1	2.8000	5.0000
53	52	2	2.7000	5.0000
53	52	3	2.6000	5.0000
53	52	4	2.5000	5.0000
53	52	5	2.4000	5.0000
53	52	6	2.3000	5.0000
53	52	7	2.2000	5.0000
53	52	8	2.1000	5.0000
53	52	9	2.0000	5.0000
53	63	0	3.0000	5.1000
53	63	1	3.0000	5.2000
53	63	2	3.0000	5.3000
53	63	3	3.0000	5.4000
53	63	4	3.0000	5.5000
53	63	5	3.0000	5.6000
53	63	6	3.0000	5.7000
53	63	7	3.0000	5.8000
53	63	8	3.0000	5.9000
53	63	9	3.0000	6.0000
54	53	0	3.9000	5.0000
54	53	1	3.8000	5.0000
54	53	2	3.7000	5.0000
54	53	3	3.6000	5.0000
54	53	4	3.5000	5.0000
54	53	5	3.4000	5.0000
54	53	6	3.3000	5.0000
54	53	7	3.2000	5.0000
54	53	8	3.1000	5.0000
54	53	9	3.0000	5.0000
54	44	0	4.0000	4.9000
54	44	1	4.0000	4.8000
54	44	2	4.0000	4.7000
54	44	3	4.0000	4.6000
54	44	4	4.0000	4.5000
54	44	5	4.0000	4.4000
54	44	6	4.0000	4.3000
54	44	7	4.0000	4.2000
54	44	8	4.0000	4.1000
54	44	9	4.0000	4.0000
55	54	0	4.9000	5.0000
55	54	1	4.8000	5.0000
55	54	2	4.7000	5.0000
55	54	3	4.6000	5.0000
55	54	4	4.5000	5.0000
55	54	5	4.4000	5.0000
55	54	6	4.3000	5.0000
55	54	7	4.2000	5.0000
55	54	8	4.1000	5.0000
55	54	9	4.0000	5.0000
55	65	0	5.0000	5.1000
55	65	1	5.0000	5.2000
55	65	2	5.0000	5.3000
55	65	3	5.0000	5.4000
55	65	4	5.0000	5.5000
55	65	5	5.0000	5.6000
55	65	6	5.0000	5.7000
55	65	7	5.0000	5.8000
55	65	8	5.0000	5.9000
55	65	9	5.0000	6.0000
56	55	0	5.9000	5.0000
56	55	1	5.8000	5.0000
56	55	2	5.7000	5.0000
56	55	3	5.6000	5.0000
56	55	4	5.5000	5.0000
56	55	5	5.4000	5.0000
56	55	6	5.3000	5.0000
56	55	7	5.2000	5.0000
56	55	8	5.1000	5.0000
56	55	9	5.0000	5.0000
56	46	0	6.0000	4.9000
56	46	1	6.0000	4.8000
56	46	2	6.0000	4.7000
56	46	3	6.0000	4.6000
56	46	4	6.0000	4.5000
56	46	5	6.0000	4.4000
56	46	6	6.0000	4.3000
56	46	7	6.0000	4.2000
56	46	8	6.0000	4.1000
56	46	9	6.0000	4.0000
57	56	0	6.9000	5.0000
57	56	1	6.8000	5.0000
57	56	2	6.7000	5.0000
57	56	3	6.6000	5.0000
57	56	4	6.5000	5.0000
57	56	5	6.4000	5.0000
57	56	6	6.3000	5.0000
57	56	7	6.2000	5.0000
57	56	8	6.1000	5.0000
57	56	9	6.0000	5.0000
57	67	0	7.0000	5.1000
57	67	1	7.0000	5.2000
57	67	2	7.0000	5.3000
57	67	3	7.0000	5.4000
57	67	4	7.0000	5.5000
57	67	5	7.0000	5.6000
57	67	6	7.0000	5.7000
57	67	7	7.0000	5.8000
57	67	8	7.0000	5.9000
57	67	9	7.0000	6.0000
58	57	0	7.9000	5.0000
58	57	1	7.8000	5.0000
58	57	2	7.7000	5.0000
58	57	3	7.6000	5.0000
58	57	4	7.5000	5.0000
58	57	5	7.4000	5.0000
58	57	6	7.3000	5.0000
58	57	7	7.2000	5.0000
58	57	8	7.1000	5.0000
58	57	9	7.0000	5.0000
58	48	0	8.0000	4.9000
58	48	1	8.0000	4.8000
58	48	2	8.0000	4.7000
58	48	3	8.0000	4.6000
58	48	4	8.0000	4.5000
58	48	5	8.0000	4.4000
58	48	6	8.0000	4.3000
58	48	7	8.0000	4.2000
58	48	8	8.0000	4.1000
58	48	9	8.0000	4.0000
59	58	0	8.9000	5.0000
59	58	1	8.8000	5.0000
59	58	2	8.7000	5.0000
59	58	3	8.6000	5.0000
59	58	4	8.5000	5.0000
59	58	5	8.4000	5.0000
59	58	6	8.3000	5.0000
59	58	7	8.2000	5.0000
59	58	8	8.1000	5.0000
59	58	9	8.0000	5.0000
59	69	0	9.0000	5.1000
59	69	1	9.0000	5.2000
59	69	2	9.0000	5.3000
59	69	3	9.0000	5.4000
59	69	4	9.0000	5.5000
59	69	5	9.0000	5.6000
59	69	6	9.0000	5.7000
59	69	7	9.0000	5.8000
59	69	8	9.0000	5.9000
59	69	9	9.0000	6.0000
60	61	0	0.1000	6.0000
60	61	1	0.2000	6.0000
60	61	2	0.3000	6.0000
60	61	3	0.4000	6.0000
60	61	4	0.5000	6.0000
60	61	5	0.6000	6.0000
60	61	6	0.7000	6.0000
60	61	7	0.8000	6.0000
60	61	8	0.9000	6.0000
60	61	9	1.0000	6.0000
60	50	0	0.0000	5.9000
60	50	1	0.0000	5.8000
60	50	2	0.0000	5.7000
60	50	3	0.0000	5.6000
60	50	4	0.0000	5.5000
60	50	5	0.0000	5.4000
60	50	6	0.0000	5.3000
60	50	7	0.0000	5.2000
60	50	8	0.0000	5.1000
60	50	9	0.0000	5.0000
61	62	0	1.1000	6.0000
61	62	1	1.2000	6.0000
61	62	2	1.3000	6.0000
61	62	3	1.4000	6.0000
61	62	4	1.5000	6.0000
61	62	5	1.6000	6.0000
61	62	6	1.7000	6.0000
61	62	7	1.8000	6.0000
61	62	8	1.9000	6.0000
61	62	9	2.0000	6.0000
61	71	0	1.0000	6.1000
61	71	1	1.0000	6.2000
61	71	2	1.0000	6.3000
61	71	3	1.0000	6.4000
61	71	4	1.0000	6.5000
61	71	5	1.0000	6.6000
61	71	6	1.0000	6.7000
61	71	7	1.0000	6.8000
61	71	8	1.0000	6.9000
61	71	9	1.0000	7.0000
62	63	0	2.1000	6.0000
62	63	1	2.2000	6.0000
62	63	2	2.3000	6.0000
62	63	3	2.4000	6.0000
62	63	4	2.5000	6.0000
62	63	5	2.6000	6.0000
62	63	6	2.7000	6.0000
62	63	7	2.8000	6.0000
62	63	8	2.9000	6.0000
62	63	9	3.0000	6.0000
62	52	0	2.0000	5.9000
62	52	1	2.0000	5.8000
62	52	2	2.0000	5.7000
62	52	3	2.0000	5.6000
62	52	4	2.0000	5.5000
62	52	5	2.0000	5.4000
62	52	6	2.0000	5.3000
62	52	7	2.0000	5.2000
62	52	8	2.0000	5.1000
62	52	9	2.0000	5.0000
63	64	0	3.1000	6.0000
63	64	1	3.2000	6.0000
63	64	2	3.3000	6.0000
63	64	3	3.4000	6.0000
63	64	4	3.5000	6.0000
63	64	5	3.6000	6.0000
63	64	6	3.7000	6.0000
63	64	7	3.8000	6.0000
63	64	8	3.9000	6.0000
63	64	9	4.0000	6.0000
63	73	0	3.0000	6.1000
63	73	1	3.0000	6.2000
63	73	2	3.0000	6.3000
63	73	3	3.0000	6.4000
63	73	4	3.0000	6.5000
63	73	5	3.0000	6.6000
63	73	6	3.0000	6.7000
63	73	7	3.0000	6.8000
63	73	8	3.0000	6.9000
63	73	9	3.0000	7.0000
64	65	0	4.1000	6.0000
64	65	1	4.2000	6.0000
64	65	2	4.3000	6.0000
64	65	3	4.4000	6.0000
64	65	4	4.5000	6.0000
64	65	5	4.6000	6.0000
64	65	6	4.7000	6.0000
64	65	7	4.8000	6.0000
64	65	8	4.9000	6.0000
64	65	9	5.0000	6.0000
64	54	0	4.0000	5.9000
64	54	1	4.0000	5.8000
64	54	2	4.0000	5.7000
64	54	3	4.0000	5.6000
64	54	4	4.0000	5.5000
64	54	5	4.0000	5.4000
64	54	6	4.0000	5.3000
64	54	7	4.0000	5.2000
64	54	8	4.0000	5.1000
64	54	9	4.0000	5.0000
65	66	0	5.1000	6.0000
65	66	1	5.2000	6.0000
65	66	2	5.3000	6.0000
65	66	3	5.4000	6.0000
65	66	4	5.5000	6.0000
65	66	5	5.6000	6.0000
65	66	6	5.7000	6.0000
65	66	7	5.8000	6.0000
65	66	8	5.9000	6.0000
65	66	9	6.0000	6.0000
65	75	0	5.0000	6.1000
65	75	1	5.0000	6.2000
65	75	2	5.0000	6.3000
65	75	3	5.0000	6.4000
65	75	4	5.0000	6.5000
65	75	5	5.0000	6.6000
65	75	6	5.0000	6.7000
65	75	7	5.0000	6.8000
65	75	8	5.0000	6.9000
65	75	9	5.0000	7.0000
66	67	0	6.1000	6.0000
66	67	1	6.2000	6.0000
66	67	2	6.3000	6.0000
66	67	3	6.4000	6.0000
66	67	4	6.5000	6.0000
66	67	5	6.6000	6.0000
66	67	6	6.7000	6.0000
66	67	7	6.8000	6.0000
66	67	8	6.9000	6.0000
66	67	9	7.0000	6.0000
66	56	0	6.0000	5.9000
66	56	1	6.0000	5.8000
66	56	2	6.0000	5.7000
66	56	3	6.0000	5.6000
66	56	4	6.0000	5.5000
66	56	5	6.0000	5.4000
66	56	6	6.0000	5.3000
66	56	7	6.0000	5.2000
66	56	8	6.0000	5.1000
66	56	9	6.0000	5.0000
67	68	0	7.1000	6.0000
67	68	1	7.2000	6.0000
67	68	2	7.3000	6.0000
67	68	3	7.4000	6.0000
67	68	4	7.5000	6.0000
67	68	5	7.6000	6.0000
67	68	6	7.7000	6.0000
67	68	7	7.8000	6.0000
67	68	8	7.9000	6.0000
67	68	9	8.0000	6.0000
67	77	0	7.0000	6.1000
67	77	1	7.0000	6.2000
67	77	2	7.0000	6.3000
67	77	3	7.0000	6.4000
67	77	4	7.0000	6.5000
67	77	5	7.0000	6.6000
67	77	6	7.0000	6.7000
67	77	7	7.0000	6.8000
67	77	8	7.0000	6.9000
67	77	9	7.0000	7.0000
68	69	0	8.1000	6.0000
68	69	1	8.2000	6.0000
68	69	2	8.3000	6.0000
68	69	3	8.4000	6.0000
68	69	4	8.5000	6.0000
68	69	5	8.6000	6.0000
68	69	6	8.7000	6.0000
68	69	7	8.8000	6.0000
68	69	8	8.9000	6.0000
68	69	9	9.0000	6.0000
68	58	0	8.0000	5.9000
68	58	1	8.0000	5.8000
68	58	2	8.0000	5.7000
68	58	3	8.0000	5.6000
68	58	4	8.0000	5.5000
68	58	5	8.0000	5.4000
68	58	6	8.0000	5.3000
68	58	7	8.0000	5.2000
68	58	8	8.0000	5.1000
68	58	9	8.0000	5.0000
69	79	0	9.0000	6.1000
69	79	1	9.0000	6.2000
69	79	2	9.0000	6.3000
69	79	3	9.0000	6.4000
69	79	4	9.0000	6.5000
69	79	5	9.0000	6.6000
69	79	6	9.0000	6.7000
69	79	7	9.0000	6.8000
69	79	8	9.0000	6.9000
69	79	9	9.0000	7.0000
70	60	0	0.0000	6.9000
70	60	1	0.0000	6.8000
70	60	2	0.0000	6.7000
70	60	3	0.0000	6.6000
70	60	4	0.0000	6.5000
70	60	5	0.0000	6.4000
70	60	6	0.0000	6.3000
70	60	7	0.0000	6.2000
70	60	8	0.0000	6.1000
70	60	9	0.0000	6.0000
71	70	0	0.9000	7.0000
71	70	1	0.8000	7.0000
71	70	2	0.7000	7.0000
71	70	3	0.6000	7.0000
71	70	4	0.5000	7.0000
71	70	5	0.4000	7.0000
71	70	6	0.3000	7.0000
71	70	7	0.2000	7.0000
71	70	8	0.1000	7.0000
71	70	9	0.0000	7.0000
71	81	0	1.0000	7.1000
71	81	1	1.0000	7.2000
71	81	2	1.0000	7.3000
71	81	3	1.0000	7.4000
71	81	4	1.0000	7.5000
71	81	5	1.0000	7.6000
71	81	6	1.0000	7.7000
71	81	7	1.0000	7.8000
71	81	8	1.0000	7.9000
71	81	9	1.0000	8.0000
72	71	0	1.9000	7.0000
72	71	1	1.8000	7.0000
72	71	2	1.7000	7.0000
72	71	3	1.6000	7.0000
72	71	4	1.5000	7.0000
72	71	5	1.4000	7.0000
72	71	6	1.3000	7.0000
72	71	7	1.2000	7.0000
72	71	8	1.1000	7.0000
72	71	9	1.0000	7.0000
72	62	0	2.0000	6.9000
72	62	1	2.0000	6.8000
72	62	2	2.0000	6.7000
72	62	3	2.0000	6.6000
72	62	4	2.0000	6.5000
72	62	5	2.0000	6.4000
72	62	6	2.0000	6.3000
72	62	7	2.0000	6.2000
72	62	8	2.0000	6.1000
72	62	9	2.0000	6.0000
73	72	0	2.9000	7.0000
73	72	1	2.8000	7.0000
73	72	2	2.7000	7.0000
73	72	3	2.6000	7.0000
73	72	4	2.5000	7.0000
73	72	5	2.4000	7.0000
73	72	6	2.3000	7.0000
73	72	7	2.2000	7.0000
73	72	8	2.1000	7.0000
73	72	9	2.0000	7.0000
73	83	0	3.0000	7.1000
73	83	1	3.0000	7.2000
73	83	2	3.0000	7.3000
73	83	3	3.0000	7.4000
73	83	4	3.0000	7.5000
73	83	5	3.0000	7.6000
73	83	6	3.0000	7.7000
73	83	7	3.0000	7.8000
73	83	8	3.0000	7.9000
73	83	9	3.0000	8.0000
74	73	0	3.9000	7.0000
74	73	1	3.8000	7.0000
74	73	2	3.7000	7.0000
74	73	3	3.6000	7.0000
74	73	4	3.5000	7.0000
74	73	5	3.4000	7.0000
74	73	6	3.3000	7.0000
74	73	7	3.2000	7.0000
74	73	8	3.1000	7.0000
74	73	9	3.0000	7.0000
74	64	0	4.0000	6.9000
74	64	1	4.0000	6.8000
74	64	2	4.0000	6.7000
74	64	3	4.0000	6.6000
74	64	4	4.0000	6.5000
74	64	5	4.0000	6.4000
74	64	6	4.0000	6.3000
74	64	7	4.0000	6.2000
74	64	8	4.0000	6.1000
74	64	9	4.0000	6.0000
75	74	0	4.9000	7.0000
75	74	1	4.8000	7.0000
75	74	2	4.7000	7.0000
75	74	3	4.6000	7.0000
75	74	4	4.5000	7.0000
75	74	5	4.4000	7.0000
75	74	6	4.3000	7.0000
75	74	7	4.2000	7.0000
75	74	8	4.1000	7.0000
75	74	9	4.0000	7.0000
75	85	0	5.0000	7.1000
75	85	1	5.0000	7.2000
75	85	2	5.0000	7.3000
75	85	3	5.0000	7.4000
75	85	4	5.0000	7.5000
75	85	5	5.0000	7.6000
75	85	6	5.0000	7.7000
75	85	7	5.0000	7.8000
75	85	8	5.0000	7.9000
75	85	9	5.0000	8.0000
76	75	0	5.9000	7.0000
76	75	1	5.8000	7.0000
76	75	2	5.7000	7.0000
76	75	3	5.6000	7.0000
76	75	4	5.5000	7.0000
76	75	5	5.4000	7.0000
76	75	6	5.3000	7.0000
76	75	7	5.2000	7.0000
76	75	8	5.1000	7.0000
76	75	9	5.0000	7.0000
76	66	0	6.0000	6.9000
76	66	1	6.0000	6.8000
76	66	2	6.0000	6.7000
76	66	3	6.0000	6.6000
76	66	4	6.0000	6.5000
76	66	5	6.0000	6.4000
76	66	6	6.0000	6.3000
76	66	7	6.0000	6.2000
76	66	8	6.0000	6.1000
76	66	9	6.0000	6.0000
77	76	0	6.9000	7.0000
77	76	1	6.8000	7.0000
77	76	2	6.7000	7.0000
77	76	3	6.6000	7.0000
77	76	4	6.5000	7.0000
77	76	5	6.4000	7.0000
77	76	6	6.3000	7.0000
77	76	7	6.2000	7.0000
77	76	8	6.1000	7.0000
77	76	9	6.0000	7.0000
77	87	0	7.0000	7.1000
77	87	1	7.0000	7.2000
77	87	2	7.0000	7.3000
77	87	3	7.0000	7.4000
77	87	4	7.0000	7.5000
77	87	5	7.0000	7.6000
77	87	6	7.0000	7.7000
77	87	7	7.0000	7.8000
77	87	8	7.0000	7.9000
77	87	9	7.0000	8.0000
78	77	0	7.9000	7.0000
78	77	1	7.8000	7.0000
78	77	2	7.7000	7.0000
78	77	3	7.6000	7.0000
78	77	4	7.5000	7.0000
78	77	5	7.4000	7.0000
78	77	6	7.3000	7.0000
78	77	7	7.2000	7.0000
78	77	8	7.1000	7.0000
78	77	9	7.0000	7.0000
78	68	0	8.0000	6.9000
78	68	1	8.0000	6.8000
78	68	2	8.0000	6.7000
78	68	3	8.0000	6.6000
78	68	4	8.0000	6.5000
78	68	5	8.0000	6.4000
78	68	6	8.0000	6.3000
78	68	7	8.0000	6.2000
78	68	8	8.0000	6.1000
78	68	9	8.0000	6.0000
79	78	0	8.9000	7.0000
79	78	1	8.8000	7.0000
79	78	2	8.7000	7.0000
79	78	3	8.6000	7.0000
79	78	4	8.5000	7.0000
79	78	5	8.4000	7.0000
79	78	6	8.3000	7.0000
79	78	7	8.2000	7.0000
79	78	8	8.1000	7.0000
79	78	9	8.0000	7.0000
79	89	0	9.0000	7.1000
79	89	1	9.0000	7.2000
79	89	2	9.0000	7.3000
79	89	3	9.0000	7.4000
79	89	4	9.0000	7.5000
79	89	5	9.0000	7.6000
79	89	6	9.0000	7.7000
79	89	7	9.0000	7.8000
79	89	8	9.0000	7.9000
79	89	9	9.0000	8.0000
80	81	0	0.1000	8.0000
80	81	1	0.2000	8.0000
80	81	2	0.3000	8.0000
80	81	3	0.4000	8.0000
80	81	4	0.5000	8.0000
80	81	5	0.6000	8.0000
80	81	6	0.7000	8.0000
80	81	7	0.8000	8.0000
80	81	8	0.9000	8.0000
80	81	9	1.0000	8.0000
80	70	0	0.0000	7.9000
80	70	1	0.0000	7.8000
80	70	2	0.0000	7.7000
80	70	3	0.0000	7.6000
80	70	4	0.0000	7.5000
80	70	5	0.0000	7.4000
80	70	6	0.0000	7.3000
80	70	7	0.0000	7.2000
80	70	8	0.0000	7.1000
80	70	9	0.0000	7.0000
81	82	0	1.1000	8.0000
81	82	1	1.2000	8.0000
81	82	2	1.3000	8.0000
81	82	3	1.4000	8.0000
81	82	4	1.5000	8.0000
81	82	5	1.6000	8.0000
81	82	6	1.7000	8.0000
81	82	7	1.8000	8.0000
81	82	8	1.9000	8.0000
81	82	9	2.0000	8.0000
81	91	0	1.0000	8.1000
81	91	1	1.0000	8.2000
81	91	2	1.0000	8.3000
81	91	3	1.0000	8.4000
81	91	4	1.0000	8.5000
81	91	5	1.0000	8.6000
81	91	6	1.0000	8.7000
81	91	7	1.0000	8.8000
81	91	8	1.0000	8.9000
81	91	9	1.0000	9.0000
82	83	0	2.1000	8.0000
82	83	1	2.2000	8.0000
82	83	2	2.3000	8.0000
82	83	3	2.4000	8.0000
82	83	4	2.5000	8.0000
82	83	5	2.6000	8.0000
82	83	6	2.7000	8.0000
82	83	7	2.8000	8.0000
82	83	8	2.9000	8.0000
82	83	9	3.0000	8.0000
82	72	0	2.0000	7.9000
82	72	1	2.0000	7.8000
82	72	2	2.0000	7.7000
82	72	3	2.0000	7.6000
82	72	4	2.0000	7.5000
82	72	5	2.0000	7.4000
82	72	6	2.0000	7.3000
82	72	7	2.0000	7.2000
82	72	8	2.0000	7.1000
82	72	9	2.0000	7.0000
83	84	0	3.1000	8.0000
83	84	1	3.2000	8.0000
83	84	2	3.3000	8.0000
83	84	3	3.4000	8.0000
83	84	4	3.5000	8.0000
83	84	5	3.6000	8.0000
83	84	6	3.7000	8.0000
83	84	7	3.8000	8.0000
83	84	8	3.9000	8.0000
83	84	9	4.0000	8.0000
83	93	0	3.0000	8.1000
83	93	1	3.0000	8.2000
83	93	2	3.0000	8.3000
83	93	3	3.0000	8.4000
83	93	4	3.0000	8.5000
83	93	5	3.0000	8.6000
83	93	6	3.0000	8.7000
83	93	7	3.0000	8.8000
83	93	8	3.0000	8.9000
83	93	9	3.0000	9.0000
84	85	0	4.1000	8.0000
84	85	1	4.2000	8.0000
84	85	2	4.3000	8.0000
84	85	3	4.4000	8.0000
84	85	4	4.5000	8.0000
84	85	5	4.6000	8.0000
84	85	6	4.7000	8.0000
84	85	7	4.8000	8.0000
84	85	8	4.9000	8.0000
84	85	9	5.0000	8.0000
84	74	0	4.0000	7.9000
84	74	1	4.0000	7.8000
84	74	2	4.0000	7.7000
84	74	3	4.0000	7.6000
84	74	4	4.0000	7.5000
84	74	5	4.0000	7.4000
84	74	6	4.0000	7.3000
84	74	7	4.0000	7.2000
84	74	8	4.0000	7.1000
84	74	9	4.0000	7.0000
85	86	0	5.1000	8.0000
85	86	1	5.2000	8.0000
85	86	2	5.3000	8.0000
85	86	3	5.4000	8.0000
85	86	4	5.5000	8.0000
85	86	5	5.6000	8.0000
85	86	6	5.7000	8.0000
85	86	7	5.8000	8.0000
85	86	8	5.9000	8.0000
85	86	9	6.0000	8.0000
85	95	0	5.0000	8.1000
85	95	1	5.0000	8.2000
85	95	2	5.0000	8.3000
85	95	3	5.0000	8.4000
85	95	4	5.0000	8.5000
85	95	5	5.0000	8.6000
85	95	6	5.0000	8.7000
85	95	7	5.0000	8.8000
85	95	8	5.0000	8.9000
85	95	9	5.0000	9.0000
86	87	0	6.1000	8.0000
86	87	1	6.2000	8.0000
86	87	2	6.3000	8.0000
86	87	3	6.4000	8.0000
86	87	4	6.5000	8.0000
86	87	5	6.6000	8.0000
86	87	6	6.7000	8.0000
86	87	7	6.8000	8.0000
86	87	8	6.9000	8.0000
86	87	9	7.0000	8.0000
86	76	0	6.0000	7.9000
86	76	1	6.0000	7.8000
86	76	2	6.0000	7.7000
86	76	3	6.0000	7.6000
86	76	4	6.0000	7.5000
86	76	5	6.0000	7.4000
86	76	6	6.0000	7.3000
86	76	7	6.0000	7.2000
86	76	8	6.0000	7.1000
86	76	9	6.0000	7.0000
87	88	0	7.1000	8.0000
87	88	1	7.2000	8.0000
87	88	2	7.3000	8.0000
87	88	3	7.4000	8.0000
87	88	4	7.5000	8.0000
87	88	5	7.6000	8.0000
87	88	6	7.7000	8.0000
87	88	7	7.8000	8.0000
87	88	8	7.9000	8.0000
87	88	9	8.0000	8.0000
87	97	0	7.0000	8.1000
87	97	1	7.0000	8.2000
87	97	2	7.0000	8.3000
87	97	3	7.0000	8.4000
87	97	4	7.0000	8.5000
87	97	5	7.0000	8.6000
87	97	6	7.0000	8.7000
87	97	7	7.0000	8.8000
87	97	8	7.0000	8.9000
87	97	9	7.0000	9.0000
88	89	0	8.1000	8.0000
88	89	1	8.2000	8.0000
88	89	2	8.3000	8.0000
88	89	3	8.4000	8.0000
88	89	4	8.5000	8.0000
88	89	5	8.6000	8.0000
88	89	6	8.7000	8.0000
88	89	7	8.8000	8.0000
88	89	8	8.9000	8.0000
88	89	9	9.0000	8.0000
88	78	0	8.0000	7.9000
88	78	1	8.0000	7.8000
88	78	2	8.0000	7.7000
88	78	3	8.0000	7.6000
88	78	4	8.0000	7.5000
88	78	5	8.0000	7.4000
88	78	6	8.0000	7.3000
88	78	7	8.0000	7.2000
88	78	8	8.0000	7.1000
88	78	9	8.0000	7.0000
89	99	0	9.0000	8.1000
89	99	1	9.0000	8.2000
89	99	2	9.0000	8.3000
89	99	3	9.0000	8.4000
89	99	4	9.0000	8.5000
89	99	5	9.0000	8.6000
89	99	6	9.0000	8.7000
89	99	7	9.0000	8.8000
89	99	8	9.0000	8.9000
89	99	9	9.0000	9.0000
90	80	0	0.0000	8.9000
90	80	1	0.0000	8.8000
90	80	2	0.0000	8.7000
90	80	3	0.0000	8.6000
90	80	4	0.0000	8.5000
90	80	5	0.0000	8.4000
90	80	6	0.0000	8.3000
90	80	7	0.0000	8.2000
90	80	8	0.0000	8.1000
90	80	9	0.0000	8.0000
91	90	0	0.9000	9.0000
91	90	1	0.8000	9.0000
91	90	2	0.7000	9.0000
91	90	3	0.6000	9.0000
91	90	4	0.5000	9.0000
91	90	5	0.4000	9.0000
91	90	6	0.3000	9.0000
91	90	7	0.2000	9.0000
91	90	8	0.1000	9.0000
91	90	9	0.0000	9.0000
92	91	0	1.9000	9.0000
92	91	1	1.8000	9.0000
92	91	2	1.7000	9.0000
92	91	3	1.6000	9.0000
92	91	4	1.5000	9.0000
92	91	5	1.4000	9.0000
92	91	6	1.3000	9.0000
92	91	7	1.2000	9.0000
92	91	8	1.1000	9.0000
92	91	9	1.0000	9.0000
92	82	0	2.0000	8.9000
92	82	1	2.0000	8.8000
92	82	2	2.0000	8.7000
92	82	3	2.0000	8.6000
92	82	4	2.0000	8.5000
92	82	5	2.0000	8.4000
92	82	6	2.0000	8.3000
92	82	7	2.0000	8.2000
92	82	8	2.0000	8.1000
92	82	9	2.0000	8.0000
93	92	0	2.9000	9.0000
93	92	1	2.8000	9.0000
93	92	2	2.7000	9.0000
93	92	3	2.6000	9.0000
93	92	4	2.5000	9.0000
93	92	5	2.4000	9.0000
93	92	6	2.3000	9.0000
93	92	7	2.2000	9.0000
93	92	8	2.1000	9.0000
93	92	9	2.0000	9.0000
94	93	0	3.9000	9.0000
94	93	1	3.8000	9.0000
94	93	2	3.7000	9.0000
94	93	3	3.6000	9.0000
94	93	4	3.5000	9.0000
94	93	5	3.4000	9.0000
94	93	6	3.3000	9.0000
94	93	7	3.2000	9.0000
94	93	8	3.1000	9.0000
94	93	9	3.0000	9.0000
94	84	0	4.0000	8.9000
94	84	1	4.0000	8.8000
94	84	2	4.0000	8.7000
94	84	3	4.0000	8.6000
94	84	4	4.0000	8.5000
94	84	5	4.0000	8.4000
94	84	6	4.0000	8.3000
94	84	7	4.0000	8.2000
94	84	8	4.0000	8.1000
94	84	9	4.0000	8.0000
95	94	0	4.9000	9.0000
95	94	1	4.8000	9.0000
95	94	2	4.7000	9.0000
95	94	3	4.6000	9.0000
95	94	4	4.5000	9.0000
95	94	5	4.4000	9.0000
95	94	6	4.3000	9.0000
95	94	7	4.2000	9.0000
95	94	8	4.1000	9.0000
95	94	9	4.0000	9.0000
96	95	0	5.9000	9.0000
96	95	1	5.8000	9.0000
96	95	2	5.7000	9.0000
96	95	3	5.6000	9.0000
96	95	4	5.5000	9.0000
96	95	5	5.4000	9.0000
96	95	6	5.3000	9.0000
96	95	7	5.2000	9.0000
96	95	8	5.1000	9.0000
96	95	9	5.0000	9.0000
96	86	0	6.0000	8.9000
96	86	1	6.0000	8.8000
96	86	2	6.0000	8.7000
96	86	3	6.0000	8.6000
96	86	4	6.0000	8.5000
96	86	5	6.0000	8.4000
96	86	6	6.0000	8.3000
96	86	7	6.0000	8.2000
96	86	8	6.0000	8.1000
96	86	9	6.0000	8.0000
97	96	0	6.9000	9.0000
97	96	1	6.8000	9.0000
97	96	2	6.7000	9.0000
97	96	3	6.6000	9.0000
97	96	4	6.5000	9.0000
97	96	5	6.4000	9.0000
97	96	6	6.3000	9.0000
97	96	7	6.2000	9.0000
97	96	8	6.1000	9.0000
97	96	9	6.0000	9.0000
98	97	0	7.9000	9.0000
98	97	1	7.8000	9.0000
98	97	2	7.7000	9.0000
98	97	3	7.6000	9.0000
98	97	4	7.5000	9.0000
98	97	5	7.4000	9.0000
98	97	6	7.3000	9.0000
98	97	7	7.2000	9.0000
98	97	8	7.1000	9.0000
98	97	9	7.0000	9.0000
98	88	0	8.0000	8.9000
98	88	1	8.0000	8.8000
98	88	2	8.0000	8.7000
98	88	3	8.0000	8.6000
98	88	4	8.0000	8.5000
98	88	5	8.0000	8.4000
98	88	6	8.0000	8.3000
98	88	7	8.0000	8.2000
98	88	8	8.0000	8.1000
98	88	9	8.0000	8.0000
99	98	0	8.9000	9.0000
99	98	1	8.8000	9.0000
99	98	2	8.7000	9.0000
99	98	3	8.6000	9.0000
99	98	4	8.5000	9.0000
99	98	5	8.4000	9.0000
99	98	6	8.3000	9.0000
99	98	7	8.2000	9.0000
99	98	8	8.1000	9.0000
99	98	9	8.0000	9.0000
