10	2	1
9	5	4
10	7	6
13	9	5
13	9	17
22	10	2
22	10	7
3	13	9
16	13	9
24	16	13
15	18	19
15	18	27
12	20	23
32	21	30
34	22	10
30	22	10
20	23	25
26	24	16
26	24	8
34	24	16
34	24	8
49	25	31
23	25	31
28	27	69
18	27	69
35	28	27
35	28	19
91	28	27
91	28	19
26	29	77
112	29	77
21	30	38
21	30	22
25	31	40
25	31	47
37	34	24
37	34	22
36	35	28
95	36	35
38	37	34
39	37	34
30	38	42
30	38	39
30	38	37
43	39	56
43	39	37
38	39	56
38	39	37
57	40	46
31	40	46
32	42	49
32	42	43
38	42	49
38	42	43
42	43	39
48	43	39
98	44	46
60	45	33
40	46	63
11	46	63
44	46	63
31	47	54
50	48	53
50	48	43
42	49	25
42	49	51
50	49	25
50	49	51
52	50	48
52	50	49
49	51	54
52	51	54
62	52	51
62	52	50
59	52	51
59	52	50
48	53	62
48	53	61
47	54	58
51	54	58
39	56	79
61	56	79
58	57	40
58	57	64
59	58	57
54	58	57
66	59	52
66	59	58
101	59	52
101	59	58
53	61	65
53	61	56
53	62	52
82	62	52
64	63	67
46	63	67
57	64	63
57	64	67
61	65	70
61	65	71
79	65	70
79	65	71
72	66	59
72	66	92
64	67	72
63	67	72
70	68	71
27	69	88
27	69	77
65	70	75
65	70	68
83	70	75
83	70	68
65	71	82
68	71	82
67	72	92
67	72	66
94	73	55
139	73	55
76	74	75
74	75	87
74	75	78
70	75	87
70	75	78
84	76	78
84	76	74
69	77	80
29	77	80
75	78	90
76	78	90
56	79	83
56	79	65
112	79	83
112	79	65
77	80	81
77	80	93
80	81	88
80	81	85
84	82	62
84	82	101
71	82	62
71	82	101
99	83	87
99	83	70
79	83	87
79	83	70
86	84	82
86	84	76
103	84	82
103	84	76
153	86	97
153	86	84
75	87	100
75	87	90
83	87	100
83	87	90
69	88	91
69	88	89
81	88	91
81	88	89
88	89	85
88	89	93
91	89	85
91	89	93
87	90	115
78	90	115
107	91	89
107	91	28
88	91	89
88	91	28
72	92	122
66	92	122
89	93	108
80	93	108
134	94	73
95	94	73
96	95	94
96	95	36
102	96	95
102	96	106
60	98	130
60	98	44
110	99	83
87	100	111
103	101	59
103	101	117
82	101	59
82	101	117
107	102	119
107	102	96
105	103	101
105	103	84
104	103	101
104	103	84
105	104	97
105	104	103
120	105	103
120	105	104
96	106	133
119	106	133
144	107	102
144	107	91
108	107	102
108	107	91
93	108	107
93	108	159
113	110	99
100	111	114
113	112	29
113	112	79
116	113	112
116	113	110
114	113	112
114	113	110
115	114	118
115	114	113
111	114	118
111	114	113
125	115	114
90	115	114
136	116	113
101	117	121
101	117	122
114	118	137
102	119	106
124	120	105
128	120	105
92	122	131
92	122	123
117	122	131
117	122	123
122	123	121
122	123	126
127	123	121
127	123	126
126	124	120
150	125	115
148	125	115
123	126	124
123	126	128
129	126	124
129	126	128
126	128	120
126	128	211
132	128	120
132	128	211
132	129	126
146	130	109
98	130	109
127	131	149
122	131	149
152	132	129
152	132	128
106	133	134
133	134	138
133	134	94
204	134	138
204	134	94
140	135	146
142	136	116
137	136	116
118	137	143
118	137	136
141	137	143
141	137	136
164	139	73
164	139	138
149	140	176
149	140	135
150	141	187
150	141	137
147	142	136
137	143	151
186	144	107
161	144	107
135	146	130
185	146	130
160	147	142
153	148	172
153	148	125
131	149	140
131	149	178
163	150	141
163	150	125
143	151	154
182	152	156
182	152	132
158	153	86
158	153	148
151	154	157
151	154	155
154	155	162
157	155	162
267	156	168
152	156	168
175	157	155
154	157	155
216	158	153
221	158	153
108	159	174
108	159	161
170	160	147
177	161	144
159	161	144
155	162	173
193	163	150
193	163	171
166	164	139
170	165	174
167	166	164
167	166	188
272	167	166
156	168	169
168	169	206
173	170	160
173	170	165
179	170	160
179	170	165
163	171	172
217	171	172
171	172	218
148	172	218
162	173	170
162	173	181
175	173	170
175	173	181
165	174	177
165	174	191
159	174	177
159	174	191
187	175	157
187	175	173
140	176	178
174	177	161
195	177	161
176	178	180
176	178	182
149	178	180
149	178	182
191	179	170
178	180	212
178	182	184
178	182	152
183	182	184
183	182	152
213	183	182
182	184	214
203	185	145
203	185	146
189	186	144
192	187	175
141	187	175
166	188	190
232	189	186
188	190	272
188	190	196
204	190	272
204	190	196
195	191	179
195	191	194
174	191	179
174	191	194
208	192	187
274	192	187
201	193	210
201	193	163
191	194	304
191	194	197
197	195	177
197	195	191
198	195	177
198	195	191
190	196	234
306	197	195
306	197	200
194	197	195
194	197	200
205	198	195
202	199	145
197	200	209
210	201	208
210	201	193
220	202	199
239	203	185
230	205	198
169	206	207
236	206	207
206	207	235
266	208	192
210	208	192
201	208	192
200	209	241
193	210	208
193	210	201
217	210	208
217	210	201
128	211	231
128	211	273
180	212	223
224	213	183
184	214	215
214	215	262
249	216	158
227	216	158
255	217	210
255	217	171
218	217	210
218	217	171
172	218	217
219	218	217
269	219	221
269	219	218
219	221	158
219	221	227
220	222	223
222	223	239
222	223	224
212	223	239
212	223	224
223	224	213
223	224	225
244	224	213
244	224	225
224	225	226
225	226	238
221	227	216
228	227	216
290	228	227
290	228	249
240	230	205
232	230	205
211	231	314
237	232	189
237	232	230
234	233	237
196	234	233
207	235	262
207	235	236
263	236	206
263	236	303
235	236	206
235	236	303
256	237	243
256	237	232
233	237	243
233	237	232
253	238	282
226	238	282
244	239	203
244	239	297
223	239	203
223	239	297
243	240	230
252	241	242
209	241	242
241	242	245
246	243	245
246	243	240
237	243	245
237	243	240
299	244	224
299	244	276
299	244	239
243	245	250
243	245	248
242	245	250
242	245	248
256	246	243
260	247	270
251	248	252
245	248	252
257	249	216
228	249	216
245	250	251
250	251	248
250	251	261
248	252	241
276	253	238
229	254	258
264	255	217
264	255	269
259	255	217
259	255	269
260	256	237
260	256	246
316	257	273
316	257	249
254	258	291
271	259	265
271	259	255
324	260	247
324	260	256
261	260	247
261	260	256
295	261	325
295	261	260
251	261	325
251	261	260
235	262	284
235	262	263
215	262	284
215	262	263
285	263	236
262	263	236
266	264	255
266	264	265
259	265	268
259	265	310
264	265	268
264	265	310
274	266	208
274	266	264
268	266	208
268	266	264
303	267	156
265	268	275
265	268	266
271	269	278
271	269	219
255	269	278
255	269	219
247	270	323
280	271	269
280	271	259
190	272	167
318	272	167
211	273	296
257	273	296
277	274	266
277	274	192
275	274	266
275	274	192
268	275	274
268	275	279
244	276	335
244	276	253
288	277	274
269	278	280
269	278	290
275	279	289
278	280	310
278	280	271
293	280	310
293	280	271
229	281	282
294	281	282
238	282	301
281	282	301
286	283	287
262	284	285
262	284	291
284	285	349
284	285	263
292	285	349
292	285	263
297	286	109
297	286	283
283	287	298
304	288	277
279	289	305
278	290	313
278	290	228
293	290	313
293	290	228
258	291	344
258	291	292
284	291	344
284	291	292
291	292	285
345	292	285
309	293	290
309	293	280
322	293	290
322	293	280
340	294	281
308	294	281
317	295	261
273	296	326
302	296	326
239	297	286
239	297	298
299	297	286
299	297	298
297	298	300
287	298	300
338	299	297
338	299	244
300	299	297
300	299	244
298	300	299
298	300	339
282	301	307
282	301	335
314	302	296
314	302	354
336	303	267
236	303	267
194	304	305
194	304	288
306	304	305
306	304	288
289	305	306
289	305	312
304	305	306
304	305	312
311	306	304
311	306	197
305	306	304
305	306	197
301	307	308
307	308	294
315	309	293
343	309	293
280	310	348
322	310	348
265	310	348
320	311	306
305	312	319
316	313	315
316	313	384
290	313	315
290	313	384
231	314	302
336	314	302
313	315	309
358	315	309
341	316	313
341	316	326
341	316	257
405	317	328
405	317	295
321	317	328
321	317	295
365	318	272
332	318	272
312	319	416
328	320	311
337	321	317
389	321	317
342	322	293
342	322	310
270	323	333
327	324	260
327	324	325
324	325	337
324	325	329
261	325	337
261	325	329
316	326	346
296	326	346
330	327	324
317	328	320
401	328	320
325	329	331
333	330	327
329	331	334
397	332	318
397	333	334
397	333	330
323	333	334
323	333	330
331	334	352
333	334	352
377	335	376
301	335	376
276	335	376
349	336	314
349	336	303
325	337	321
377	338	299
339	338	299
300	339	489
300	339	338
350	340	294
353	340	294
357	341	346
357	341	316
351	342	343
351	342	322
371	343	309
342	343	309
350	344	372
350	344	345
291	344	372
291	344	345
344	345	347
344	345	292
375	345	347
375	345	292
341	346	359
326	346	359
345	347	349
345	347	378
310	348	374
310	348	351
347	349	336
347	349	400
285	349	336
285	349	400
356	350	344
356	350	340
353	350	344
353	350	340
379	351	342
348	351	342
355	352	373
334	352	373
369	353	340
369	353	350
302	354	368
302	354	360
372	356	350
369	356	350
386	357	362
386	357	341
358	357	362
358	357	341
383	358	357
383	358	315
362	359	364
346	359	364
354	360	385
354	360	361
360	361	366
357	362	363
357	362	359
364	363	391
362	363	391
359	364	363
367	364	363
471	365	318
361	366	382
361	366	367
366	367	364
380	367	364
354	368	395
370	369	356
370	369	353
422	370	369
376	370	369
394	371	343
394	371	383
375	372	356
375	372	421
344	372	356
344	372	421
352	373	390
352	373	381
393	374	379
348	374	379
378	375	345
378	375	372
423	375	345
423	375	372
335	376	370
481	376	370
481	377	335
481	377	338
347	378	375
433	378	375
374	379	351
374	379	387
431	380	367
382	380	367
373	381	402
373	381	388
366	382	380
385	382	380
371	383	358
384	383	358
407	383	358
386	384	383
386	384	406
313	384	383
313	384	406
360	385	432
360	385	382
391	386	384
391	386	357
379	387	394
396	387	394
381	388	420
403	389	321
373	390	402
373	390	451
363	391	415
363	391	386
400	392	395
400	392	463
416	393	374
427	393	374
387	394	407
387	394	371
392	395	444
368	395	444
478	396	387
478	396	492
414	397	332
414	397	333
401	399	398
349	400	452
349	400	392
419	401	399
419	401	328
381	402	468
381	402	420
390	402	468
390	402	420
410	403	405
410	403	389
438	404	398
418	405	317
403	405	317
407	406	415
384	406	415
394	407	406
394	407	383
417	407	406
417	407	383
412	408	413
411	410	403
409	410	403
409	411	412
409	411	410
411	412	408
411	412	413
408	413	442
412	413	442
447	414	397
406	415	417
406	415	431
391	415	417
391	415	431
419	416	393
419	416	475
319	416	393
319	416	475
415	417	472
415	417	407
434	417	472
434	417	407
429	418	405
500	418	405
476	419	416
476	419	401
491	419	416
491	419	401
388	420	442
402	420	442
372	421	424
423	421	424
426	422	439
426	422	370
424	422	439
424	422	370
425	423	375
425	423	421
425	424	422
425	424	428
421	424	422
421	424	428
433	425	424
433	425	423
430	425	424
430	425	423
509	426	422
509	426	428
470	427	393
426	428	430
424	428	430
501	429	418
438	429	418
428	430	425
428	430	437
415	431	380
415	431	432
434	431	380
434	431	432
431	432	441
431	432	436
385	432	441
385	432	436
437	433	378
437	433	425
440	433	378
440	433	425
435	434	431
435	434	417
510	434	431
510	434	417
436	435	434
436	435	518
448	436	435
432	436	435
449	437	433
449	437	445
430	437	433
430	437	445
484	438	404
484	438	429
422	439	504
452	440	433
443	440	433
432	441	444
448	441	444
413	442	485
420	442	485
453	443	440
441	444	459
441	444	450
395	444	459
395	444	450
437	445	446
437	445	456
445	446	454
486	447	414
451	447	414
522	448	441
522	448	436
450	448	441
450	448	436
464	449	437
502	449	437
461	450	462
461	450	448
444	450	462
444	450	448
468	451	447
468	451	488
390	451	447
390	451	488
457	452	453
457	452	440
400	452	453
400	452	440
452	453	454
452	453	443
455	453	454
455	453	443
446	454	458
446	454	456
453	454	458
453	454	456
457	455	453
454	456	460
454	456	464
445	456	460
445	456	464
463	457	455
463	457	452
454	458	460
444	459	463
461	459	463
456	460	466
458	460	466
466	461	459
466	461	450
477	461	459
477	461	450
450	462	523
450	462	474
459	463	466
459	463	457
392	463	466
392	463	457
469	464	449
469	464	483
456	464	449
456	464	483
499	465	467
463	466	461
460	466	461
465	467	479
639	468	451
639	468	495
402	468	451
402	468	495
480	469	464
473	470	427
473	470	478
592	471	365
541	471	365
417	472	492
417	472	503
475	473	470
548	473	470
477	474	529
462	474	529
476	475	548
476	475	473
416	475	548
416	475	473
551	476	475
551	476	419
534	477	461
534	477	474
534	477	480
470	478	396
540	478	396
482	479	514
467	479	514
477	480	469
505	481	376
505	481	377
498	481	376
498	481	377
464	483	502
464	483	615
543	483	502
543	483	615
491	484	438
442	485	570
442	485	500
488	486	447
555	486	447
482	487	514
451	488	496
451	488	486
495	488	496
495	488	486
339	489	520
339	489	497
573	491	484
573	491	419
396	492	537
396	492	705
472	492	537
472	492	705
574	493	490
531	493	490
525	494	589
525	494	499
496	495	488
468	495	488
639	495	488
488	496	635
488	496	495
489	497	506
515	497	506
513	498	481
494	499	465
531	499	465
597	499	465
485	500	418
585	500	418
483	502	524
483	502	449
472	503	507
472	503	517
439	504	508
439	504	512
512	505	513
512	505	481
497	506	515
517	507	510
503	507	510
504	508	511
526	509	426
537	510	518
537	510	434
507	510	518
507	510	434
508	511	527
508	511	512
511	512	505
504	512	505
505	513	498
505	513	515
516	513	498
516	513	515
479	514	521
479	514	554
487	514	521
487	514	554
513	515	520
513	515	497
506	515	520
506	515	497
528	516	519
528	516	513
520	516	519
520	516	513
503	517	537
503	517	507
435	518	558
435	518	522
510	518	558
510	518	522
538	519	527
516	519	527
489	520	516
489	520	530
515	520	516
515	520	530
514	521	525
518	522	448
518	522	523
549	522	448
549	522	523
462	523	550
462	523	529
522	523	550
522	523	529
502	524	556
502	524	536
521	525	494
521	525	565
533	526	509
532	526	509
519	527	533
511	527	533
538	528	516
523	529	550
523	529	534
474	529	550
474	529	534
520	530	546
572	531	493
572	531	499
533	532	526
536	532	526
527	533	526
527	533	532
529	534	584
529	534	477
524	536	571
524	536	532
492	537	510
492	537	558
517	537	510
517	537	558
545	538	519
545	538	528
641	540	478
542	541	612
542	541	471
555	542	541
613	543	483
563	543	483
580	544	554
547	545	626
547	545	538
530	546	552
553	547	545
475	548	559
475	548	473
551	548	559
551	548	473
622	549	522
523	550	624
529	550	624
560	551	476
560	551	548
546	552	564
561	553	547
514	554	586
514	554	565
544	554	586
544	554	565
633	555	486
633	555	542
524	556	659
524	556	571
611	557	535
611	557	618
537	558	594
518	558	594
548	559	560
548	559	566
578	560	551
578	560	607
559	560	551
559	560	607
568	561	553
583	561	553
623	563	543
584	563	543
552	564	567
552	564	580
525	565	603
525	565	579
554	565	603
554	565	579
559	566	576
559	566	606
564	567	581
582	568	561
485	570	585
485	570	652
536	571	587
556	571	587
614	572	574
614	572	531
577	572	574
577	572	531
588	573	491
588	573	590
501	573	491
501	573	590
572	574	493
572	574	575
574	575	569
566	576	605
620	577	572
620	577	646
608	578	560
565	579	589
565	579	630
581	580	544
581	580	598
564	580	544
564	580	598
586	580	544
586	580	598
567	581	580
567	581	593
582	581	580
582	581	593
583	582	581
583	582	568
591	582	581
591	582	568
596	583	582
596	583	561
687	583	582
687	583	561
638	584	563
534	584	563
636	585	588
636	585	500
570	585	588
570	585	500
554	586	601
554	586	580
603	586	601
603	586	580
571	587	626
585	588	701
585	588	573
585	588	590
636	588	701
636	588	573
636	588	590
494	589	597
494	589	649
579	589	597
579	589	649
573	590	681
573	590	600
588	590	681
588	590	600
596	591	582
595	592	640
595	592	471
581	593	598
558	594	631
604	594	631
599	595	592
642	596	591
642	596	583
589	597	621
589	597	499
593	598	601
593	598	643
580	598	601
580	598	643
616	599	595
612	599	595
539	600	686
590	600	686
586	601	602
598	601	602
565	603	586
630	603	586
609	604	594
576	605	608
576	605	752
606	605	608
606	605	752
641	606	605
566	606	605
608	607	610
608	607	670
560	607	610
560	607	670
605	608	578
605	608	607
804	608	578
804	608	607
706	609	604
607	610	671
539	610	671
640	611	557
541	612	599
633	612	599
617	614	572
483	615	692
661	615	692
729	616	599
654	617	614
557	618	619
694	619	628
618	619	628
621	620	577
621	620	646
663	621	620
597	621	620
634	622	549
627	623	563
550	624	637
613	625	629
545	626	659
545	626	653
587	626	659
587	626	653
688	627	623
619	628	710
625	629	690
579	630	678
579	630	603
649	630	678
649	630	603
594	631	632
650	631	632
631	632	634
650	632	634
729	633	555
729	633	612
635	633	555
635	633	612
645	634	637
645	634	622
632	634	637
632	634	622
496	635	718
496	635	633
496	635	662
704	636	585
704	636	588
624	637	648
624	637	638
634	637	648
634	637	638
637	638	657
637	638	584
644	639	495
644	639	468
592	640	611
696	640	611
665	641	540
665	641	606
725	642	596
725	642	643
598	643	679
598	643	728
642	643	679
642	643	728
647	644	639
647	644	672
660	645	634
620	646	695
620	646	668
577	646	695
577	646	668
651	647	673
651	647	644
637	648	657
663	649	667
663	649	630
589	649	667
589	649	630
660	650	632
660	650	631
652	651	676
652	651	647
570	652	651
570	652	683
626	653	658
655	654	617
656	655	654
666	656	655
664	656	655
648	657	682
638	657	682
653	658	674
626	659	661
556	659	661
680	660	645
680	660	650
659	661	731
659	661	615
635	662	732
669	663	621
669	663	649
737	665	641
668	666	656
649	667	669
678	667	669
697	668	666
646	668	666
667	669	663
691	669	663
607	670	671
607	670	748
610	671	751
670	671	751
647	673	672
676	673	672
675	674	677
658	674	677
693	674	677
651	676	673
717	677	689
674	677	689
630	678	667
679	678	667
643	679	678
643	679	602
682	680	660
735	680	660
590	681	700
657	682	742
657	682	680
684	682	742
684	682	680
652	683	699
848	683	699
773	684	682
745	684	682
698	686	727
600	686	727
675	687	788
675	687	583
693	687	788
693	687	583
690	688	627
720	689	709
677	689	709
629	690	692
629	690	688
708	690	692
708	690	688
695	691	669
690	692	723
615	692	723
717	693	674
717	693	687
789	693	674
789	693	687
696	694	710
696	694	619
646	695	711
646	695	691
697	695	711
697	695	691
726	696	640
726	696	694
711	697	668
711	697	695
707	697	668
707	697	695
754	698	686
700	698	686
683	699	703
714	699	703
681	700	698
701	700	698
704	701	724
704	701	700
588	701	724
588	701	700
814	702	718
699	703	716
699	703	704
703	704	701
703	704	636
716	704	701
716	704	636
492	705	706
492	705	743
705	706	735
705	706	609
712	707	697
713	708	690
689	709	721
722	709	721
694	710	726
628	710	726
695	711	697
719	711	697
730	712	707
715	713	708
741	715	713
703	716	734
703	716	704
791	717	677
791	717	693
720	717	677
720	717	693
635	718	736
702	718	736
837	719	711
793	720	689
793	720	717
722	720	689
722	720	717
709	721	739
709	721	722
721	722	720
721	722	709
794	722	720
794	722	709
692	723	731
701	724	734
728	725	642
710	726	696
746	726	696
643	728	725
876	728	725
732	729	616
732	729	633
733	730	712
837	730	712
723	731	740
723	731	739
661	731	740
661	731	739
750	732	729
662	732	729
738	733	730
724	734	747
716	734	747
706	735	742
706	735	680
718	736	765
743	737	665
781	738	733
781	738	782
731	739	744
731	739	784
721	739	744
721	739	784
731	740	760
741	740	760
761	741	740
761	741	745
761	741	715
682	742	776
735	742	776
705	743	737
705	743	772
739	744	779
741	745	766
741	745	684
812	746	726
749	746	726
734	747	757
734	747	758
670	748	751
670	748	780
750	749	818
750	749	746
798	750	732
798	750	749
671	751	801
671	751	753
748	751	801
748	751	753
605	752	808
605	752	777
751	753	756
751	753	727
762	754	698
762	754	758
762	754	755
762	755	759
754	755	759
753	756	763
759	756	763
747	757	830
758	757	830
747	758	757
754	758	757
755	759	756
755	759	763
764	761	741
764	761	760
784	761	741
784	761	760
767	762	754
767	762	755
766	764	783
766	764	761
736	765	771
819	765	771
745	766	764
773	766	764
769	767	762
778	767	762
770	769	767
770	769	778
768	770	769
775	770	769
765	771	907
743	772	815
743	772	790
777	772	815
777	772	790
774	773	684
774	773	766
855	773	684
855	773	766
776	774	773
768	775	770
810	775	770
742	776	806
742	776	774
752	777	772
769	778	767
769	778	803
799	779	795
744	779	795
797	780	796
748	780	796
786	781	738
786	781	782
738	782	785
781	782	785
739	784	799
739	784	761
782	785	786
782	785	809
785	786	781
821	786	781
792	787	788
787	788	835
787	788	789
687	788	835
687	788	789
831	789	791
831	789	693
788	789	791
788	789	693
772	790	817
816	790	817
789	791	793
789	791	717
836	791	793
836	791	717
833	792	787
839	793	794
839	793	720
791	793	794
791	793	720
793	794	840
793	794	795
793	794	722
794	795	802
779	795	802
844	795	802
780	796	851
780	796	801
800	797	780
804	797	780
824	798	805
824	798	750
784	799	847
784	799	779
811	800	797
751	801	858
751	801	810
796	801	858
796	801	810
795	802	842
795	802	841
778	803	878
810	803	878
811	804	608
811	804	797
807	804	608
807	804	797
904	805	814
798	805	814
776	806	820
808	807	804
808	807	915
752	808	916
752	808	807
815	808	916
815	808	807
785	809	821
801	810	775
801	810	803
854	810	775
854	810	803
955	811	800
955	811	804
887	812	746
887	812	818
685	812	746
685	812	818
820	813	825
805	814	819
805	814	702
772	815	808
772	815	924
816	815	808
816	815	924
922	816	815
922	816	790
822	816	815
822	816	790
790	817	823
790	817	822
812	818	886
749	818	886
872	819	765
814	819	765
806	820	813
855	820	813
809	821	786
943	821	786
949	822	827
949	822	823
949	822	816
826	822	827
826	822	823
826	822	816
817	822	827
817	822	823
817	822	816
822	823	829
817	823	829
897	824	890
897	824	798
828	825	832
813	825	832
834	826	822
834	826	827
822	827	944
826	827	944
829	828	825
834	829	828
823	829	828
757	830	848
757	830	877
836	831	789
836	831	835
825	832	838
835	833	792
835	833	849
838	834	826
838	834	829
831	835	849
831	835	833
788	835	849
788	835	833
839	836	831
839	836	791
1074	836	831
1074	836	791
845	837	719
845	837	856
845	837	730
832	838	859
832	838	834
882	839	836
882	839	793
840	839	836
840	839	793
841	840	839
794	840	839
885	840	839
802	841	840
802	841	888
842	841	840
842	841	888
844	842	888
844	842	841
802	842	888
802	842	841
889	843	844
846	843	844
843	844	795
843	844	842
889	844	795
889	844	842
853	845	837
876	845	837
847	846	843
847	846	874
850	847	925
850	847	846
799	847	925
799	847	846
830	848	683
852	848	683
881	848	683
835	849	1079
833	849	1079
869	850	847
861	850	847
796	851	858
942	851	858
923	852	848
856	853	845
870	854	810
870	854	864
956	854	810
956	854	864
860	855	773
860	855	820
837	856	853
837	856	1047
869	857	866
801	858	865
801	858	906
851	858	865
851	858	906
838	859	863
861	860	855
862	860	855
862	861	850
862	861	860
866	862	861
866	862	860
946	862	861
946	862	860
868	862	861
868	862	860
859	863	868
858	865	864
857	866	935
857	866	862
950	867	868
863	868	871
863	868	862
867	868	871
867	868	862
894	869	850
894	869	857
913	870	854
868	871	873
900	872	819
871	873	880
871	873	940
846	874	898
879	875	897
886	875	897
909	876	845
909	876	728
878	877	918
830	877	918
803	878	877
1272	879	891
1272	879	875
905	879	891
905	879	875
873	880	936
1073	882	839
883	882	839
885	883	882
937	883	882
937	884	885
888	884	885
884	885	840
884	885	883
818	886	875
818	886	891
887	886	875
887	886	891
892	887	886
892	887	812
842	888	939
842	888	884
842	888	889
841	888	939
841	888	884
841	888	889
888	889	843
888	889	898
888	889	844
939	889	843
939	889	898
939	889	844
824	890	897
824	890	895
886	891	1141
886	891	892
879	891	1141
879	891	892
1140	892	887
891	892	887
901	893	931
895	893	931
926	894	929
926	894	869
897	895	893
890	895	893
908	896	910
875	897	905
875	897	824
875	897	895
890	897	905
890	897	824
890	897	895
903	897	905
903	897	824
903	897	895
874	898	925
874	898	984
889	898	925
889	898	984
931	899	982
931	899	901
994	900	902
994	900	872
904	900	902
904	900	872
899	901	893
899	901	903
927	901	893
927	901	903
900	902	907
1021	902	907
927	903	897
927	903	905
901	903	897
901	903	905
938	904	805
938	904	900
897	905	879
903	905	879
912	906	942
1036	906	942
858	906	942
902	907	917
771	907	917
928	908	896
928	908	910
921	908	896
921	908	910
1092	909	876
1092	909	933
908	910	911
896	910	911
910	911	928
910	911	918
998	912	906
914	912	906
941	913	870
941	913	914
918	913	870
918	913	914
913	914	956
913	914	912
913	914	997
807	915	960
916	915	960
924	916	915
924	916	947
808	916	915
808	916	947
907	917	923
907	917	987
911	918	1008
911	918	913
877	918	1008
877	918	913
881	919	921
881	919	920
928	921	908
919	921	908
968	922	816
973	922	816
917	923	852
917	923	920
967	923	852
967	923	920
973	924	916
815	924	916
847	925	934
898	925	934
957	926	1029
957	926	894
930	926	1029
930	926	894
981	927	901
981	927	903
911	928	921
911	928	908
965	928	921
965	928	908
894	929	959
894	929	934
1028	930	926
935	930	926
932	931	899
893	931	899
938	932	985
938	932	931
909	933	969
929	934	959
925	934	959
866	935	930
946	935	930
880	936	948
880	936	953
970	937	883
970	937	884
1063	937	883
1063	937	884
958	938	932
958	938	904
888	939	970
888	939	889
873	940	945
873	940	948
956	941	913
906	942	977
906	942	851
996	942	977
996	942	851
1001	943	821
1070	943	821
827	944	950
949	944	950
940	945	946
940	945	951
945	946	935
945	946	862
916	947	1002
916	947	963
940	948	952
940	948	951
936	948	952
936	948	951
972	949	944
972	949	822
989	950	867
944	950	867
948	951	952
948	951	961
945	951	952
945	951	961
948	952	1062
948	952	964
948	952	953
951	952	1062
951	952	964
951	952	953
936	953	954
936	953	1085
952	953	954
952	953	1085
1125	954	976
953	954	976
960	955	974
960	955	811
914	956	941
914	956	854
1006	956	941
1006	956	854
966	957	926
1078	957	926
990	958	938
990	958	988
929	959	966
934	959	966
978	960	971
978	960	955
915	960	971
915	960	955
951	961	964
967	962	987
947	963	1022
952	964	995
961	964	995
1015	965	928
1015	965	967
1030	966	957
959	966	957
965	967	962
965	967	923
1018	967	962
1018	967	923
1043	968	922
972	968	922
933	969	975
983	969	975
984	970	937
939	970	937
960	971	978
960	971	991
986	972	949
986	972	968
1077	973	924
1077	973	922
1043	973	924
1043	973	922
955	974	991
1089	975	1084
969	975	1084
954	976	1094
954	976	989
942	977	979
942	977	980
971	978	1002
971	978	960
1007	978	1002
1007	978	960
977	979	1004
977	979	980
979	980	1023
977	980	1023
982	981	927
1052	981	927
985	982	1053
985	982	981
899	982	1053
899	982	981
1088	983	969
1030	984	970
1030	984	1065
898	984	970
898	984	1065
932	985	1054
932	985	982
988	985	1054
988	985	982
989	986	972
1016	986	972
917	987	993
962	987	993
958	988	1055
958	988	985
990	988	1055
990	988	985
1025	989	950
1025	989	986
976	989	950
976	989	986
994	990	958
994	990	988
974	991	1004
971	991	1004
987	993	1000
987	993	1058
1021	994	990
1021	994	900
1056	994	990
1056	994	900
964	995	1024
964	995	999
1042	996	942
1023	996	942
914	997	998
1005	997	998
997	998	912
995	999	1012
1024	999	1012
1061	1000	1021
993	1000	1021
1093	1001	943
1093	1001	992
978	1002	1014
978	1002	1017
947	1002	1014
947	1002	1017
991	1004	1007
979	1004	1007
1041	1004	1007
1006	1005	997
1031	1005	997
1096	1006	956
1096	1006	1005
1011	1006	956
1011	1006	1005
1004	1007	978
1004	1007	1014
1081	1007	978
1081	1007	1014
1033	1008	1009
1013	1008	1009
918	1008	1009
1008	1009	1033
1010	1009	1033
1027	1010	1009
1027	1010	1011
1010	1011	1006
1027	1011	1006
999	1012	1062
1015	1013	1008
1015	1013	1026
1007	1014	1017
1007	1014	1082
1002	1014	1017
1002	1014	1082
1020	1015	965
1020	1015	1013
1020	1015	1026
1038	1016	986
1002	1017	1022
1014	1017	1022
1019	1018	967
1099	1018	967
1019	1020	1039
1019	1020	1015
1000	1021	994
1000	1021	902
1059	1021	994
1059	1021	902
963	1022	1077
963	1022	1087
1017	1022	1077
1017	1022	1087
980	1023	1050
980	1023	996
995	1024	1060
995	1024	999
1057	1024	1060
1057	1024	999
1038	1025	989
1013	1026	1037
1015	1026	1037
1032	1028	930
1032	1028	1029
1064	1030	984
1064	1030	966
1003	1031	1005
1003	1031	1095
1040	1032	1028
1034	1032	1028
1009	1033	1008
1009	1033	1035
1033	1035	1046
1003	1036	1095
1003	1036	906
1042	1036	1095
1042	1036	906
1045	1037	1049
1026	1037	1049
1066	1038	1016
1066	1038	1025
1020	1039	1045
1048	1039	1045
1034	1040	1032
1044	1040	1032
1080	1041	1004
1080	1041	1051
1050	1042	1036
1050	1042	996
1105	1042	1036
1105	1042	996
1066	1043	968
1066	1043	973
1116	1043	968
1116	1043	973
1078	1044	1040
1057	1044	1040
1039	1045	1037
1039	1045	1048
1035	1046	1097
856	1047	1093
856	1047	1102
1045	1048	1039
1045	1048	1099
1051	1050	1042
1023	1050	1042
1105	1051	1050
1041	1051	1050
1110	1052	981
1110	1052	1053
982	1053	1111
982	1053	1054
1052	1053	1111
1052	1053	1054
1053	1054	1109
1053	1054	1055
985	1054	1109
985	1054	1055
988	1055	1107
988	1055	1056
1054	1055	1107
1054	1055	1056
1055	1056	1059
1055	1056	994
1106	1056	1059
1106	1056	994
1091	1057	1044
1091	1057	1024
1086	1057	1044
1086	1057	1024
1061	1058	1101
993	1058	1101
1056	1059	1021
1056	1059	1061
1104	1059	1021
1104	1059	1061
1024	1060	1071
1024	1060	1067
1100	1061	1000
1100	1061	1058
1059	1061	1000
1059	1061	1058
952	1062	1090
1012	1062	1090
1068	1063	937
1068	1063	1073
1065	1064	1030
1083	1064	1030
984	1065	1064
984	1065	1083
1068	1065	1064
1068	1065	1083
1118	1066	1038
1118	1066	1043
1094	1066	1038
1094	1066	1043
1060	1067	1069
1121	1068	1063
1121	1068	1065
1067	1069	1072
1067	1069	1071
1127	1070	943
1069	1071	1129
1060	1071	1129
1069	1072	1076
1129	1072	1076
1063	1073	1074
1063	1073	882
1073	1074	1075
1073	1074	836
1074	1075	1079
1072	1076	1091
1022	1077	973
1022	1077	1116
1195	1077	973
1195	1077	1116
1215	1078	957
1215	1078	1044
849	1079	1084
849	1079	1135
1075	1079	1084
1075	1079	1135
1119	1080	1081
1119	1080	1041
1114	1081	1007
1114	1081	1082
1080	1081	1007
1080	1081	1082
1081	1082	1087
1081	1082	1115
1014	1082	1087
1014	1082	1115
1065	1083	1064
1128	1083	1064
975	1084	1113
1079	1084	1113
953	1085	1090
1108	1086	1057
1082	1087	1137
1022	1087	1137
1112	1088	1092
1112	1088	983
1089	1088	1092
1089	1088	983
1113	1089	975
1113	1089	1088
1085	1090	1126
1062	1090	1126
1076	1091	1108
1076	1091	1057
1117	1091	1108
1117	1091	1057
1146	1092	909
1088	1092	909
1047	1093	1001
1102	1093	1001
976	1094	1136
976	1094	1066
1125	1094	1136
1125	1094	1066
1096	1095	1130
1031	1095	1130
1194	1095	1130
1036	1095	1130
1174	1096	1006
1174	1096	1097
1174	1096	1095
1046	1097	1098
1046	1097	1232
1096	1097	1098
1096	1097	1232
1097	1098	1099
1097	1098	1049
1098	1099	1101
1098	1099	1018
1098	1099	1168
1048	1099	1101
1048	1099	1018
1048	1099	1168
1173	1099	1101
1173	1099	1018
1173	1099	1168
1101	1100	1104
1101	1100	1061
1124	1100	1104
1124	1100	1061
1099	1101	1159
1099	1101	1100
1058	1101	1159
1058	1101	1100
1204	1102	1093
1047	1102	1093
1104	1103	1106
1100	1104	1124
1100	1104	1059
1100	1104	1103
1130	1105	1042
1130	1105	1051
1153	1106	1056
1153	1106	1107
1103	1106	1056
1103	1106	1107
1055	1107	1109
1055	1107	1152
1106	1107	1109
1106	1107	1152
1117	1108	1086
1117	1108	1236
1091	1108	1086
1091	1108	1236
1054	1109	1111
1054	1109	1149
1107	1109	1111
1107	1109	1149
1111	1110	1052
1147	1110	1052
1109	1111	1110
1109	1111	1148
1053	1111	1110
1053	1111	1148
1150	1112	1088
1113	1112	1088
1157	1113	1112
1157	1113	1089
1084	1113	1112
1084	1113	1089
1119	1114	1081
1082	1115	1131
1320	1116	1118
1320	1116	1043
1077	1116	1118
1077	1116	1043
1132	1117	1091
1132	1117	1108
1116	1118	1066
1116	1118	1136
1120	1118	1066
1120	1118	1136
1134	1119	1080
1134	1119	1114
1123	1120	1118
1122	1120	1118
1139	1121	1068
1128	1121	1068
1123	1122	1120
1302	1122	1120
1305	1123	1120
1305	1123	1122
1151	1124	1159
1151	1124	1100
1104	1124	1159
1104	1124	1100
1126	1125	954
1126	1125	1094
1205	1125	954
1205	1125	1094
1090	1126	1199
1090	1126	1125
1139	1128	1083
1139	1128	1121
1190	1128	1083
1190	1128	1121
1071	1129	1132
1071	1129	1072
1133	1129	1132
1133	1129	1072
1095	1130	1185
1095	1130	1105
1095	1130	1144
1115	1131	1137
1134	1131	1137
1133	1132	1117
1133	1132	1325
1129	1132	1117
1129	1132	1325
1331	1133	1132
1331	1133	1129
1172	1134	1131
1172	1134	1119
1079	1135	1143
1079	1135	1142
1079	1135	1145
1094	1136	1166
1118	1136	1166
1087	1137	1169
1131	1137	1169
1160	1139	1121
1160	1139	1128
1189	1140	892
1230	1140	892
1266	1140	892
891	1141	1271
891	1141	1192
1176	1142	1143
1135	1142	1143
1135	1143	1187
1135	1143	1145
1142	1143	1187
1142	1143	1145
1130	1144	1274
1143	1145	1157
1135	1145	1157
1156	1146	1158
1156	1146	1092
1164	1146	1158
1164	1146	1092
1148	1147	1110
1279	1147	1110
1111	1148	1147
1111	1148	1280
1149	1148	1147
1149	1148	1280
1152	1149	1148
1109	1149	1148
1155	1150	1112
1155	1150	1156
1224	1151	1154
1224	1151	1159
1224	1151	1124
1107	1152	1283
1107	1152	1149
1153	1152	1283
1153	1152	1149
1154	1153	1106
1154	1153	1152
1284	1153	1106
1284	1153	1152
1151	1154	1153
1285	1154	1153
1157	1155	1162
1157	1155	1150
1150	1156	1163
1150	1156	1146
1145	1157	1155
1145	1157	1113
1165	1158	1170
1146	1158	1170
1124	1159	1226
1124	1159	1161
1101	1159	1226
1101	1159	1161
1151	1159	1226
1151	1159	1161
1190	1160	1139
1190	1160	1184
1159	1161	1168
1155	1162	1163
1156	1163	1164
1156	1163	1175
1162	1163	1164
1162	1163	1175
1175	1164	1165
1175	1164	1146
1163	1164	1165
1163	1164	1146
1164	1165	1158
1175	1165	1158
1136	1166	1198
1191	1167	1187
1177	1167	1187
1099	1168	1173
1099	1168	1223
1161	1168	1173
1161	1168	1223
1137	1169	1195
1137	1169	1172
1137	1169	1249
1158	1170	1210
1328	1171	1178
1193	1171	1178
1220	1172	1134
1169	1172	1134
1168	1173	1099
1227	1173	1099
1241	1174	1096
1194	1174	1096
1180	1175	1179
1180	1175	1164
1180	1175	1165
1181	1175	1179
1181	1175	1164
1181	1175	1165
1163	1175	1179
1163	1175	1164
1163	1175	1165
1184	1176	1142
1179	1177	1167
1333	1178	1183
1171	1178	1183
1175	1179	1177
1175	1179	1191
1180	1179	1177
1180	1179	1191
1181	1180	1179
1181	1180	1175
1203	1180	1179
1203	1180	1175
1188	1181	1175
1188	1181	1180
1182	1181	1175
1182	1181	1180
1183	1182	1181
1178	1183	1182
1178	1183	1188
1186	1184	1176
1160	1184	1176
1130	1185	1222
1339	1185	1222
1196	1186	1184
1197	1186	1184
1167	1187	1196
1143	1187	1196
1183	1188	1203
1183	1188	1181
1267	1189	1140
1200	1190	1160
1200	1190	1128
1202	1190	1160
1202	1190	1128
1203	1191	1167
1179	1191	1167
1141	1192	1270
1216	1193	1171
1217	1193	1171
1241	1194	1095
1241	1194	1174
1169	1195	1296
1169	1195	1077
1187	1196	1201
1187	1196	1186
1200	1197	1186
1166	1198	1205
1126	1199	1221
1126	1199	1208
1206	1200	1190
1206	1200	1197
1202	1200	1190
1202	1200	1197
1196	1201	1206
1215	1202	1190
1215	1202	1200
1396	1203	1180
1396	1203	1191
1188	1203	1180
1188	1203	1191
1209	1204	1211
1209	1204	1102
1219	1205	1208
1219	1205	1125
1198	1205	1208
1198	1205	1125
1201	1206	1200
1201	1206	1207
1383	1206	1200
1383	1206	1207
1206	1207	1218
1205	1208	1213
1205	1208	1214
1199	1208	1213
1199	1208	1214
1210	1209	1211
1210	1209	1204
1170	1210	1209
1170	1210	1212
1209	1211	1233
1204	1211	1233
1210	1212	1228
1221	1213	1299
1208	1213	1299
1208	1214	1221
1236	1215	1078
1236	1215	1202
1218	1215	1078
1218	1215	1202
1235	1216	1193
1239	1217	1193
1237	1217	1193
1207	1218	1215
1207	1218	1242
1298	1219	1205
1222	1220	1172
1247	1220	1172
1214	1221	1213
1214	1221	1301
1199	1221	1213
1199	1221	1301
1185	1222	1220
1185	1222	1247
1225	1223	1273
1168	1223	1273
1226	1224	1151
1287	1224	1151
1229	1225	1223
1229	1225	1365
1159	1226	1224
1159	1226	1290
1229	1227	1173
1212	1228	1233
1234	1229	1225
1234	1229	1227
1269	1230	1140
1138	1230	1140
1233	1231	1238
1233	1231	1253
1211	1233	1231
1228	1233	1231
1243	1234	1229
1237	1235	1216
1108	1236	1215
1244	1236	1215
1240	1237	1235
1240	1237	1217
1231	1238	1259
1278	1239	1217
1250	1240	1237
1246	1240	1237
1252	1241	1194
1252	1241	1174
1260	1241	1194
1260	1241	1174
1218	1242	1248
1251	1243	1232
1251	1243	1234
1255	1244	1236
1248	1244	1236
1431	1245	1251
1268	1246	1240
1303	1247	1220
1303	1247	1249
1222	1247	1220
1222	1247	1249
1242	1248	1261
1242	1248	1244
1169	1249	1300
1247	1249	1300
1275	1250	1278
1275	1250	1240
1245	1251	1243
1274	1252	1241
1274	1252	1260
1231	1253	1294
1231	1253	1259
1256	1254	1255
1257	1255	1244
1254	1255	1244
1258	1256	1254
1258	1256	1257
1262	1256	1254
1262	1256	1257
1256	1257	1255
1291	1258	1256
1253	1259	1268
1253	1259	1286
1238	1259	1268
1238	1259	1286
1252	1260	1241
1252	1260	1391
1248	1261	1263
1248	1261	1281
1263	1262	1264
1263	1262	1256
1276	1262	1264
1276	1262	1256
1261	1263	1262
1262	1264	1265
1277	1265	1352
1264	1265	1352
1267	1266	1140
1267	1266	1269
1327	1266	1140
1327	1266	1269
1307	1267	1266
1307	1267	1189
1270	1267	1266
1270	1267	1189
1259	1268	1275
1259	1268	1246
1295	1268	1275
1295	1268	1246
1266	1269	1230
1271	1270	1267
1271	1270	1306
1192	1270	1267
1192	1270	1306
1141	1271	1326
1141	1271	1270
1272	1271	1326
1272	1271	1270
1403	1272	1271
1403	1272	879
1279	1272	1271
1279	1272	879
1292	1273	1293
1223	1273	1293
1144	1274	1402
1144	1274	1252
1308	1274	1402
1308	1274	1252
1297	1275	1250
1297	1275	1375
1268	1275	1250
1268	1275	1375
1281	1277	1265
1281	1277	1346
1250	1278	1384
1250	1278	1239
1367	1279	1272
1367	1279	1147
1280	1279	1272
1280	1279	1147
1148	1280	1368
1148	1280	1279
1282	1280	1368
1282	1280	1279
1276	1281	1277
1261	1281	1277
1283	1282	1280
1373	1282	1280
1152	1283	1282
1152	1283	1374
1284	1283	1282
1284	1283	1374
1285	1284	1283
1285	1284	1153
1287	1285	1154
1287	1285	1284
1259	1286	1294
1379	1287	1224
1379	1287	1285
1288	1287	1224
1288	1287	1285
1289	1288	1287
1289	1288	1357
1290	1289	1288
1226	1290	1289
1292	1290	1289
1350	1291	1258
1293	1292	1290
1293	1292	1273
1273	1293	1292
1420	1293	1292
1253	1294	1363
1286	1294	1363
1297	1295	1268
1195	1296	1300
1195	1296	1304
1338	1297	1275
1338	1297	1295
1310	1298	1299
1310	1298	1219
1213	1299	1313
1298	1299	1313
1249	1300	1304
1249	1300	1303
1296	1300	1304
1296	1300	1303
1221	1301	1332
1221	1301	1334
1317	1302	1122
1316	1302	1122
1330	1303	1247
1330	1303	1360
1300	1303	1247
1300	1303	1360
1300	1304	1320
1296	1304	1320
1312	1305	1311
1312	1305	1123
1270	1306	1326
1327	1307	1267
1339	1308	1274
1339	1308	1413
1314	1309	1316
1322	1309	1316
1311	1310	1298
1305	1311	1310
1312	1311	1310
1314	1312	1305
1314	1312	1311
1299	1313	1315
1318	1314	1309
1318	1314	1312
1313	1315	1319
1313	1315	1348
1309	1316	1302
1309	1316	1323
1321	1317	1323
1321	1317	1302
1319	1318	1314
1324	1318	1314
1315	1319	1318
1336	1319	1318
1304	1320	1116
1304	1320	1321
1320	1321	1317
1330	1321	1317
1324	1322	1309
1316	1323	1341
1317	1323	1341
1392	1324	1318
1392	1324	1322
1329	1324	1318
1329	1324	1322
1132	1325	1337
1306	1326	1480
1271	1326	1480
1479	1327	1266
1479	1327	1307
1333	1328	1358
1333	1328	1171
1336	1329	1324
1342	1330	1321
1342	1330	1303
1335	1331	1133
1332	1331	1133
1335	1332	1331
1301	1332	1331
1404	1333	1328
1404	1333	1178
1340	1335	1331
1340	1335	1332
1359	1336	1329
1359	1336	1319
1325	1337	1349
1343	1337	1349
1362	1338	1297
1362	1338	1388
1366	1339	1185
1366	1339	1308
1343	1340	1345
1343	1340	1335
1323	1341	1342
1323	1341	1351
1323	1341	1371
1323	1341	1392
1351	1342	1330
1341	1342	1330
1344	1343	1337
1344	1343	1340
1369	1344	1343
1414	1344	1343
1340	1345	1334
1340	1345	1347
1354	1346	1353
1354	1346	1428
1277	1346	1353
1277	1346	1428
1345	1347	1334
1345	1347	1348
1347	1348	1397
1315	1348	1397
1356	1349	1350
1337	1349	1350
1349	1350	1291
1361	1351	1342
1361	1351	1355
1341	1351	1342
1341	1351	1355
1265	1352	1354
1346	1353	1383
1463	1353	1383
1352	1354	1346
1352	1354	1356
1361	1355	1377
1351	1355	1377
1354	1356	1349
1354	1356	1369
1288	1357	1380
1364	1357	1380
1372	1359	1336
1399	1359	1336
1303	1360	1370
1377	1360	1370
1387	1361	1355
1387	1361	1351
1225	1365	1376
1385	1366	1339
1370	1366	1339
1368	1367	1279
1406	1367	1279
1373	1368	1424
1373	1368	1367
1280	1368	1424
1280	1368	1367
1356	1369	1344
1356	1369	1415
1394	1369	1344
1394	1369	1415
1360	1370	1386
1360	1370	1366
1341	1371	1456
1387	1371	1456
1389	1372	1359
1374	1373	1368
1374	1373	1282
1443	1373	1368
1443	1373	1282
1378	1374	1446
1378	1374	1373
1283	1374	1446
1283	1374	1373
1275	1375	1381
1355	1377	1422
1355	1377	1360
1445	1378	1374
1379	1378	1374
1380	1379	1378
1380	1379	1287
1357	1380	1379
1448	1380	1379
1375	1381	1436
1353	1383	1206
1489	1383	1206
1278	1384	1358
1278	1384	1430
1408	1385	1366
1408	1385	1386
1385	1386	1407
1370	1386	1407
1425	1387	1361
1425	1387	1371
1338	1388	1382
1392	1389	1372
1392	1389	1390
1389	1390	1400
1389	1390	1401
1260	1391	1393
1341	1392	1389
1341	1392	1324
1454	1392	1389
1454	1392	1324
1391	1393	1402
1391	1393	1395
1428	1394	1369
1428	1394	1441
1393	1395	1398
1405	1395	1398
1432	1396	1457
1432	1396	1203
1348	1397	1399
1348	1397	1467
1397	1399	1359
1397	1399	1400
1469	1399	1359
1469	1399	1400
1390	1400	1401
1399	1400	1401
1400	1401	1454
1390	1401	1454
1393	1402	1405
1393	1402	1409
1274	1402	1405
1274	1402	1409
1486	1403	1272
1406	1403	1272
1457	1404	1333
1457	1404	1430
1410	1405	1491
1410	1405	1395
1402	1405	1491
1402	1405	1395
1423	1406	1403
1423	1406	1367
1417	1407	1411
1386	1407	1411
1461	1408	1385
1402	1409	1413
1410	1409	1413
1412	1410	1409
1412	1410	1405
1435	1410	1409
1435	1410	1405
1422	1411	1470
1407	1411	1470
1416	1412	1433
1416	1412	1410
1409	1413	1442
1308	1413	1442
1467	1414	1415
1467	1414	1344
1414	1415	1427
1369	1415	1427
1447	1416	1466
1447	1416	1412
1470	1417	1407
1419	1418	1449
1364	1418	1449
1420	1419	1418
1426	1420	1293
1426	1420	1419
1495	1421	1426
1542	1421	1426
1377	1422	1411
1377	1422	1490
1425	1422	1411
1425	1422	1490
1424	1423	1406
1437	1423	1406
1368	1424	1438
1368	1424	1429
1368	1424	1423
1465	1425	1387
1465	1425	1422
1421	1426	1420
1421	1426	1376
1441	1427	1497
1415	1427	1497
1478	1428	1394
1478	1428	1463
1346	1428	1394
1346	1428	1463
1424	1429	1443
1404	1430	1623
1404	1430	1436
1384	1430	1623
1384	1430	1436
1434	1431	1245
1451	1431	1245
1455	1432	1396
1440	1432	1396
1412	1433	1453
1412	1433	1435
1433	1435	1410
1381	1436	1452
1430	1436	1452
1481	1437	1423
1438	1437	1423
1424	1438	1437
1424	1438	1482
1434	1439	1398
1444	1439	1398
1476	1440	1432
1476	1440	1568
1394	1441	1427
1394	1441	1478
1413	1442	1450
1413	1442	1462
1446	1443	1373
1429	1443	1373
1485	1443	1373
1451	1444	1439
1434	1444	1439
1448	1445	1378
1448	1445	1446
1488	1445	1378
1488	1445	1446
1445	1446	1443
1445	1446	1487
1374	1446	1443
1374	1446	1487
1468	1447	1416
1450	1447	1416
1449	1448	1445
1449	1448	1380
1492	1448	1445
1492	1448	1380
1418	1449	1493
1418	1449	1448
1442	1450	1447
1468	1450	1447
1495	1451	1444
1495	1451	1431
1436	1452	1382
1433	1453	1459
1458	1454	1392
1458	1454	1456
1458	1454	1460
1458	1454	1561
1401	1454	1392
1401	1454	1456
1401	1454	1460
1401	1454	1561
1464	1455	1432
1680	1455	1432
1371	1456	1477
1454	1456	1477
1396	1457	1494
1396	1457	1404
1564	1458	1460
1564	1458	1454
1466	1459	1551
1453	1459	1551
1458	1460	1544
1454	1460	1544
1472	1461	1408
1462	1461	1408
1442	1462	1472
1442	1462	1461
1428	1463	1353
1428	1463	1496
1494	1464	1455
1494	1464	1692
1477	1465	1425
1471	1465	1425
1416	1466	1459
1416	1466	1558
1397	1467	1414
1397	1467	1497
1469	1467	1414
1469	1467	1497
1472	1468	1447
1472	1468	1450
1475	1468	1447
1475	1468	1450
1500	1469	1399
1500	1469	1467
1513	1469	1399
1513	1469	1467
1473	1470	1472
1473	1470	1417
1411	1470	1472
1411	1470	1417
1490	1471	1465
1490	1471	1483
1470	1472	1461
1470	1472	1475
1470	1472	1473
1470	1472	1468
1484	1472	1461
1484	1472	1475
1484	1472	1473
1484	1472	1468
1462	1472	1461
1462	1472	1475
1462	1472	1473
1462	1472	1468
1472	1473	1515
1472	1473	1470
1505	1473	1515
1505	1473	1470
1484	1475	1468
1484	1475	1553
1472	1475	1468
1472	1475	1553
1498	1476	1440
1584	1476	1440
1456	1477	1465
1456	1477	1483
1521	1478	1428
1441	1478	1428
1480	1479	1474
1480	1479	1327
1614	1479	1474
1614	1479	1327
1486	1480	1612
1486	1480	1479
1326	1480	1612
1326	1480	1479
1571	1481	1486
1571	1481	1437
1482	1481	1486
1482	1481	1437
1438	1482	1481
1438	1482	1522
1485	1482	1481
1485	1482	1522
1471	1483	1508
1477	1483	1508
1504	1484	1472
1504	1484	1475
1518	1484	1472
1518	1484	1475
1526	1485	1443
1526	1485	1482
1487	1485	1443
1487	1485	1482
1481	1486	1403
1481	1486	1480
1594	1486	1403
1594	1486	1480
1446	1487	1485
1446	1487	1527
1488	1487	1485
1488	1487	1527
1492	1488	1445
1492	1488	1487
1528	1488	1445
1528	1488	1487
1496	1489	1499
1496	1489	1383
1514	1490	1471
1422	1490	1471
1405	1491	1539
1405	1491	1550
1493	1492	1448
1493	1492	1488
1535	1492	1448
1535	1492	1488
1449	1493	1492
1449	1493	1537
1457	1494	1464
1623	1494	1464
1512	1495	1451
1512	1495	1421
1463	1496	1489
1463	1496	1499
1463	1496	1510
1467	1497	1500
1467	1497	1524
1427	1497	1500
1427	1497	1524
1502	1498	1509
1502	1498	1476
1496	1499	1501
1489	1499	1501
1536	1500	1469
1536	1500	1533
1497	1500	1469
1497	1500	1533
1499	1501	1503
1503	1502	1498
1501	1503	1502
1519	1504	1484
1505	1504	1484
1506	1505	1473
1506	1505	1504
1517	1506	1505
1556	1507	1714
1483	1508	1525
1483	1508	1516
1677	1509	1511
1498	1509	1511
1511	1510	1598
1496	1510	1598
1675	1511	1510
1509	1511	1510
1550	1512	1495
1542	1512	1495
1529	1513	1469
1530	1513	1469
1516	1514	1490
1515	1514	1490
1473	1515	1514
1473	1515	1516
1515	1516	1525
1515	1516	1517
1515	1516	1514
1520	1516	1525
1520	1516	1517
1520	1516	1514
1508	1516	1525
1508	1516	1517
1508	1516	1514
1520	1517	1519
1520	1517	1506
1516	1517	1519
1516	1517	1506
1570	1518	1484
1519	1518	1484
1517	1519	1518
1517	1519	1504
1554	1519	1518
1554	1519	1504
1546	1520	1516
1546	1520	1517
1534	1520	1516
1534	1520	1517
1536	1521	1478
1524	1521	1478
1482	1522	1543
1482	1522	1573
1526	1522	1543
1526	1522	1573
1497	1524	1521
1497	1524	1536
1508	1525	1552
1516	1525	1552
1597	1526	1485
1597	1526	1522
1527	1526	1485
1527	1526	1522
1487	1527	1526
1528	1527	1526
1607	1528	1488
1607	1528	1527
1535	1528	1488
1535	1528	1527
1538	1529	1513
1533	1530	1513
1533	1530	1532
1545	1531	1533
1536	1531	1533
1530	1532	1540
1531	1533	1635
1531	1533	1530
1500	1533	1635
1500	1533	1530
1570	1534	1520
1570	1534	1552
1537	1535	1492
1537	1535	1528
1547	1536	1521
1547	1536	1500
1547	1536	1531
1547	1536	1545
1524	1536	1521
1524	1536	1500
1524	1536	1531
1524	1536	1545
1493	1537	1615
1493	1537	1535
1563	1538	1529
1551	1539	1555
1491	1539	1555
1532	1540	1541
1540	1541	1565
1610	1542	1421
1610	1542	1512
1522	1543	1572
1460	1544	1621
1536	1545	1531
1536	1545	1633
1548	1545	1531
1548	1545	1633
1549	1547	1536
1655	1547	1536
1666	1548	1545
1567	1549	1547
1491	1550	1686
1491	1550	1512
1555	1550	1686
1555	1550	1512
1459	1551	1569
1459	1551	1539
1558	1551	1569
1558	1551	1539
1546	1552	1613
1525	1552	1613
1534	1552	1613
1475	1553	1559
1475	1553	1557
1570	1554	1519
1569	1555	1550
1539	1555	1550
1362	1556	1709
1362	1556	1507
1553	1557	1559
1553	1557	1627
1466	1558	1551
1557	1559	1631
1553	1559	1631
1563	1560	1523
1561	1560	1523
1454	1561	1560
1454	1561	1562
1564	1562	1563
1564	1562	1565
1561	1562	1563
1561	1562	1565
1565	1563	1560
1565	1563	1538
1562	1563	1560
1562	1563	1538
1620	1564	1458
1620	1564	1562
1620	1564	1585
1565	1564	1458
1565	1564	1562
1565	1564	1585
1541	1565	1665
1541	1565	1563
1541	1565	1564
1562	1565	1665
1562	1565	1563
1562	1565	1564
1585	1566	1628
1574	1567	1549
1636	1567	1549
1440	1568	1584
1440	1568	1706
1551	1569	1555
1689	1569	1555
1626	1570	1534
1626	1570	1554
1626	1570	1518
1580	1571	1572
1580	1571	1481
1576	1571	1572
1576	1571	1481
1571	1572	1573
1571	1572	1581
1543	1572	1573
1543	1572	1581
1572	1573	1582
1572	1573	1586
1522	1573	1582
1522	1573	1586
1598	1574	1636
1598	1574	1567
1594	1575	1576
1575	1576	1571
1575	1576	1578
1575	1576	1577
1576	1577	1579
1576	1578	1579
1578	1579	1587
1578	1579	1580
1577	1579	1587
1577	1579	1580
1579	1580	1571
1579	1580	1581
1587	1580	1571
1587	1580	1581
1572	1581	1582
1572	1581	1591
1580	1581	1582
1580	1581	1591
1581	1582	1592
1581	1582	1583
1573	1582	1592
1573	1582	1583
1582	1583	1586
1568	1584	1476
1568	1584	1605
1564	1585	1643
1564	1585	1566
1583	1586	1597
1573	1586	1597
1579	1587	1590
1579	1587	1580
1589	1587	1590
1589	1587	1580
1589	1588	1604
1599	1589	1587
1599	1589	1588
1590	1589	1587
1590	1589	1588
1591	1590	1601
1591	1590	1589
1587	1590	1601
1587	1590	1589
1592	1591	1602
1592	1591	1590
1581	1591	1602
1581	1591	1590
1593	1592	1603
1593	1592	1591
1582	1592	1603
1582	1592	1591
1600	1593	1592
1595	1594	1575
1595	1594	1486
1612	1595	1594
1612	1595	1606
1604	1596	1606
1586	1597	1526
1586	1597	1607
1608	1597	1526
1608	1597	1607
1510	1598	1574
1510	1598	1707
1728	1599	1604
1728	1599	1589
1601	1599	1604
1601	1599	1589
1608	1600	1603
1608	1600	1593
1602	1601	1611
1602	1601	1599
1590	1601	1611
1590	1601	1599
1603	1602	1611
1603	1602	1601
1591	1602	1611
1591	1602	1601
1592	1603	1602
1592	1603	1688
1600	1603	1602
1600	1603	1688
1599	1604	1596
1588	1604	1596
1584	1605	1677
1749	1605	1677
1595	1606	1618
1596	1606	1618
1597	1607	1528
1597	1607	1615
1609	1608	1600
1609	1608	1597
1616	1609	1608
1616	1609	1725
1659	1610	1642
1659	1610	1542
1641	1610	1642
1641	1610	1542
1601	1611	1672
1602	1611	1672
1480	1612	1618
1480	1612	1595
1614	1612	1618
1614	1612	1595
1552	1613	1682
1637	1613	1682
1621	1613	1682
1618	1614	1612
1618	1614	1479
1625	1614	1612
1625	1614	1479
1607	1615	1619
1607	1615	1617
1537	1615	1619
1537	1615	1617
1619	1616	1609
1615	1617	1622
1615	1617	1644
1606	1618	1614
1606	1618	1650
1612	1618	1614
1612	1618	1650
1615	1619	1616
1622	1619	1616
1648	1620	1564
1664	1620	1564
1544	1621	1613
1630	1621	1613
1647	1622	1619
1617	1622	1619
1430	1623	1685
1430	1623	1494
1635	1624	1683
1629	1625	1614
1637	1626	1570
1637	1626	1627
1626	1627	1646
1639	1627	1646
1557	1627	1646
1566	1628	1632
1566	1628	1630
1669	1629	1625
1640	1630	1621
1628	1630	1621
1559	1631	1638
1559	1631	1645
1640	1632	1643
1628	1632	1643
1545	1633	1651
1545	1633	1674
1666	1635	1691
1666	1635	1624
1533	1635	1691
1533	1635	1624
1574	1636	1567
1574	1636	1678
1718	1636	1567
1718	1636	1678
1702	1637	1613
1702	1637	1626
1631	1638	1639
1631	1638	1649
1638	1639	1627
1646	1639	1627
1693	1640	1632
1693	1640	1630
1658	1641	1610
1644	1641	1610
1610	1642	1653
1610	1642	1659
1632	1643	1648
1585	1643	1648
1617	1644	1641
1617	1644	1657
1631	1645	1654
1649	1645	1654
1627	1646	1649
1627	1646	1639
1652	1647	1622
1667	1647	1622
1687	1648	1664
1687	1648	1620
1643	1648	1664
1643	1648	1620
1646	1649	1645
1638	1649	1645
1618	1650	1669
1656	1651	1655
1633	1651	1655
1663	1653	1671
1642	1653	1671
1645	1654	1742
1651	1655	1547
1651	1655	1719
1678	1655	1547
1678	1655	1719
1656	1655	1547
1656	1655	1719
1674	1656	1651
1674	1656	1655
1652	1657	1660
1652	1657	1658
1644	1657	1660
1644	1657	1658
1657	1658	1661
1657	1658	1641
1660	1658	1661
1660	1658	1641
1663	1659	1661
1663	1659	1610
1642	1659	1661
1642	1659	1610
1661	1660	1662
1661	1660	1658
1661	1660	1663
1661	1660	1667
1673	1660	1662
1673	1660	1658
1673	1660	1663
1673	1660	1667
1657	1660	1662
1657	1660	1658
1657	1660	1663
1657	1660	1667
1658	1661	1660
1658	1661	1663
1659	1661	1660
1659	1661	1663
1670	1662	1676
1670	1662	1663
1660	1662	1676
1660	1662	1663
1679	1662	1676
1679	1662	1663
1661	1663	1659
1661	1663	1668
1661	1663	1653
1660	1663	1659
1660	1663	1668
1660	1663	1653
1662	1663	1659
1662	1663	1668
1662	1663	1653
1648	1664	1620
1665	1664	1620
1684	1664	1620
1565	1665	1664
1565	1665	1775
1681	1665	1664
1681	1665	1775
1695	1666	1635
1695	1666	1548
1660	1667	1647
1673	1667	1647
1663	1668	1671
1650	1669	1629
1671	1670	1662
1671	1670	1676
1668	1671	1690
1668	1671	1670
1653	1671	1690
1653	1671	1670
1611	1672	1688
1679	1673	1667
1679	1673	1660
1633	1674	1700
1633	1674	1656
1677	1675	1511
1724	1675	1511
1670	1676	1679
1662	1676	1679
1704	1677	1675
1704	1677	1509
1605	1677	1675
1605	1677	1509
1636	1678	1655
1636	1678	1721
1676	1679	1673
1676	1679	1662
1773	1679	1673
1773	1679	1662
1701	1680	1455
1692	1680	1455
1683	1681	1665
1751	1681	1665
1613	1682	1702
1613	1682	1710
1624	1683	1691
1624	1683	1681
1624	1683	1698
1687	1684	1664
1774	1684	1664
1623	1685	1694
1623	1685	1709
1690	1686	1689
1550	1686	1689
1693	1687	1684
1693	1687	1648
1771	1687	1684
1771	1687	1648
1672	1688	1720
1603	1688	1720
1686	1689	1569
1686	1689	1696
1769	1690	1686
1671	1690	1686
1683	1691	1703
1683	1691	1695
1635	1691	1703
1635	1691	1695
1464	1692	1680
1464	1692	1706
1710	1693	1640
1710	1693	1687
1776	1694	1855
1685	1694	1855
1691	1695	1666
1691	1695	1700
1689	1696	1697
1696	1697	1717
1703	1698	1753
1683	1698	1753
1700	1699	1708
1674	1700	1699
1695	1700	1699
1713	1700	1699
1705	1701	1680
1705	1701	1706
1756	1702	1637
1682	1702	1637
1691	1703	1763
1691	1703	1698
1708	1703	1763
1708	1703	1698
1726	1704	1677
1568	1706	1711
1701	1706	1711
1692	1706	1711
1598	1707	1722
1598	1707	1712
1723	1708	1703
1699	1708	1703
1685	1709	1714
1685	1709	1750
1556	1709	1714
1556	1709	1750
1682	1710	1693
1682	1710	1739
1740	1710	1693
1740	1710	1739
1705	1711	1811
1706	1711	1811
1765	1712	1718
1707	1712	1718
1715	1713	1719
1715	1713	1700
1709	1714	1768
1507	1714	1768
1729	1715	1713
1752	1715	1713
1733	1716	1717
1733	1716	1841
1716	1717	1727
1697	1717	1727
1712	1718	1729
1712	1718	1636
1762	1718	1729
1762	1718	1636
1721	1719	1729
1655	1719	1729
1713	1719	1729
1688	1720	1725
1688	1720	1809
1678	1721	1729
1678	1721	1719
1707	1722	1761
1707	1722	1730
1770	1723	1741
1770	1723	1708
1731	1724	1675
1726	1724	1675
1734	1726	1724
1734	1726	1704
1749	1726	1724
1749	1726	1704
1717	1727	1634
1717	1727	1742
1732	1728	1599
1738	1728	1599
1718	1729	1715
1718	1729	1757
1721	1729	1715
1721	1729	1757
1719	1729	1715
1719	1729	1757
1722	1730	1731
1730	1731	1724
1730	1731	1734
1743	1731	1724
1743	1731	1734
1745	1732	1728
1737	1733	1716
1731	1734	1735
1731	1734	1726
1744	1734	1735
1744	1734	1726
1734	1735	1754
1838	1736	1745
1769	1737	1733
1808	1738	1728
1745	1738	1728
1710	1739	1760
1710	1739	1758
1748	1740	1710
1747	1740	1710
1723	1741	1778
1723	1741	1746
1727	1742	1755
1654	1742	1755
1761	1743	1731
1766	1744	1734
1736	1745	1738
1736	1745	1732
1807	1745	1738
1807	1745	1732
1741	1746	1752
1813	1746	1752
1758	1747	1748
1758	1747	1740
1797	1747	1748
1797	1747	1740
1756	1748	1740
1747	1748	1740
1781	1748	1740
1783	1749	1726
1783	1749	1605
1709	1750	1764
1709	1750	1790
1784	1751	1681
1784	1751	1753
1746	1752	1715
1746	1752	1757
1698	1753	1786
1698	1753	1763
1751	1753	1786
1751	1753	1763
1772	1754	1780
1735	1754	1780
1742	1755	1804
1742	1755	1756
1779	1756	1702
1779	1756	1748
1755	1756	1702
1755	1756	1748
1729	1757	1762
1729	1757	1791
1752	1757	1762
1752	1757	1791
1739	1758	1747
1812	1758	1747
1760	1758	1747
1771	1759	1767
1771	1759	1760
1739	1760	1767
1739	1760	1758
1759	1760	1767
1759	1760	1758
1765	1761	1743
1722	1761	1743
1757	1762	1765
1757	1762	1718
1791	1762	1765
1791	1762	1718
1703	1763	1770
1753	1763	1770
1810	1764	1768
1750	1764	1768
1788	1765	1712
1788	1765	1761
1762	1765	1712
1762	1765	1761
1766	1765	1712
1766	1765	1761
1787	1766	1765
1787	1766	1744
1772	1766	1765
1772	1766	1744
1759	1767	1796
1760	1767	1796
1789	1769	1737
1789	1769	1910
1789	1769	1690
1763	1770	1777
1763	1770	1723
1774	1771	1687
1774	1771	1759
1787	1772	1754
1787	1772	1766
1800	1772	1754
1800	1772	1766
1798	1773	1679
1789	1773	1679
1775	1774	1684
1775	1774	1771
1793	1774	1684
1793	1774	1771
1665	1775	1784
1665	1775	1834
1665	1775	1774
1782	1776	1694
1782	1776	1883
1770	1777	1778
1741	1778	1803
1777	1778	1803
1785	1779	1756
1781	1779	1756
1754	1780	1800
1754	1780	1817
1785	1781	1779
1785	1781	1748
1790	1782	1776
1811	1783	1749
1775	1784	1751
1775	1784	1786
1880	1784	1751
1880	1784	1786
1804	1785	1781
1804	1785	1779
1797	1785	1781
1797	1785	1779
1753	1786	1882
1753	1786	1806
1784	1786	1882
1784	1786	1806
1801	1787	1772
1801	1787	1766
1788	1787	1772
1788	1787	1766
1799	1788	1765
1799	1788	1787
1823	1789	1769
1823	1789	1773
1750	1790	1782
1810	1790	1782
1757	1791	1762
1757	1791	1799
1815	1791	1762
1815	1791	1799
1881	1792	1831
1802	1792	1831
1796	1793	1774
1822	1793	1774
1767	1796	1793
1767	1796	1816
1820	1797	1747
1820	1797	1785
1871	1798	1861
1871	1798	1805
1871	1798	1773
1825	1799	1801
1825	1799	1788
1791	1799	1801
1791	1799	1788
1819	1800	1772
1819	1800	1837
1780	1800	1772
1780	1800	1837
1799	1801	1787
1799	1801	1839
1872	1801	1787
1872	1801	1839
1892	1802	1792
1805	1802	1792
1778	1803	1806
1755	1804	1832
1755	1804	1785
1851	1804	1832
1851	1804	1785
1798	1805	1802
1798	1805	1794
1803	1806	1813
1786	1806	1813
1824	1806	1813
1828	1807	1745
1828	1807	1808
1807	1808	1809
1807	1808	1738
1848	1808	1809
1848	1808	1738
1720	1809	1849
1720	1809	1814
1808	1809	1849
1808	1809	1814
1711	1811	1843
1711	1811	1783
1830	1812	1820
1830	1812	1758
1830	1812	1842
1821	1812	1820
1821	1812	1758
1821	1812	1842
1806	1813	1818
1806	1813	1746
1809	1814	1831
1809	1814	1856
1825	1815	1791
1860	1815	1791
1796	1816	1821
1796	1816	1826
1780	1817	1836
1819	1817	1836
1850	1818	1860
1813	1818	1860
1853	1819	1817
1853	1819	1800
1836	1819	1817
1836	1819	1800
1832	1820	1797
1812	1820	1797
1833	1821	1812
1816	1821	1812
1829	1822	1793
1827	1822	1793
1846	1823	1847
1846	1823	1789
1874	1824	1850
1874	1824	1806
1869	1825	1815
1869	1825	1799
1816	1826	1827
1833	1826	1827
1826	1827	1829
1826	1827	1822
1838	1828	1807
1827	1829	1822
1827	1829	1834
1845	1829	1822
1845	1829	1834
1832	1830	1812
1835	1830	1812
1792	1831	1856
1814	1831	1856
1804	1832	1830
1804	1832	1820
1870	1832	1830
1870	1832	1820
1835	1832	1830
1835	1832	1820
1845	1833	1821
1845	1833	1826
1829	1834	1867
1775	1834	1867
1876	1835	1830
1876	1835	1832
1817	1836	1819
1817	1836	1840
1800	1837	1853
1800	1837	1839
1895	1838	1828
1895	1838	1736
1801	1839	1862
1837	1839	1862
1836	1840	1843
1836	1840	1864
1716	1841	1844
1875	1841	1844
1812	1842	1857
1812	1842	1876
1811	1843	1852
1811	1843	1893
1840	1843	1852
1840	1843	1893
1841	1844	1851
1886	1844	1851
1857	1845	1829
1857	1845	1833
1863	1846	1823
1863	1846	1847
1823	1847	1897
1823	1847	1868
1846	1847	1897
1846	1847	1868
1849	1848	1808
1895	1848	1808
1809	1849	1848
1809	1849	1921
1856	1849	1848
1856	1849	1921
1824	1850	1884
1824	1850	1858
1824	1850	1818
1844	1851	1890
1844	1851	1804
1843	1852	1906
1843	1852	1859
1837	1853	1819
1879	1853	1819
1855	1854	1954
1859	1854	1954
1694	1855	1854
1883	1855	1854
1831	1856	1881
1831	1856	1849
1814	1856	1881
1814	1856	1849
1842	1857	1845
1866	1857	1845
1850	1858	1899
1850	1858	1922
1852	1859	1887
1852	1859	1795
1852	1859	1854
1818	1860	1815
1818	1860	1869
1798	1861	1865
1798	1861	1863
1879	1862	1904
1839	1862	1904
1865	1863	1846
1861	1863	1846
1840	1864	1907
1861	1865	1863
1861	1865	1868
1871	1865	1863
1871	1865	1868
1956	1866	1857
1956	1866	1867
1834	1867	1955
1834	1867	1880
1866	1867	1955
1866	1867	1880
1865	1868	1891
1847	1868	1891
1922	1869	1872
1922	1869	1825
1860	1869	1872
1860	1869	1825
1878	1870	1890
1878	1870	1832
1925	1870	1890
1925	1870	1832
1889	1871	1865
1889	1871	1798
1869	1872	1885
1869	1872	1801
1884	1874	1824
1888	1874	1824
1886	1875	1841
1927	1875	1841
1842	1876	1963
1842	1876	1835
1842	1876	1878
1876	1878	1870
1876	1878	1925
1907	1879	1862
1907	1879	1853
1915	1879	1862
1915	1879	1853
1867	1880	1784
1867	1880	1882
1856	1881	1901
1856	1881	1792
1880	1882	1888
1786	1882	1888
1776	1883	1855
1989	1883	1855
1900	1884	1874
1850	1884	1874
1872	1885	1904
1890	1886	1844
1890	1886	1875
1917	1886	1844
1917	1886	1875
1859	1887	1954
2024	1887	1954
1882	1888	1982
1882	1888	1874
1894	1889	1871
1892	1889	1871
1851	1890	1886
1851	1890	1912
1870	1890	1886
1870	1890	1912
1868	1891	2012
1868	1891	1894
1908	1892	1802
1908	1892	1889
1843	1893	1913
1843	1893	1906
1898	1894	1889
1898	1894	1896
1891	1894	1889
1891	1894	1896
1920	1895	1838
1920	1895	1848
1894	1896	1926
1898	1896	1926
1847	1897	1947
1969	1897	1947
2011	1898	1894
2011	1898	1896
1903	1899	1905
1858	1899	1905
1911	1900	1902
1911	1900	1884
1881	1901	1916
1881	1901	1908
1903	1902	1911
1900	1902	1911
1905	1903	1899
1905	1903	1902
1862	1904	1915
1862	1904	1929
1885	1904	1915
1885	1904	1929
1970	1905	1903
1899	1905	1903
1893	1906	1923
1852	1906	1923
1864	1907	1879
1864	1907	1943
1864	1907	1909
1901	1908	1892
1916	1908	1892
1769	1910	1949
1902	1911	1900
1902	1911	1978
1914	1912	1928
1890	1912	1928
1893	1913	1950
1917	1914	1912
1917	1914	1946
1904	1915	1918
1904	1915	1879
1901	1916	1908
1924	1916	1908
1927	1917	1914
1927	1917	1886
1915	1918	1919
1929	1918	1919
1918	1919	1972
1930	1919	1972
2026	1920	1895
2026	1920	1921
1920	1921	2033
1849	1921	2033
1858	1922	1869
1953	1922	1869
1906	1923	1971
1932	1924	1916
1931	1924	1916
1878	1925	1952
1878	1925	1870
1878	1925	2003
2007	1925	1952
2007	1925	1870
2007	1925	2003
1896	1926	1937
1896	1926	1940
1986	1927	1917
1986	1927	1875
1912	1928	1946
1912	1928	1952
1904	1929	1918
1951	1929	1918
1974	1930	1919
1974	1930	1943
1934	1931	1933
1934	1931	1924
1933	1932	1924
1935	1933	1932
1935	1933	1938
1931	1933	1932
1931	1933	1938
1945	1934	1931
1935	1934	1931
1939	1935	1933
1939	1935	1934
1936	1935	1933
1936	1935	1934
1945	1936	1935
1926	1937	1938
1937	1938	1939
1937	1938	1940
1933	1938	1939
1933	1938	1940
1938	1939	1935
1938	1939	1941
1942	1939	1935
1942	1939	1941
1926	1940	2011
1926	1940	1942
1938	1940	2011
1938	1940	1942
1939	1941	1948
1940	1942	1948
1940	1942	1939
2014	1942	1948
2014	1942	1939
1907	1943	1974
1930	1943	1974
2038	1944	2023
1988	1945	1936
1988	1945	1934
1928	1946	2016
1914	1946	2016
1897	1947	2013
1897	1947	1993
1941	1948	1998
1942	1948	1998
1910	1949	1993
1913	1950	1960
1913	1950	2000
2078	1951	1929
1958	1951	1929
1928	1952	2016
1925	1952	2016
1957	1953	1958
1957	1953	1922
1854	1954	1980
1887	1954	1980
1867	1955	1962
1867	1955	1973
1964	1956	1866
1964	1956	1961
1962	1956	1866
1962	1956	1961
1959	1957	1958
1959	1957	1953
1953	1958	1951
1953	1958	1976
1957	1958	1951
1957	1958	1976
1975	1959	1957
1970	1959	1957
1956	1961	1964
1956	1961	1968
1955	1962	1967
1955	1962	1956
1977	1962	1967
1977	1962	1956
1964	1963	1966
1964	1963	2001
1876	1963	1966
1876	1963	2001
1961	1964	1956
1961	1964	1963
1967	1964	1956
1967	1964	1963
1971	1965	2000
1971	1965	1960
1963	1966	1985
1963	1966	1968
1967	1966	1985
1967	1966	1968
1979	1967	1964
1979	1967	1966
1962	1967	1964
1962	1967	1966
1961	1968	1973
1966	1968	1973
2050	1969	2013
2050	1969	1897
1975	1970	1905
1975	1970	1959
2017	1971	2057
2017	1971	1965
1923	1971	2057
1923	1971	1965
1919	1972	2010
1943	1974	1930
1943	1974	1984
1943	1974	1983
1999	1975	1970
1999	1975	1959
1976	1975	1970
1976	1975	1959
1958	1976	1999
1958	1976	1975
1979	1977	1962
1979	1977	1973
1981	1977	1962
1981	1977	1973
1911	1978	1994
1911	1978	1990
1985	1979	1967
1985	1979	1977
1981	1979	1967
1981	1979	1977
1954	1980	1989
1995	1981	1979
1995	1981	1977
1995	1981	1987
1987	1982	1990
1987	1982	2036
1888	1982	1990
1888	1982	2036
1974	1983	1992
1974	1984	2010
1997	1984	2010
1966	1985	1979
1966	1985	1995
2069	1985	1979
2069	1985	1995
2008	1986	2023
2008	1986	1927
1995	1987	1982
1981	1987	1982
2018	1988	1945
1998	1988	1945
1980	1989	1883
1980	1989	1996
1978	1990	1994
1982	1990	1994
1994	1991	2046
1994	1991	2029
1983	1992	2000
1949	1993	2038
1947	1993	2038
1990	1994	1991
1978	1994	1991
2069	1995	1987
2069	1995	1981
1985	1995	1987
1985	1995	1981
1989	1996	2053
2128	1996	2053
2005	1997	1984
1948	1998	2019
1948	1998	1988
2098	1998	2019
2098	1998	1988
1976	1999	1975
2028	1999	1975
1950	2000	2005
1992	2000	2005
1965	2000	2005
1963	2001	2002
1963	2001	2009
2001	2002	2003
2006	2002	2003
1925	2003	2006
2002	2003	2006
1877	2004	2053
2000	2005	1997
2000	2005	2030
2007	2006	2009
2007	2006	2002
2003	2006	2009
2003	2006	2002
2066	2007	2006
2066	2007	1925
2016	2008	1986
2016	2008	2071
2001	2009	2067
2006	2009	2067
1972	2010	2039
1972	2010	2021
1984	2010	2039
1984	2010	2021
1940	2011	2012
1940	2011	1898
2014	2011	2012
2014	2011	1898
1891	2012	2032
1891	2012	2015
2011	2012	2032
2011	2012	2015
1947	2013	2056
1969	2013	2056
2094	2014	2011
2094	2014	1942
2015	2014	2011
2015	2014	1942
2037	2015	2068
2037	2015	2014
2012	2015	2068
2012	2015	2014
1952	2016	2008
1946	2016	2008
2025	2017	1971
2033	2018	1988
2020	2018	1988
1998	2019	2022
1998	2019	2042
2034	2020	2018
2019	2022	2041
1986	2023	2071
1944	2023	2071
2024	2025	2027
2024	2025	2017
2051	2025	2027
2051	2025	2017
2035	2026	1920
2047	2026	1920
2025	2027	2072
2046	2028	1999
2046	2028	2031
1991	2029	2043
2064	2029	2043
2005	2030	2039
2005	2030	2057
2012	2032	2050
2012	2032	2037
2035	2033	2034
2035	2033	2018
1921	2033	2034
1921	2033	2018
2033	2034	2041
2033	2034	2020
2040	2034	2041
2040	2034	2020
2047	2035	2033
2047	2035	2026
2040	2035	2033
2040	2035	2026
1982	2036	2069
1982	2036	2043
2055	2037	2015
2055	2037	2079
2032	2037	2015
2032	2037	2079
2080	2038	1944
1993	2038	1944
2030	2039	2062
2030	2039	2048
2010	2039	2062
2010	2039	2048
2044	2040	2035
2044	2040	2034
2049	2040	2035
2049	2040	2034
2034	2041	2044
2034	2041	2042
2022	2041	2044
2022	2041	2042
2019	2042	2045
2019	2042	2118
2041	2042	2045
2041	2042	2118
2029	2043	2086
2036	2043	2086
2045	2044	2040
2045	2044	2052
2041	2044	2040
2041	2044	2052
2112	2045	2044
2112	2045	2054
2042	2045	2044
2042	2045	2054
1991	2046	2064
1991	2046	2028
2059	2047	2026
2059	2047	2035
2039	2048	2062
2059	2049	2040
2055	2050	2056
2055	2050	1969
2032	2050	2056
2032	2050	1969
2117	2051	2025
2044	2052	2060
2105	2054	2060
2045	2054	2060
2058	2055	2037
2058	2055	2050
2050	2056	2063
2050	2056	2058
2013	2056	2063
2013	2056	2058
2030	2057	2072
1971	2057	2072
2065	2058	2055
2056	2058	2055
2089	2059	2049
2089	2059	2047
2054	2060	2090
2052	2060	2090
2039	2062	2120
2048	2062	2120
2056	2063	2080
2056	2063	2065
2046	2064	2029
2046	2064	2093
2063	2065	2058
2063	2065	2111
2081	2065	2058
2081	2065	2111
2067	2066	2007
2175	2066	2007
2009	2067	2108
2009	2067	2066
2076	2067	2108
2076	2067	2066
2015	2068	2095
2015	2068	2079
2036	2069	1995
2036	2069	2077
2036	2069	1985
2073	2069	1995
2073	2069	2077
2073	2069	1985
2008	2071	2127
2023	2071	2127
2057	2072	2084
2027	2072	2084
2082	2073	2130
2082	2073	2069
2126	2074	2075
2074	2075	2126
2103	2076	2067
2103	2076	2070
2069	2077	2104
2069	2077	2070
2107	2078	2021
2107	2078	1951
2037	2079	2111
2068	2079	2111
2063	2080	2138
2063	2080	2038
2081	2080	2138
2081	2080	2038
2116	2081	2065
2116	2081	2080
2139	2081	2065
2139	2081	2080
2097	2082	2085
2097	2082	2073
2082	2085	2086
2085	2086	2087
2043	2086	2087
2086	2087	2097
2086	2087	2093
2091	2088	2084
2101	2089	2059
2092	2089	2059
2060	2090	2102
2060	2090	2092
2090	2092	2089
2064	2093	2096
2087	2093	2096
2098	2094	2014
2095	2094	2014
2068	2095	2100
2068	2095	2094
2111	2095	2100
2111	2095	2094
2093	2096	2125
2093	2096	2106
2099	2097	2082
2087	2097	2082
2115	2098	1998
2115	2098	2094
2100	2098	1998
2100	2098	2094
2106	2099	2144
2106	2099	2097
2143	2099	2144
2143	2099	2097
2095	2100	2098
2095	2100	2114
2102	2101	2083
2102	2101	2089
2090	2102	2101
2090	2102	2113
2142	2103	2076
2104	2103	2076
2077	2104	2134
2077	2104	2103
2112	2105	2054
2096	2106	2099
2125	2106	2099
2067	2108	2177
2107	2109	2110
2303	2110	2120
2109	2110	2120
2079	2111	2095
2079	2111	2146
2065	2111	2095
2065	2111	2146
2119	2112	2105
2119	2112	2045
2118	2112	2105
2118	2112	2045
2102	2113	2136
2100	2114	2121
2100	2114	2115
2122	2115	2098
2122	2115	2145
2114	2115	2098
2114	2115	2145
2146	2116	2081
2124	2116	2081
2123	2117	2051
2123	2117	2180
2042	2118	2129
2042	2118	2112
2132	2119	2112
2110	2120	2154
2062	2120	2154
2114	2121	2147
2122	2121	2147
2148	2122	2115
2148	2122	2121
2128	2123	2117
2128	2123	2196
2131	2124	2116
2096	2125	2150
2096	2125	2106
2149	2125	2150
2149	2125	2106
2075	2126	2074
2075	2126	2141
2137	2126	2074
2137	2126	2141
2071	2127	2138
2137	2128	1996
2137	2128	2123
2145	2129	2133
2118	2129	2133
2073	2130	2134
2139	2131	2124
2133	2132	2135
2133	2132	2119
2161	2132	2135
2161	2132	2119
2129	2133	2183
2129	2133	2132
2104	2134	2142
2104	2134	2151
2130	2134	2142
2130	2134	2151
2160	2135	2136
2132	2135	2136
2135	2136	2156
2113	2136	2156
2193	2137	2128
2193	2137	2126
2141	2137	2128
2141	2137	2126
2127	2138	2272
2127	2138	2139
2080	2138	2272
2080	2138	2139
2280	2139	2131
2280	2139	2081
2138	2139	2131
2138	2139	2081
2126	2141	2137
2126	2141	2191
2266	2141	2137
2266	2141	2191
2134	2142	2157
2134	2142	2103
2184	2143	2144
2184	2143	2099
2140	2143	2144
2140	2143	2099
2143	2144	2185
2143	2144	2149
2099	2144	2185
2099	2144	2149
2115	2145	2129
2152	2145	2129
2147	2146	2198
2147	2146	2116
2111	2146	2198
2111	2146	2116
2148	2147	2198
2148	2147	2146
2121	2147	2198
2121	2147	2146
2152	2148	2122
2152	2148	2147
2144	2149	2150
2144	2149	2125
2200	2149	2150
2200	2149	2125
2149	2150	2199
2125	2150	2199
2134	2151	2153
2208	2152	2148
2208	2152	2145
2151	2153	2155
2120	2154	2166
2158	2154	2166
2153	2155	2159
2153	2155	2163
2136	2156	2238
2160	2156	2238
2142	2157	2204
2142	2157	2165
2167	2158	2154
2232	2158	2154
2173	2159	2174
2155	2159	2174
2214	2160	2156
2214	2160	2135
2161	2160	2156
2161	2160	2135
2162	2161	2132
2162	2161	2160
2170	2162	2161
2218	2162	2161
2171	2164	2175
2157	2165	2168
2154	2166	2188
2182	2167	2158
2165	2168	2190
2180	2169	2305
2180	2169	2179
2217	2170	2162
2190	2172	2173
2190	2172	2176
2172	2173	2159
2172	2173	2174
2159	2174	2184
2159	2174	2178
2173	2174	2184
2173	2174	2178
2234	2175	2066
2234	2175	2177
2164	2175	2066
2164	2175	2177
2178	2176	2192
2178	2176	2267
2172	2176	2192
2172	2176	2267
2175	2177	2195
2108	2177	2195
2186	2178	2176
2186	2178	2263
2174	2178	2176
2174	2178	2263
2169	2179	2189
2196	2180	2169
2117	2180	2169
2203	2182	2167
2203	2182	2207
2133	2183	2194
2133	2183	2219
2186	2184	2185
2186	2184	2143
2174	2184	2185
2174	2184	2143
2184	2185	2187
2184	2185	2201
2144	2185	2187
2144	2185	2201
2187	2186	2178
2187	2186	2184
2256	2186	2178
2256	2186	2184
2185	2187	2186
2185	2187	2255
2201	2187	2186
2201	2187	2255
2166	2188	2202
2179	2189	2205
2168	2190	2172
2168	2190	2192
2236	2190	2172
2236	2190	2192
2141	2191	2193
2141	2191	2258
2190	2192	2237
2190	2192	2197
2176	2192	2237
2176	2192	2197
2257	2193	2137
2257	2193	2196
2191	2193	2137
2191	2193	2196
2183	2194	2220
2204	2195	2206
2177	2195	2206
2193	2196	2180
2193	2196	2312
2123	2196	2180
2123	2196	2312
2192	2197	2270
2146	2198	2211
2147	2198	2211
2150	2199	2251
2200	2199	2251
2250	2200	2201
2250	2200	2149
2250	2200	2199
2185	2201	2187
2200	2201	2187
2188	2202	2205
2205	2203	2182
2213	2204	2226
2213	2204	2195
2157	2204	2226
2157	2204	2195
2202	2205	2209
2202	2205	2203
2189	2205	2209
2189	2205	2203
2195	2206	2226
2195	2206	2235
2182	2207	2232
2229	2208	2152
2229	2208	2211
2409	2209	2313
2205	2209	2313
2272	2210	2181
2227	2210	2181
2208	2211	2230
2198	2211	2230
2274	2212	2214
2216	2213	2204
2319	2214	2160
2319	2214	2215
2212	2214	2160
2212	2214	2215
2214	2215	2217
2221	2215	2217
2236	2216	2213
2221	2217	2218
2221	2217	2170
2215	2217	2218
2215	2217	2170
2217	2218	2219
2217	2218	2162
2222	2218	2219
2222	2218	2162
2183	2219	2220
2183	2219	2223
2218	2219	2220
2218	2219	2223
2194	2220	2224
2194	2220	2239
2219	2220	2224
2219	2220	2239
2242	2221	2217
2242	2221	2215
2222	2221	2217
2222	2221	2215
2223	2222	2218
2223	2222	2221
2248	2222	2218
2248	2222	2221
2219	2223	2231
2219	2223	2222
2224	2223	2231
2224	2223	2222
2225	2224	2228
2225	2224	2223
2220	2224	2228
2220	2224	2223
2243	2225	2224
2243	2225	2228
2206	2226	2235
2204	2226	2235
2233	2227	2210
2271	2227	2210
2225	2228	2231
2225	2228	2240
2224	2228	2231
2224	2228	2240
2239	2229	2230
2239	2229	2208
2229	2230	2241
2211	2230	2241
2228	2231	2249
2223	2231	2249
2207	2232	2315
2207	2232	2158
2271	2233	2227
2271	2233	2234
2246	2234	2175
2235	2234	2175
2233	2234	2175
2206	2235	2245
2206	2235	2234
2226	2235	2245
2226	2235	2234
2237	2236	2216
2237	2236	2190
2279	2236	2216
2279	2236	2190
2192	2237	2236
2192	2237	2279
2156	2238	2326
2156	2238	2269
2243	2239	2241
2243	2239	2229
2220	2239	2241
2220	2239	2229
2228	2240	2249
2239	2241	2244
2230	2241	2244
2248	2242	2221
2363	2243	2239
2363	2243	2225
2244	2243	2239
2244	2243	2225
2241	2244	2243
2241	2244	2369
2235	2245	2252
2235	2245	2247
2246	2245	2252
2246	2245	2247
2254	2246	2245
2254	2246	2234
2262	2246	2245
2262	2246	2234
2245	2247	2264
2245	2247	2283
2310	2248	2242
2310	2248	2222
2231	2249	2322
2240	2249	2322
2255	2250	2200
2255	2250	2251
2253	2250	2200
2253	2250	2251
2199	2251	2253
2199	2251	2306
2250	2251	2253
2250	2251	2306
2245	2252	2264
2307	2253	2261
2307	2253	2250
2251	2253	2261
2251	2253	2250
2285	2254	2246
2256	2255	2261
2256	2255	2250
2187	2255	2261
2187	2255	2250
2260	2256	2186
2260	2256	2255
2263	2256	2186
2263	2256	2255
2329	2257	2193
2191	2258	2330
2290	2259	2283
2261	2260	2265
2261	2260	2256
2331	2260	2265
2331	2260	2256
2255	2261	2260
2253	2261	2260
2286	2262	2246
2287	2262	2246
2178	2263	2268
2178	2263	2256
2267	2263	2268
2267	2263	2256
2252	2264	2281
2247	2264	2281
2260	2265	2268
2260	2265	2332
2276	2266	2141
2270	2267	2263
2270	2267	2273
2176	2267	2263
2176	2267	2273
2265	2268	2273
2263	2268	2273
2238	2269	2317
2274	2269	2317
2279	2270	2275
2279	2270	2267
2197	2270	2275
2197	2270	2267
2272	2271	2227
2272	2271	2277
2272	2271	2233
2138	2272	2210
2138	2272	2271
2268	2273	2338
2268	2273	2275
2267	2273	2338
2267	2273	2275
2318	2274	2212
2318	2274	2269
2270	2275	2341
2270	2275	2278
2273	2275	2341
2273	2275	2278
2271	2277	2285
2342	2278	2288
2275	2278	2288
2288	2279	2236
2288	2279	2270
2237	2279	2236
2237	2279	2270
2281	2279	2236
2281	2279	2270
2282	2280	2139
2300	2280	2139
2284	2281	2279
2264	2281	2279
2293	2282	2280
2259	2283	2289
2247	2283	2289
2290	2284	2281
2293	2285	2286
2293	2285	2254
2277	2285	2286
2277	2285	2254
2285	2286	2287
2285	2286	2262
2294	2286	2287
2294	2286	2262
2295	2287	2289
2295	2287	2262
2286	2287	2289
2286	2287	2262
2278	2288	2279
2278	2288	2291
2287	2289	2296
2287	2289	2290
2283	2289	2296
2283	2289	2290
2289	2290	2284
2289	2290	2259
2288	2291	2316
2288	2291	2292
2291	2292	2311
2291	2292	2297
2294	2293	2285
2294	2293	2282
2299	2293	2285
2299	2293	2282
2299	2294	2293
2299	2294	2286
2295	2294	2293
2295	2294	2286
2301	2295	2294
2301	2295	2287
2296	2295	2294
2296	2295	2287
2297	2296	2295
2297	2296	2298
2289	2296	2295
2289	2296	2298
2292	2297	2296
2304	2297	2296
2296	2298	2302
2296	2298	2304
2300	2299	2293
2300	2299	2294
2308	2300	2299
2308	2300	2280
2311	2301	2295
2298	2302	2309
2298	2304	2297
2312	2305	2313
2169	2305	2313
2251	2306	2323
2251	2306	2307
2314	2306	2323
2314	2306	2307
2306	2307	2253
2325	2307	2253
2327	2308	2300
2302	2309	2311
2324	2310	2321
2324	2310	2248
2292	2311	2316
2292	2311	2301
2309	2311	2316
2309	2311	2301
2196	2312	2305
2209	2313	2337
2305	2313	2337
2291	2316	2328
2311	2316	2328
2360	2318	2317
2360	2318	2274
2319	2318	2317
2319	2318	2274
2321	2319	2318
2321	2319	2214
2353	2319	2318
2353	2319	2214
2310	2321	2319
2310	2321	2356
2324	2321	2319
2324	2321	2356
2249	2322	2334
2249	2322	2324
2306	2323	2325
2306	2323	2344
2336	2324	2321
2336	2324	2310
2322	2324	2321
2322	2324	2310
2343	2325	2307
2343	2325	2331
2323	2325	2307
2323	2325	2331
2351	2327	2308
2351	2327	2320
2335	2328	2352
2316	2328	2352
2392	2329	2257
2258	2330	2393
2325	2331	2260
2325	2331	2332
2265	2332	2333
2331	2332	2333
2332	2333	2412
2332	2333	2338
2322	2334	2364
2322	2334	2340
2345	2335	2328
2339	2336	2324
2366	2336	2324
2313	2337	2403
2313	2337	2389
2333	2338	2341
2273	2338	2341
2365	2339	2336
2334	2340	2363
2372	2341	2342
2275	2341	2342
2338	2341	2342
2341	2342	2345
2341	2342	2278
2347	2343	2359
2347	2343	2325
2344	2343	2359
2344	2343	2325
2323	2344	2343
2323	2344	2348
2342	2345	2335
2342	2345	2358
2376	2347	2348
2376	2347	2343
2347	2348	2377
2347	2348	2375
2344	2348	2377
2344	2348	2375
2360	2349	2385
2276	2350	2357
2355	2351	2352
2355	2351	2327
2351	2352	2354
2351	2352	2355
2328	2352	2354
2328	2352	2355
2356	2353	2319
2356	2353	2360
2384	2353	2319
2384	2353	2360
2352	2354	2362
2358	2354	2362
2352	2355	2351
2397	2355	2351
2321	2356	2353
2321	2356	2380
2361	2356	2353
2361	2356	2380
2350	2357	2402
2345	2358	2354
2345	2358	2372
2343	2359	2400
2343	2359	2387
2385	2360	2318
2385	2360	2349
2353	2360	2318
2353	2360	2349
2365	2361	2356
2354	2362	2396
2367	2363	2368
2367	2363	2243
2340	2363	2368
2340	2363	2243
2334	2364	2370
2366	2365	2361
2366	2365	2339
2381	2365	2361
2381	2365	2339
2370	2366	2336
2370	2366	2365
2382	2366	2336
2382	2366	2365
2368	2367	2363
2368	2367	2370
2363	2368	2371
2363	2368	2367
2369	2368	2371
2369	2368	2367
2244	2369	2368
2244	2369	2371
2367	2370	2366
2367	2370	2374
2364	2370	2366
2364	2370	2374
2368	2371	2391
2368	2371	2374
2369	2371	2391
2369	2371	2374
2358	2372	2341
2419	2372	2341
2371	2374	2383
2370	2374	2383
2348	2375	2415
2376	2375	2415
2416	2376	2375
2416	2376	2347
2348	2377	2378
2377	2378	2379
2378	2379	2386
2378	2379	2432
2356	2380	2381
2384	2380	2381
2390	2381	2365
2390	2381	2382
2380	2381	2365
2380	2381	2382
2381	2382	2383
2381	2382	2366
2398	2382	2383
2398	2382	2366
2374	2383	2401
2382	2383	2401
2385	2384	2380
2385	2384	2353
2349	2385	2384
2349	2385	2360
2379	2386	2423
2388	2387	2428
2359	2387	2428
2400	2388	2387
2337	2389	2395
2398	2390	2381
2371	2391	2401
2406	2392	2329
2330	2393	2407
2389	2395	2403
2389	2395	2434
2362	2396	2397
2362	2396	2417
2420	2397	2355
2396	2397	2355
2443	2398	2382
2443	2398	2390
2359	2400	2388
2359	2400	2404
2383	2401	2462
2391	2401	2462
2410	2402	2373
2357	2402	2373
2395	2403	2405
2337	2403	2405
2394	2404	2422
2400	2404	2422
2403	2405	2406
2413	2406	2392
2413	2406	2407
2405	2406	2392
2405	2406	2407
2393	2407	2408
2393	2407	2414
2406	2407	2408
2406	2407	2414
2407	2408	2457
2447	2409	2209
2447	2409	2424
2457	2410	2502
2457	2410	2402
2394	2411	2412
2333	2412	2422
2411	2412	2422
2425	2413	2406
2407	2414	2439
2375	2415	2453
2416	2415	2453
2427	2416	2376
2427	2416	2415
2455	2416	2376
2455	2416	2415
2396	2417	2419
2396	2417	2421
2424	2418	2399
2417	2419	2372
2433	2419	2372
2421	2420	2397
2429	2420	2397
2417	2421	2420
2417	2421	2430
2412	2422	2426
2412	2422	2500
2404	2422	2426
2404	2422	2500
2386	2423	2432
2451	2424	2418
2451	2424	2445
2409	2424	2418
2409	2424	2445
2435	2425	2413
2422	2426	2444
2422	2426	2433
2431	2427	2416
2460	2427	2416
2387	2428	2459
2387	2428	2431
2430	2429	2420
2479	2429	2420
2421	2430	2429
2421	2430	2480
2428	2431	2427
2428	2431	2458
2423	2432	2447
2379	2432	2447
2426	2433	2419
2426	2433	2438
2395	2434	2436
2436	2435	2425
2437	2436	2435
2437	2436	2440
2434	2436	2435
2434	2436	2440
2445	2437	2436
2433	2438	2480
2433	2438	2444
2414	2439	2440
2436	2440	2442
2436	2440	2441
2439	2440	2442
2439	2440	2441
2440	2441	2446
2440	2442	2454
2470	2443	2398
2448	2443	2398
2426	2444	2464
2438	2444	2464
2424	2445	2437
2424	2445	2446
2449	2445	2437
2449	2445	2446
2445	2446	2450
2441	2446	2450
2432	2447	2451
2432	2447	2409
2466	2448	2443
2452	2449	2445
2450	2449	2445
2446	2450	2456
2446	2450	2449
2447	2451	2424
2463	2452	2449
2415	2453	2461
2415	2453	2455
2442	2454	2476
2501	2454	2476
2453	2455	2416
2453	2455	2460
2475	2455	2416
2475	2455	2460
2450	2456	2477
2501	2457	2502
2501	2457	2410
2408	2457	2502
2408	2457	2410
2431	2458	2459
2460	2458	2459
2458	2459	2469
2428	2459	2469
2455	2460	2458
2455	2460	2427
2453	2461	2471
2453	2461	2465
2401	2462	2468
2401	2462	2467
2471	2463	2452
2465	2463	2452
2461	2465	2463
2485	2466	2448
2485	2466	2470
2467	2466	2448
2467	2466	2470
2462	2467	2466
2462	2467	2474
2462	2468	2474
2459	2469	2482
2494	2470	2443
2466	2470	2443
2490	2470	2443
2461	2471	2472
2461	2471	2463
2473	2471	2472
2473	2471	2463
2473	2472	2491
2471	2472	2491
2475	2473	2471
2475	2473	2472
2483	2473	2471
2483	2473	2472
2467	2474	2505
2468	2474	2505
2489	2475	2473
2489	2475	2455
2454	2476	2487
2481	2476	2487
2456	2477	2493
2484	2478	2481
2486	2478	2481
2480	2479	2429
2530	2479	2429
2438	2480	2488
2438	2480	2479
2430	2480	2488
2430	2480	2479
2478	2481	2476
2487	2481	2476
2469	2482	2524
2489	2483	2473
2499	2484	2478
2499	2484	2486
2490	2485	2466
2484	2486	2515
2484	2486	2478
2476	2487	2481
2476	2487	2521
2480	2488	2532
2492	2488	2532
2491	2489	2475
2491	2489	2483
2506	2490	2470
2506	2490	2485
2472	2491	2493
2472	2491	2489
2496	2491	2493
2496	2491	2489
2491	2493	2495
2477	2493	2495
2514	2494	2470
2493	2495	2499
2493	2495	2497
2512	2496	2491
2498	2496	2491
2495	2497	2509
2511	2498	2496
2495	2499	2484
2495	2499	2508
2422	2500	2524
2422	2500	2516
2519	2501	2457
2519	2501	2454
2517	2501	2457
2517	2501	2454
2410	2502	2503
2457	2502	2503
2502	2503	2523
2474	2505	2506
2507	2505	2506
2505	2506	2490
2556	2506	2490
2504	2507	2505
2504	2507	2522
2499	2508	2509
2499	2508	2510
2497	2509	2511
2497	2509	2510
2508	2509	2511
2508	2509	2510
2509	2510	2513
2509	2510	2554
2508	2510	2513
2508	2510	2554
2509	2511	2512
2509	2511	2498
2513	2511	2512
2513	2511	2498
2538	2512	2496
2511	2512	2496
2510	2513	2511
2510	2513	2525
2518	2513	2511
2518	2513	2525
2553	2514	2494
2518	2515	2554
2486	2515	2554
2533	2516	2546
2500	2516	2546
2521	2517	2519
2521	2517	2501
2555	2518	2515
2555	2518	2513
2534	2518	2515
2534	2518	2513
2517	2519	2501
2523	2519	2501
2522	2520	2536
2487	2521	2554
2487	2521	2517
2507	2522	2520
2503	2523	2519
2482	2524	2527
2500	2524	2527
2513	2525	2544
2513	2525	2528
2524	2527	2533
2529	2527	2533
2525	2528	2540
2526	2529	2527
2531	2530	2479
2550	2531	2530
2550	2531	2532
2531	2532	2545
2531	2532	2549
2488	2532	2545
2488	2532	2549
2527	2533	2516
2539	2534	2518
2537	2535	2562
2520	2536	2537
2536	2537	2535
2540	2538	2512
2541	2538	2512
2555	2539	2534
2555	2539	2554
2528	2540	2542
2528	2540	2538
2543	2540	2542
2543	2540	2538
2557	2541	2542
2557	2541	2538
2540	2542	2551
2540	2542	2543
2541	2542	2551
2541	2542	2543
2542	2543	2540
2542	2543	2544
2547	2543	2540
2547	2543	2544
2532	2545	2549
2532	2545	2548
2545	2548	2546
2532	2549	2550
2532	2549	2563
2545	2549	2550
2545	2549	2563
2549	2550	2531
2562	2550	2531
2542	2551	2552
2547	2552	2558
2551	2552	2558
2515	2554	2555
2510	2554	2555
2539	2554	2555
2521	2554	2555
2554	2555	2539
2554	2555	2518
2559	2557	2541
2552	2558	2560
2561	2559	2557
2526	2561	2559
2535	2562	2550
2535	2562	2563
