1608	1600	32	184
2390	2381	32	281
2	1	3	200
76	74	9	182
38	42	93	6
10	2	76	207
3	13	45	104
5	4	5	215
9	5	29	208
7	6	3	285
10	7	12	281
39	37	3	215
38	39	3	135
24	8	114	265
9	17	184	162
13	9	103	191
22	10	87	279
11	46	204	80
12	20	52	91
16	13	43	204
41	14	221	255
15	18	38	112
15	17	50	18
24	16	147	212
18	19	3	145
18	27	88	51
28	19	89	231
20	23	129	15
21	30	55	106
32	21	116	215
52	51	3	282
76	78	25	176
34	22	95	279
30	22	66	231
23	25	17	111
54	58	20	10
191	194	3	47
49	25	178	306
26	24	8	276
34	24	100	212
25	31	47	63
26	29	53	161
28	27	3	303
27	69	226	52
35	28	62	310
91	28	235	233
29	77	257	139
112	29	349	241
30	38	42	99
31	47	114	67
31	40	142	18
32	42	47	115
44	46	286	178
45	33	48	301
37	34	45	201
36	35	5	292
75	87	44	171
95	36	167	292
38	37	3	182
39	56	96	84
43	39	94	186
57	40	171	291
40	46	43	28
42	43	3	126
42	49	93	26
48	43	89	206
98	44	402	204
60	45	156	212
46	63	102	105
47	54	60	106
48	53	114	164
50	48	4	211
50	49	3	297
49	51	39	30
52	50	39	210
51	54	88	16
62	52	47	303
59	52	108	195
53	62	114	17
53	61	38	140
58	57	59	359
73	55	25	268
56	79	28	102
61	56	37	191
66	59	105	190
57	64	45	25
59	58	3	305
101	59	76	281
60	98	54	69
61	65	15	86
82	62	17	303
64	63	8	346
63	67	4	108
94	73	184	185
64	67	6	16
65	71	26	4
79	65	44	352
65	70	3	83
72	66	6	196
66	92	14	76
67	72	3	108
70	68	16	359
68	71	9	2
69	77	15	16
69	88	9	75
83	70	44	351
70	75	3	83
71	82	101	3
72	92	12	102
139	73	135	278
74	75	16	179
75	78	3	83
84	76	100	183
77	80	3	137
78	90	43	171
112	79	101	295
79	83	3	71
80	93	13	124
80	81	4	159
81	88	6	147
81	85	3	67
84	82	3	303
82	101	135	22
153	86	204	290
99	83	52	294
83	87	3	71
86	84	3	351
103	84	136	202
89	85	7	341
86	97	23	118
87	100	49	114
87	90	3	71
88	91	3	143
88	89	3	75
91	89	3	354
89	93	5	75
90	115	95	114
107	91	80	261
92	122	94	94
93	108	75	82
95	94	65	185
134	94	108	276
96	95	14	203
163	150	19	281
124	120	16	194
128	120	22	198
123	121	7	198
102	96	193	189
126	124	6	198
96	106	60	99
162	173	25	118
193	163	52	297
104	97	144	196
98	130	84	67
110	99	43	296
100	111	45	116
103	101	3	278
101	117	101	26
102	119	53	124
107	102	64	211
104	103	10	278
105	103	32	214
105	104	30	195
120	105	69	201
130	109	180	354
119	106	169	185
106	133	32	96
108	107	3	188
174	177	3	121
144	107	93	237
108	159	123	52
286	109	296	297
113	110	4	309
111	114	3	129
113	112	3	197
116	113	3	309
114	113	3	197
114	118	4	129
115	114	3	197
125	115	21	200
117	122	23	9
136	116	103	343
117	121	16	11
118	137	102	163
122	123	3	111
122	131	26	22
123	126	3	111
127	123	10	198
150	125	65	278
166	164	6	248
148	125	115	221
126	128	3	111
129	126	10	198
127	131	16	19
151	154	11	144
128	211	161	111
132	128	27	196
132	129	16	199
146	130	111	328
131	149	151	22
152	132	149	202
135	146	163	15
149	140	256	353
133	134	76	176
134	138	122	178
204	134	118	278
140	135	45	338
142	136	27	323
137	136	3	192
137	143	30	143
141	137	37	206
139	138	62	356
164	139	58	255
159	161	3	110
159	174	47	33
140	176	119	134
165	174	20	124
304	305	3	50
141	187	85	102
163	171	43	29
150	141	98	197
147	142	36	322
143	151	38	143
185	145	130	210
153	148	53	185
186	144	59	280
161	144	32	217
199	145	73	272
185	146	54	290
160	147	29	322
174	191	33	46
148	172	43	107
149	178	139	19
280	271	28	204
152	156	9	76
182	152	141	199
158	153	18	206
154	155	3	143
154	157	3	100
267	156	169	284
157	155	3	194
155	162	11	140
156	168	22	79
175	157	37	303
221	158	90	277
216	158	129	230
170	160	26	298
177	161	47	213
170	165	27	211
167	166	3	248
166	188	62	33
272	167	176	243
168	169	4	75
169	206	41	75
179	170	6	297
173	170	3	203
171	172	36	1
217	171	51	283
172	218	62	89
173	181	6	117
175	173	3	203
187	175	97	187
176	178	3	91
195	177	33	227
178	180	31	2
178	182	3	91
191	179	22	292
180	212	61	33
183	182	31	181
182	184	3	91
213	183	60	213
184	214	53	137
203	185	24	287
204	190	104	185
189	186	11	286
192	187	40	197
188	190	6	30
232	189	60	262
190	272	123	83
190	196	5	30
195	191	3	312
274	192	115	272
208	192	27	197
201	193	5	305
193	210	9	59
194	197	3	130
194	304	163	61
198	195	3	290
197	195	3	222
196	234	310	10
197	200	3	108
306	197	163	241
205	198	4	290
202	199	3	280
200	209	4	108
201	208	4	140
210	201	8	204
220	202	32	293
239	203	63	255
230	205	73	321
206	207	3	356
236	206	51	257
207	235	51	76
266	208	99	273
210	208	11	182
209	241	101	143
217	210	47	199
211	273	105	113
259	255	3	276
211	231	143	18
212	223	46	31
307	308	3	171
305	306	3	173
227	216	72	341
224	213	47	212
214	215	3	135
215	262	82	131
249	216	79	226
255	217	51	278
218	217	49	192
219	218	16	180
219	221	51	1
269	219	65	274
220	222	3	112
221	227	24	11
222	223	3	112
223	224	3	112
223	239	118	15
224	225	3	112
244	224	118	195
225	226	3	112
226	238	26	98
228	227	6	189
290	228	88	283
228	249	105	18
229	254	31	113
229	281	98	49
232	230	37	353
233	237	165	1
240	230	29	329
255	269	71	21
231	314	103	98
237	232	10	335
234	233	7	358
235	236	3	168
305	312	12	57
235	262	26	76
236	303	142	130
263	236	27	256
256	237	16	265
237	243	16	32
238	282	65	123
253	238	31	202
247	270	81	155
244	239	3	276
808	807	3	200
239	297	145	29
260	247	75	187
243	240	4	332
241	242	3	150
252	241	12	285
242	245	4	149
246	243	3	332
243	245	3	34
244	276	39	99
299	244	144	208
245	250	3	149
245	248	3	34
256	246	11	332
251	248	16	349
248	252	3	35
257	249	4	280
250	251	3	150
251	261	18	150
276	253	96	203
254	258	3	113
264	255	39	337
260	256	8	330
316	257	82	272
294	281	25	308
257	273	88	17
258	291	100	147
259	265	38	157
627	623	3	262
271	259	70	200
324	260	112	310
261	260	3	229
261	325	111	130
295	261	103	213
262	263	3	147
262	284	33	76
285	263	33	256
266	264	18	341
264	265	3	68
265	268	19	162
265	310	134	28
274	266	26	344
268	266	3	282
303	267	46	277
268	275	25	163
271	269	3	302
269	278	27	23
270	323	64	88
318	272	64	269
273	296	32	110
277	274	8	315
275	274	3	262
275	279	7	135
276	335	78	121
288	277	20	315
278	280	3	99
278	290	45	23
279	289	20	135
280	310	42	109
293	280	45	203
281	282	13	8
282	301	29	79
286	283	5	311
283	287	5	111
284	285	3	154
284	291	11	76
382	380	26	181
285	349	81	106
292	285	11	257
297	286	20	301
287	298	20	120
304	288	54	337
289	305	54	157
340	294	69	294
293	290	3	288
290	313	70	24
291	292	3	166
291	344	63	73
345	292	63	253
322	293	33	284
309	293	54	200
308	294	31	217
317	295	28	266
296	326	38	114
302	296	113	185
299	297	3	302
297	298	3	31
298	300	3	120
338	299	46	300
300	299	3	208
300	339	46	120
301	307	12	144
301	335	110	19
302	354	75	115
314	302	58	194
336	303	32	271
306	304	3	298
311	306	11	236
343	309	41	289
315	309	13	219
310	348	44	107
322	310	48	191
624	637	4	119
316	313	44	183
320	311	7	255
312	319	6	77
313	315	3	158
313	384	98	77
336	314	59	199
317	328	119	4
358	315	57	253
341	316	27	276
316	326	60	9
332	318	50	194
321	317	37	358
405	317	134	277
365	318	77	307
319	416	170	59
328	320	6	250
337	321	58	341
389	321	96	274
342	322	25	285
323	333	62	10
327	324	5	302
324	325	3	18
325	329	5	122
325	337	62	14
375	372	4	329
326	346	26	113
330	327	3	302
401	328	130	235
329	331	3	122
333	330	4	302
331	334	3	122
397	332	287	202
397	333	129	310
333	334	3	7
334	352	37	126
335	376	88	128
377	335	131	211
423	421	3	352
349	336	66	198
350	340	59	339
377	338	73	301
339	338	3	193
339	489	257	128
353	340	25	278
342	343	56	1
357	341	27	276
341	346	52	7
351	342	13	284
371	343	45	289
344	345	3	163
350	344	58	187
344	372	47	64
345	347	22	166
375	345	48	246
346	359	25	104
347	349	22	177
347	378	79	70
348	374	38	87
348	351	51	5
349	400	85	112
356	350	16	288
353	350	39	193
379	351	50	289
352	373	37	129
355	352	24	199
369	353	21	273
354	360	6	107
354	368	94	9
358	357	24	360
372	356	38	329
369	356	44	198
386	357	41	276
451	488	54	114
357	362	46	7
383	358	39	262
360	361	37	178
362	359	4	319
359	364	3	103
360	385	37	105
361	366	10	170
362	363	3	9
363	391	49	108
364	363	3	196
367	364	42	186
471	365	172	237
366	367	23	171
366	382	30	85
380	367	25	271
368	395	44	88
370	369	3	197
422	370	83	279
552	564	27	34
376	370	115	186
394	371	39	289
371	383	63	18
372	421	84	65
373	390	43	134
373	381	24	40
393	374	56	324
374	379	36	24
378	375	25	334
423	375	83	244
481	376	147	246
481	377	166	308
433	378	77	247
379	387	18	26
431	380	66	275
381	402	44	115
381	388	15	38
385	382	34	186
384	383	3	193
407	383	45	268
386	384	11	190
384	406	43	88
385	432	63	100
391	386	39	197
396	387	18	294
387	394	31	22
388	420	80	39
403	389	31	273
390	451	82	127
390	402	39	40
395	444	109	137
400	392	63	188
391	415	54	132
392	395	21	172
392	463	78	89
416	393	81	331
427	393	46	280
394	407	79	21
441	444	3	14
467	479	26	129
478	396	117	292
561	553	21	216
396	492	178	40
414	397	40	309
421	424	3	64
399	398	45	180
404	398	21	242
401	399	66	181
400	452	57	87
419	401	34	252
468	451	40	211
402	468	76	126
402	420	122	12
410	403	26	343
403	405	29	10
438	404	31	292
418	405	12	283
407	406	3	333
406	415	15	43
417	407	16	221
408	413	5	91
412	408	3	226
409	411	3	106
409	410	3	15
411	410	3	349
411	412	3	153
412	413	3	123
413	442	30	114
447	414	29	304
415	417	3	131
415	431	89	6
419	416	3	331
416	475	62	78
417	472	71	92
434	417	91	186
500	418	78	275
429	418	42	188
488	496	6	110
491	419	129	325
476	419	61	258
420	442	28	42
424	422	25	358
426	422	3	279
422	439	39	19
425	423	3	244
425	424	3	343
424	428	3	68
426	428	24	178
433	425	31	351
430	425	3	253
509	426	115	226
470	427	49	276
428	430	3	166
501	429	80	281
438	429	54	189
680	660	19	278
430	437	32	171
431	432	53	1
434	431	3	264
432	436	3	91
432	441	53	13
440	433	66	351
437	433	3	270
435	434	38	180
510	434	71	273
435	518	74	93
436	435	15	182
448	436	52	193
437	445	65	171
449	437	11	264
484	438	56	274
439	504	81	54
452	440	32	351
443	440	6	347
448	441	3	292
442	485	57	80
453	443	26	349
444	450	3	144
444	459	35	18
445	456	32	166
445	446	6	177
446	454	26	168
486	447	54	294
451	447	3	206
522	448	93	310
450	448	3	197
464	449	96	350
502	449	56	264
450	462	12	96
461	450	37	198
476	475	3	355
457	452	22	345
452	453	3	78
455	453	16	348
453	454	3	78
454	458	16	168
454	456	3	78
457	455	6	348
456	460	23	171
456	464	10	78
463	457	42	350
458	460	6	162
461	459	3	273
459	463	52	6
460	466	43	170
477	461	27	273
466	461	52	187
462	523	81	135
462	474	25	93
463	466	3	90
469	464	41	347
464	483	31	77
465	467	79	177
555	486	47	288
499	465	52	228
468	495	38	121
495	488	38	187
489	520	51	167
639	468	178	232
480	469	17	273
473	470	3	285
470	478	61	9
592	471	96	272
541	471	112	204
475	473	44	356
472	492	20	66
472	503	75	17
548	473	55	284
474	529	27	93
477	474	37	181
475	548	60	57
551	476	61	238
534	477	28	272
477	480	78	3
483	502	97	6
482	479	26	351
540	478	37	269
479	514	25	129
505	481	71	348
498	481	44	343
482	487	8	151
543	483	72	329
483	615	103	96
491	484	21	193
493	490	45	356
485	570	61	99
485	500	49	8
488	486	3	198
487	514	20	35
489	497	21	167
573	491	100	324
492	537	76	18
492	705	164	88
494	499	68	1
531	493	46	345
574	493	59	267
525	494	70	352
494	589	73	97
496	495	40	359
639	495	177	219
496	635	103	106
515	497	34	348
497	506	8	166
513	498	23	347
597	499	108	309
531	499	12	236
585	500	63	273
501	573	56	85
502	524	26	16
503	507	7	10
503	517	7	50
504	508	3	60
504	512	9	17
512	505	24	355
505	513	6	39
506	515	20	169
517	507	5	301
507	510	7	10
508	511	3	17
526	509	6	298
537	510	24	296
510	518	38	4
511	527	7	96
511	512	5	2
516	513	3	319
513	515	3	6
516	519	16	179
514	554	39	130
514	521	9	8
515	520	3	146
528	516	4	300
520	516	3	189
517	537	14	84
518	558	81	142
577	572	7	333
518	522	17	5
519	527	18	171
538	519	22	226
520	530	4	131
521	525	3	97
549	522	28	246
522	523	3	5
523	550	28	65
523	529	48	2
524	556	32	103
524	536	33	7
525	565	40	93
532	526	5	334
533	526	5	215
527	533	12	172
538	528	11	271
529	550	60	149
529	534	37	3
530	546	21	79
572	531	55	236
536	532	62	359
533	532	8	180
534	584	55	73
557	535	58	220
536	571	43	96
537	558	20	80
545	538	10	249
539	600	58	101
539	610	140	28
641	540	84	286
541	612	67	109
542	541	24	187
555	542	49	196
563	543	34	326
642	596	30	302
613	543	60	274
580	544	36	302
544	554	19	21
545	626	140	151
547	545	3	225
546	552	4	51
553	547	5	233
551	548	3	315
548	559	14	52
622	549	70	291
550	624	70	111
560	551	15	232
554	586	38	130
554	565	34	21
633	555	61	285
556	659	75	103
556	571	39	24
557	618	61	122
611	557	74	219
558	594	33	76
559	560	3	109
559	566	8	58
578	560	17	238
560	607	39	88
568	561	14	207
583	561	27	212
584	563	27	327
623	563	47	261
564	567	8	29
564	580	24	30
565	603	35	112
565	579	33	19
566	576	10	58
566	606	37	67
567	581	15	35
582	568	14	214
575	569	45	356
570	652	66	129
570	585	57	9
571	587	12	96
572	574	17	7
614	572	57	217
588	573	20	323
573	590	14	86
574	575	14	0
576	605	26	74
620	577	60	326
577	646	45	93
608	578	25	253
579	630	38	96
579	589	33	21
580	598	21	118
581	580	3	348
586	580	14	204
581	593	13	108
582	581	3	348
591	582	12	287
583	582	3	348
687	583	166	331
596	583	18	290
638	584	121	342
636	585	35	272
585	588	28	10
586	601	18	130
603	586	45	200
587	626	28	92
636	588	41	313
588	590	17	8
588	701	90	89
592	640	79	153
589	649	37	113
589	597	16	26
590	600	58	8
590	681	64	85
596	591	7	305
595	592	16	199
593	598	7	123
604	594	16	324
594	631	45	40
599	595	16	188
597	621	46	21
598	643	30	121
598	601	11	7
612	599	54	189
616	599	13	249
600	686	63	80
601	602	3	19
679	602	59	250
630	603	44	201
609	604	4	326
605	608	3	178
606	605	3	178
605	752	125	76
641	606	31	218
859	863	3	80
607	610	51	179
634	637	3	6
608	607	15	180
607	670	41	88
804	608	164	254
706	609	106	304
610	671	42	88
640	611	22	230
633	612	75	189
613	625	7	92
617	614	3	209
615	692	65	106
661	615	101	194
729	616	109	267
654	617	34	209
618	619	3	117
619	628	6	122
694	619	127	210
621	620	3	325
620	646	48	13
663	621	43	325
634	622	5	299
625	629	3	95
626	659	53	161
626	653	10	92
688	627	47	273
628	710	170	32
629	690	49	94
630	678	33	87
649	630	21	201
650	631	8	277
631	632	5	6
650	632	9	308
632	634	3	6
729	633	153	324
635	633	3	186
645	634	6	308
635	662	20	99
635	718	160	34
704	636	61	268
637	648	7	127
637	638	4	6
638	657	17	133
644	639	4	250
696	640	62	242
665	641	29	217
725	642	89	300
642	643	3	30
643	728	91	120
643	679	56	31
644	672	26	112
647	644	3	198
660	645	13	294
646	695	52	90
646	668	45	29
647	673	25	111
651	647	4	193
648	657	8	116
649	667	17	90
663	649	39	201
660	650	10	282
651	676	25	108
652	651	3	187
652	683	47	43
653	658	6	92
655	654	3	317
656	655	6	345
666	656	44	347
664	656	14	312
657	682	24	101
658	674	16	93
659	661	8	162
719	711	8	311
661	731	131	148
662	732	137	150
669	663	11	332
737	665	115	216
667	669	27	4
668	666	3	318
678	667	20	336
697	668	43	307
691	669	45	220
670	671	51	178
670	748	78	88
671	751	78	88
673	672	3	195
676	673	6	193
674	677	29	178
693	674	26	272
675	674	20	181
675	687	14	93
677	689	63	166
717	677	43	271
679	678	78	358
735	680	53	279
682	680	3	188
681	700	28	75
682	742	57	99
684	682	51	184
683	699	40	32
848	683	135	260
773	684	101	281
745	684	81	243
685	812	140	49
698	686	39	325
686	727	99	24
693	687	24	330
687	788	88	93
690	688	15	192
689	709	46	152
720	689	31	269
708	690	19	279
690	692	41	9
747	758	16	25
695	691	64	188
692	723	25	86
717	693	34	328
789	693	77	273
696	694	22	184
694	710	13	87
695	711	11	95
697	695	9	187
726	696	24	266
711	697	14	313
707	697	53	187
700	698	30	359
754	698	51	269
699	703	3	28
714	699	11	270
701	700	27	359
704	701	28	358
701	724	21	89
814	702	90	281
702	718	69	12
703	704	29	0
703	716	31	22
716	704	11	270
706	735	110	16
705	743	92	159
705	706	8	13
712	707	5	247
713	708	3	273
709	721	19	149
722	709	10	269
710	726	27	28
730	712	24	322
715	713	3	273
741	715	20	272
716	734	33	31
720	717	59	358
791	717	60	272
718	736	15	100
772	815	33	97
837	719	119	313
722	720	41	358
793	720	59	269
721	739	25	147
721	722	16	3
794	722	58	269
723	731	9	71
724	734	8	101
728	725	3	246
746	726	57	210
753	727	26	261
876	728	103	266
732	729	3	290
837	730	154	329
733	730	4	234
731	740	6	142
731	739	4	71
750	732	19	280
738	733	3	234
734	747	17	84
735	742	4	72
736	765	26	100
743	737	4	229
781	738	38	256
738	782	39	74
739	784	65	144
741	740	44	359
739	744	3	71
740	760	40	148
765	771	21	5
741	745	88	178
761	741	21	273
742	776	26	75
743	772	54	148
744	779	28	89
745	766	36	112
812	746	70	322
749	746	4	186
747	757	7	88
748	751	51	179
748	780	19	88
749	818	72	142
750	749	22	180
798	750	42	233
751	753	29	178
751	801	34	88
752	777	17	52
752	808	41	69
753	756	104	177
754	758	42	179
754	755	8	5
762	754	6	206
762	755	3	320
755	759	3	5
759	756	6	357
756	763	5	150
761	760	11	359
758	757	14	180
757	830	50	89
759	763	3	58
764	761	65	358
784	761	16	276
819	765	90	332
767	762	3	269
766	764	30	359
764	783	14	98
773	766	35	357
778	767	5	282
769	767	3	209
768	770	3	146
768	775	3	77
769	778	5	136
770	769	3	179
775	770	3	218
771	907	85	96
806	820	10	120
777	772	65	358
919	920	5	176
772	790	78	12
855	773	66	276
774	773	3	358
776	774	36	358
810	775	30	268
776	806	27	92
778	803	28	126
799	779	57	342
779	795	15	89
780	796	14	88
797	780	46	199
798	805	102	3
781	782	3	9
786	781	3	269
782	785	3	90
784	799	11	92
785	786	3	170
785	809	18	90
821	786	23	269
787	788	48	179
792	787	3	241
788	789	20	178
788	835	31	93
789	791	27	178
831	789	29	274
816	790	17	279
862	860	3	198
790	817	32	36
791	793	55	179
836	791	29	272
833	792	48	323
793	794	41	179
839	793	29	271
794	795	37	179
794	840	29	89
844	795	29	271
795	802	5	86
796	801	50	177
796	851	33	88
804	797	14	199
800	797	4	193
824	798	25	231
799	847	28	85
811	800	13	220
801	810	137	177
801	858	36	88
802	841	24	86
802	842	23	89
803	878	58	128
810	803	27	190
807	804	3	230
811	804	5	255
904	805	58	282
805	814	25	13
807	915	57	84
815	808	56	184
808	916	57	85
809	821	6	102
854	810	26	269
955	811	70	264
820	813	12	199
887	812	59	307
812	818	3	50
813	825	14	144
814	819	10	16
858	906	24	90
816	815	77	181
815	924	60	113
922	816	65	299
822	816	27	189
817	822	4	79
817	823	7	47
818	886	56	128
872	819	33	283
855	820	43	210
943	821	68	282
949	822	63	277
822	827	5	104
822	823	4	15
826	822	8	208
823	829	75	4
861	860	86	180
824	890	39	80
897	824	42	260
828	825	9	337
825	832	9	146
826	827	9	171
834	826	71	184
827	944	58	88
829	828	3	357
834	829	3	290
830	848	71	175
830	877	26	89
836	831	26	358
831	835	20	2
832	838	3	117
833	849	15	154
835	833	13	358
838	834	4	202
835	849	6	97
839	836	55	359
1074	836	110	272
845	837	9	344
837	856	11	101
909	876	14	266
838	859	13	75
840	839	40	359
882	839	28	270
841	840	35	359
885	840	28	270
842	841	3	356
841	888	28	92
844	842	3	356
842	888	27	89
846	843	17	357
843	844	3	356
889	843	28	267
889	844	28	269
876	845	203	354
853	845	7	276
919	921	3	7
847	846	34	360
846	874	20	88
850	847	43	355
847	925	39	78
852	848	35	354
881	848	25	240
849	1079	115	106
861	850	31	348
869	850	15	318
851	858	50	174
942	851	44	286
923	852	31	271
856	853	8	189
956	854	44	269
854	864	6	79
870	854	8	269
860	855	9	198
856	1047	88	101
857	866	45	174
869	857	7	260
858	865	62	177
862	861	51	359
868	862	77	359
866	862	25	184
946	862	36	266
863	868	3	81
865	864	75	180
866	935	31	88
950	867	85	333
867	868	3	9
868	871	3	81
894	869	17	292
913	870	19	269
871	873	3	81
900	872	16	274
873	880	7	82
873	940	30	76
874	898	12	87
886	875	73	356
879	875	3	269
875	897	86	7
878	877	8	180
877	918	13	90
879	891	73	176
1272	879	191	274
905	879	84	188
880	936	21	81
881	919	15	78
883	882	8	358
1073	882	81	270
937	883	41	332
885	883	31	359
888	884	31	359
884	885	5	360
937	884	19	269
887	886	3	353
886	891	3	94
892	887	3	271
888	889	3	170
888	939	19	92
889	898	18	163
939	889	19	269
890	895	4	45
890	897	3	88
891	892	3	171
891	1141	145	91
1140	892	144	271
895	893	11	356
901	893	5	327
893	931	30	22
926	894	10	309
894	929	32	19
897	895	3	358
908	896	3	289
896	910	4	69
897	905	3	130
903	897	3	236
898	925	28	168
995	1024	11	52
898	984	36	89
899	901	5	170
899	982	37	94
931	899	29	199
900	902	60	0
904	900	37	359
994	900	39	270
901	903	8	179
927	901	5	268
1021	902	50	272
902	907	30	2
903	905	3	177
927	903	10	211
938	904	12	283
912	906	62	359
1036	906	56	286
906	942	40	19
907	917	24	2
921	908	5	338
928	908	5	270
908	910	3	5
909	933	31	163
1092	909	89	270
917	923	90	1
911	928	5	120
910	911	3	5
911	918	46	2
914	912	74	360
998	912	44	279
918	913	70	359
913	914	3	359
941	913	12	269
914	956	17	93
914	997	69	38
924	916	28	185
916	915	3	180
915	960	19	85
916	947	14	82
917	987	35	84
918	1008	46	91
923	920	44	359
928	921	6	208
973	922	33	305
968	922	50	207
967	923	23	270
973	924	58	207
929	934	22	6
925	934	20	165
930	926	19	350
926	1029	48	104
957	926	35	202
981	927	30	269
965	928	21	270
929	959	18	38
935	930	13	349
1028	930	43	263
932	931	6	188
932	985	27	92
938	932	13	191
933	969	26	137
934	959	11	125
946	935	24	351
936	948	5	67
936	953	6	84
970	937	34	333
1063	937	55	266
958	938	17	202
939	970	14	86
940	948	3	100
940	945	9	16
945	946	63	0
956	941	5	269
996	942	31	286
1010	1009	3	181
942	977	43	27
1001	943	84	336
1070	943	58	271
949	944	8	347
944	950	11	11
945	951	8	167
947	1002	33	103
947	963	10	69
948	952	3	100
948	951	3	57
972	949	13	252
989	950	20	280
951	952	3	167
951	961	12	31
952	1062	50	93
952	953	3	171
952	964	16	29
953	1085	65	94
953	954	3	171
954	976	55	165
1125	954	108	279
955	974	14	102
960	955	3	264
1006	956	30	270
1078	957	61	290
966	957	15	213
958	988	18	92
990	958	28	221
959	966	9	125
978	960	14	281
960	971	8	98
961	964	3	32
967	962	38	183
962	987	51	166
963	1022	27	106
964	995	25	43
965	967	57	180
1015	965	22	269
1030	966	36	224
1018	967	23	271
1043	968	35	288
972	968	9	192
969	975	34	173
983	969	9	271
984	970	20	333
971	991	10	116
971	978	5	105
986	972	14	217
1077	973	53	302
1043	973	60	209
974	991	7	111
975	1084	65	132
1089	975	57	273
976	989	28	169
1010	1011	7	359
1027	1010	5	215
976	1094	63	95
977	980	3	99
977	979	3	49
1007	978	16	293
978	1002	15	106
979	980	3	160
979	1004	30	26
980	1023	17	116
1052	981	27	274
982	981	3	181
982	1053	27	93
985	982	35	181
1088	983	52	273
1030	984	36	334
984	1065	33	97
985	1054	27	91
988	985	29	181
1016	986	14	294
989	986	3	195
987	993	5	154
988	1055	28	91
990	988	22	181
1025	989	16	296
994	990	4	222
991	1004	10	110
1001	992	9	284
993	1000	34	166
993	1058	28	92
1056	994	25	272
1021	994	61	191
995	999	6	118
997	998	13	0
1042	996	16	286
1023	996	39	191
1005	997	4	294
999	1012	24	175
1024	999	11	205
1000	1021	23	171
1061	1000	20	272
1093	1001	90	329
1003	1036	53	9
1002	1014	3	106
1002	1017	3	55
1003	1031	5	114
1040	1032	6	276
1041	1004	11	287
1004	1007	3	24
1006	1005	53	360
1031	1005	18	197
1011	1006	58	360
1096	1006	48	270
1081	1007	32	285
1007	1014	3	24
1013	1008	41	360
1008	1009	5	360
1033	1008	4	270
1009	1033	7	138
1027	1011	4	312
1012	1062	22	115
1015	1013	6	357
1013	1026	7	155
1014	1082	31	105
1014	1017	3	24
1019	1018	44	180
1020	1015	7	355
1015	1026	3	87
1038	1016	7	286
1017	1022	3	24
1057	1024	73	192
1099	1018	47	272
1019	1020	6	360
1020	1039	10	128
1059	1021	16	271
1022	1087	33	94
1022	1077	59	26
1028	1029	3	0
1023	1050	11	106
1024	1060	17	65
1038	1025	5	298
1026	1037	5	95
1032	1028	3	262
1064	1030	21	228
1031	1095	58	49
1034	1032	3	204
1033	1035	3	92
1034	1040	6	110
1035	1046	6	97
1036	1095	43	112
1042	1036	41	185
1041	1051	36	174
1045	1037	13	332
1037	1049	6	87
1066	1038	15	293
1048	1039	5	290
1039	1045	5	56
1044	1040	3	306
1080	1041	20	284
1105	1042	40	270
1050	1042	41	184
1116	1043	50	295
1066	1043	18	211
1057	1044	6	306
1078	1044	31	211
1045	1048	5	174
1047	1102	41	107
1046	1097	35	88
1047	1093	32	98
1048	1099	57	142
1098	1049	34	270
1084	1113	46	32
1105	1051	55	319
1051	1050	3	185
1110	1052	39	278
1052	1053	3	4
1053	1111	39	99
1053	1054	36	2
1054	1109	35	91
1054	1055	29	2
1055	1056	25	1
1055	1107	33	91
1106	1056	33	270
1056	1059	58	2
1091	1057	32	309
1086	1057	32	213
1061	1058	33	359
1058	1101	31	91
1104	1059	31	271
1059	1061	22	1
1060	1067	7	30
1060	1071	6	78
1100	1061	30	270
1063	1073	41	8
1062	1090	23	99
1068	1063	4	278
1065	1064	14	181
1083	1064	15	228
1065	1083	11	110
1068	1065	56	183
1118	1066	46	295
1094	1066	45	214
1067	1069	3	26
1069	1071	8	170
1121	1068	44	274
1069	1072	4	26
1127	1070	51	274
1071	1129	56	84
1129	1072	54	275
1072	1076	5	23
1073	1074	52	1
1074	1075	14	0
1075	1079	5	32
1076	1091	28	32
1195	1077	91	296
1077	1116	67	26
1215	1078	138	221
1079	1135	63	121
1079	1084	4	30
1119	1080	34	271
1080	1081	3	15
1114	1081	27	272
1081	1082	3	15
1082	1115	26	92
1082	1087	11	26
1128	1083	68	223
1085	1090	8	94
1108	1086	37	334
1087	1137	52	95
1089	1088	34	359
1112	1088	14	273
1088	1092	49	3
1113	1089	15	273
1090	1126	36	109
1117	1091	24	301
1091	1108	16	32
1146	1092	58	273
1102	1093	8	325
1094	1136	44	124
1125	1094	50	213
1096	1095	105	360
1194	1095	64	282
1095	1130	50	41
1096	1097	71	180
1174	1096	107	214
1097	1098	47	180
1097	1232	74	90
1098	1099	59	180
1099	1101	89	180
1099	1168	81	135
1173	1099	58	271
1100	1104	22	180
1124	1100	24	273
1101	1100	32	180
1101	1159	55	91
1204	1102	84	310
1103	1106	45	179
1104	1103	13	180
1104	1124	32	48
1130	1105	35	301
1106	1107	25	179
1153	1106	53	272
1107	1109	29	179
1107	1152	52	91
1117	1108	29	336
1108	1236	126	36
1109	1111	41	179
1109	1149	51	91
1147	1110	50	271
1111	1110	3	178
1111	1148	50	91
1113	1112	34	358
1150	1112	48	273
1157	1113	48	273
1119	1114	7	276
1115	1131	24	83
1148	1280	32	91
1149	1148	41	181
1155	1150	18	357
1320	1116	128	308
1116	1118	19	17
1132	1117	27	318
1120	1118	4	295
1118	1136	38	32
1134	1119	19	273
1122	1120	6	295
1123	1120	6	255
1128	1121	12	306
1220	1172	12	261
1139	1121	24	256
1123	1122	5	183
1302	1122	100	311
1305	1123	95	242
1151	1124	29	269
1124	1159	45	43
1205	1125	46	303
1126	1125	3	213
1126	1199	42	123
1190	1128	36	291
1139	1128	18	227
1133	1129	3	278
1129	1132	3	59
1134	1131	8	338
1130	1144	29	135
1130	1185	64	26
1131	1137	8	67
1132	1325	82	89
1133	1132	3	340
1331	1133	87	269
1172	1134	24	262
1135	1142	21	126
1135	1143	20	121
1135	1145	21	117
1136	1166	37	37
1137	1169	18	95
1163	1175	3	60
1175	1164	3	273
1138	1230	62	32
1160	1139	14	269
1230	1140	41	293
1266	1140	40	272
1189	1140	17	271
1141	1192	17	92
1141	1271	40	89
1151	1154	37	179
1176	1142	13	324
1142	1143	3	8
1143	1187	14	137
1143	1145	3	56
1144	1274	35	113
1145	1157	90	2
1156	1146	5	326
1164	1146	4	273
1146	1158	5	38
1279	1147	32	271
1148	1147	3	180
1152	1149	29	181
1150	1156	46	1
1224	1151	17	272
1151	1159	32	2
1152	1283	32	91
1153	1152	24	181
1284	1153	32	271
1154	1153	46	180
1285	1154	33	272
1157	1155	15	359
1155	1162	64	1
1156	1163	3	31
1165	1158	3	337
1158	1170	30	4
1159	1226	16	91
1159	1161	17	3
1190	1160	26	349
1160	1184	14	16
1170	1210	94	5
1161	1168	16	4
1167	1187	123	178
1162	1163	3	1
1163	1164	3	1
1175	1165	3	302
1164	1165	3	1
1166	1198	11	29
1177	1167	48	182
1191	1167	49	184
1168	1223	14	92
1168	1173	57	1
1193	1171	32	186
1169	1172	5	176
1169	1249	22	83
1169	1195	22	10
1171	1178	30	178
1328	1171	62	282
1227	1173	14	271
1194	1174	8	204
1241	1174	18	261
1175	1179	3	121
1180	1175	3	274
1181	1175	3	243
1184	1176	40	359
1179	1177	3	181
1178	1183	9	175
1333	1178	60	276
1179	1191	4	150
1180	1179	3	181
1203	1180	5	271
1181	1180	3	181
1182	1181	3	181
1188	1181	4	208
1183	1182	29	181
1183	1188	30	178
1186	1184	13	357
1339	1185	63	276
1185	1222	26	25
1187	1196	55	179
1197	1186	16	355
1196	1186	3	268
1188	1203	5	144
1267	1189	23	270
1202	1190	3	308
1200	1190	3	262
1203	1191	5	218
1192	1270	23	90
1216	1193	25	196
1217	1193	21	201
1241	1194	15	286
1481	1437	27	271
1195	1296	31	76
1196	1201	17	176
1200	1197	9	354
1198	1205	3	29
1199	1208	3	127
1199	1221	11	48
1202	1200	3	351
1206	1200	3	262
1201	1206	8	174
1215	1202	20	347
1396	1203	126	307
1209	1204	3	334
1204	1211	3	82
1219	1205	6	303
1205	1208	3	29
1383	1206	94	296
1206	1207	3	171
1207	1218	20	167
1208	1213	3	127
1208	1214	5	29
1210	1209	3	339
1209	1211	3	14
1210	1212	3	14
1211	1233	28	17
1212	1228	26	14
1221	1213	11	195
1213	1299	37	126
1214	1221	5	31
1236	1215	38	349
1218	1215	3	259
1235	1216	26	194
1239	1217	7	276
1237	1217	32	191
1218	1242	38	169
1298	1219	32	306
1222	1220	13	352
1247	1220	8	252
1221	1301	55	31
1225	1223	50	181
1222	1247	15	24
1223	1273	13	90
1287	1224	17	271
1226	1224	32	181
1257	1255	4	350
1258	1256	3	351
1225	1365	78	111
1229	1225	6	192
1226	1290	17	90
1229	1227	3	318
1228	1233	3	16
1234	1229	4	201
1231	1253	35	11
1269	1230	10	270
1233	1231	3	330
1231	1238	8	12
1243	1232	4	317
1244	1236	11	351
1243	1234	104	181
1237	1235	3	201
1240	1237	3	194
1281	1277	3	282
1238	1259	27	15
1278	1239	43	194
1246	1240	6	194
1250	1240	9	203
1260	1241	7	287
1252	1241	5	234
1242	1248	8	172
1251	1243	5	231
1255	1244	28	351
1248	1244	3	211
1245	1251	5	133
1274	1402	87	107
1431	1245	146	239
1268	1246	27	194
1247	1249	3	16
1303	1247	33	222
1248	1261	33	171
1249	1300	31	40
1250	1278	7	104
1275	1250	24	195
1252	1260	6	155
1274	1252	18	193
1253	1259	3	104
1253	1294	24	24
1254	1255	3	2
1256	1254	3	338
1262	1256	3	297
1256	1257	3	351
1291	1258	34	347
1259	1268	3	104
1259	1286	19	20
1260	1391	80	117
1261	1281	5	129
1261	1263	3	172
1276	1262	3	287
1262	1264	3	172
1263	1262	3	172
1264	1265	3	171
1265	1352	84	144
1277	1265	3	232
1272	1271	61	180
1266	1269	11	180
1267	1266	3	182
1327	1266	29	268
1307	1267	17	270
1270	1267	3	182
1268	1275	3	104
1295	1268	19	201
1271	1326	29	92
1270	1306	16	90
1271	1270	3	183
1403	1272	84	272
1279	1272	100	181
1292	1273	15	335
1273	1293	5	90
1308	1274	60	197
1275	1375	58	100
1297	1275	23	197
1276	1281	3	103
1277	1346	42	103
1278	1384	60	101
1367	1279	54	271
1280	1279	3	181
1280	1368	54	91
1282	1280	54	181
1373	1282	55	270
1283	1282	16	181
1416	1412	5	203
1283	1374	54	91
1284	1283	24	181
1285	1284	46	181
1287	1285	38	181
1286	1294	5	20
1379	1287	64	295
1288	1287	3	183
1288	1357	51	109
1289	1288	8	180
1290	1289	22	180
1292	1290	21	181
1350	1291	53	312
1293	1292	11	181
1420	1293	99	282
1294	1363	170	17
1297	1295	4	201
1296	1300	7	119
1296	1304	8	73
1338	1297	85	201
1298	1299	5	74
1310	1298	10	309
1309	1316	103	177
1299	1313	10	128
1300	1303	3	134
1300	1304	6	19
1301	1334	21	109
1301	1332	44	26
1317	1302	18	327
1316	1302	10	267
1303	1360	50	132
1330	1303	27	221
1304	1320	17	37
1305	1311	5	46
1312	1305	4	264
1306	1326	12	91
1327	1307	12	271
1308	1413	97	120
1339	1308	34	217
1314	1309	9	203
1322	1309	11	230
1311	1310	3	346
1312	1311	3	346
1314	1312	3	292
1313	1315	3	94
1318	1314	3	232
1315	1319	3	139
1315	1348	24	67
1316	1323	12	157
1321	1317	7	351
1317	1323	6	32
1324	1318	4	303
1319	1318	3	185
1336	1319	14	242
1330	1321	9	291
1320	1321	3	359
1347	1348	77	179
1324	1322	3	224
1323	1341	12	92
1392	1324	45	284
1329	1324	5	224
1325	1337	12	55
1326	1480	110	90
1479	1327	110	270
1333	1328	25	352
1328	1358	52	23
1336	1329	8	223
1342	1330	11	227
1332	1331	3	331
1335	1331	3	254
1335	1332	3	204
1404	1333	54	280
1347	1334	10	289
1345	1334	11	235
1340	1335	4	254
1359	1336	17	243
1343	1337	6	324
1337	1349	27	15
1338	1388	29	100
1362	1338	63	195
1366	1339	25	223
1340	1345	44	175
1343	1340	3	251
1341	1342	8	171
1341	1351	7	125
1341	1371	19	65
1341	1392	116	16
1351	1342	5	238
1344	1343	3	210
1369	1344	27	216
1346	1353	42	6
1414	1344	64	295
1345	1347	9	174
1354	1346	58	355
1446	1487	26	91
1346	1428	67	100
1348	1397	36	58
1356	1349	6	257
1349	1350	3	356
1351	1355	7	156
1361	1351	8	259
1352	1354	3	93
1463	1353	85	281
1353	1383	34	22
1354	1356	3	138
1355	1377	23	155
1361	1355	10	214
1356	1369	13	143
1357	1380	15	137
1364	1357	14	204
1384	1358	46	192
1387	1371	22	315
1372	1359	6	301
1399	1359	28	241
1360	1370	6	137
1377	1360	38	189
1387	1361	11	260
1362	1556	145	104
1364	1418	46	91
1365	1376	16	10
1370	1366	13	184
1385	1366	8	238
1406	1367	32	271
1368	1367	3	181
1368	1424	46	91
1373	1368	54	181
1369	1415	61	135
1394	1369	22	224
1370	1386	7	118
1371	1456	88	53
1389	1372	20	332
1443	1373	57	270
1374	1373	16	180
1450	1447	4	194
1374	1446	57	91
1378	1374	25	182
1375	1381	3	79
1426	1376	46	274
1377	1422	44	85
1445	1378	57	271
1379	1378	56	180
1380	1379	3	219
1448	1380	57	271
1381	1436	54	90
1452	1382	72	288
1388	1382	55	187
1385	1386	9	1
1489	1383	87	284
1384	1430	48	83
1408	1385	29	272
1386	1407	29	99
1425	1387	39	264
1392	1389	9	334
1389	1390	8	17
1390	1400	21	36
1390	1401	16	81
1391	1393	3	60
1454	1392	68	309
1393	1395	3	105
1393	1402	35	20
1397	1467	90	43
1394	1441	46	115
1428	1394	53	219
1395	1398	3	158
1405	1395	35	200
1432	1396	71	328
1396	1457	60	60
1397	1399	4	133
1439	1398	57	314
1399	1400	13	152
1469	1399	88	222
1400	1401	16	173
1401	1454	77	147
1402	1405	3	111
1402	1409	30	20
1486	1403	56	270
1406	1403	101	182
1457	1404	88	330
1404	1430	134	10
1405	1491	71	125
1410	1405	30	200
1423	1406	14	271
1417	1407	8	287
1407	1411	6	98
1461	1408	37	276
1410	1409	3	312
1409	1413	7	20
1435	1410	21	312
1412	1410	3	205
1411	1470	39	91
1422	1411	54	186
1412	1433	20	134
1413	1442	50	20
1467	1414	38	291
1414	1415	6	3
1415	1427	17	22
1416	1466	43	128
1447	1416	52	199
1470	1417	38	269
1418	1449	16	91
1419	1418	45	181
1495	1421	130	201
1420	1419	3	181
1458	1460	6	168
1426	1420	57	182
1421	1426	48	178
1542	1421	82	254
1422	1490	41	92
1425	1422	31	182
1437	1423	10	271
1424	1423	3	185
1424	1438	10	91
1424	1429	41	5
1465	1425	33	296
1427	1497	47	109
1441	1427	24	201
1478	1428	54	323
1428	1463	44	35
1429	1443	17	31
1430	1623	123	104
1430	1436	22	11
1451	1431	8	276
1434	1431	3	226
1440	1432	7	338
1455	1432	30	206
1433	1453	14	140
1433	1435	3	170
1434	1439	5	19
1434	1444	4	63
1436	1452	33	11
1438	1437	3	181
1438	1482	26	91
1444	1439	4	329
1476	1440	89	344
1440	1568	115	126
1441	1478	43	55
1442	1450	5	36
1442	1462	45	20
1485	1443	26	270
1446	1443	15	182
1451	1444	5	327
1445	1446	25	180
1488	1445	27	271
1448	1445	58	181
1468	1447	50	203
1492	1448	27	271
1449	1448	23	181
1449	1493	27	91
1468	1450	46	204
1495	1451	49	324
1453	1459	11	132
1454	1456	8	171
1454	1460	6	113
1458	1454	5	231
1454	1561	101	48
1680	1455	139	296
1464	1455	26	198
1456	1477	69	169
1457	1494	22	92
1527	1526	15	181
1564	1458	99	229
1459	1551	81	132
1466	1459	10	215
1460	1544	53	105
1462	1461	3	321
1472	1461	9	245
1462	1472	9	52
1463	1496	29	39
1464	1692	144	118
1494	1464	41	200
1471	1465	7	328
1477	1465	7	251
1466	1558	82	129
1469	1467	3	298
1467	1497	26	39
1472	1468	3	216
1475	1468	3	236
1513	1469	28	277
1500	1469	26	219
1470	1472	3	80
1473	1470	3	239
1490	1471	13	330
1471	1483	4	78
1472	1475	3	105
1472	1473	3	37
1484	1472	4	247
1536	1521	7	324
1505	1473	24	228
1473	1515	44	39
1479	1474	35	183
1475	1553	54	101
1484	1475	3	235
1498	1476	55	347
1584	1476	74	273
1477	1483	7	166
1521	1478	43	320
1614	1479	82	259
1480	1479	3	182
1480	1612	82	79
1486	1480	59	182
1481	1486	100	179
1571	1481	70	272
1482	1481	3	181
1482	1522	27	91
1485	1482	56	181
1483	1508	34	146
1504	1484	20	227
1518	1484	41	220
1526	1485	27	270
1487	1485	15	181
1594	1486	72	266
1487	1527	27	91
1488	1487	25	181
1528	1488	27	271
1492	1488	58	181
1496	1489	8	300
1489	1499	12	49
1514	1490	27	311
1491	1550	72	143
1491	1539	42	132
1535	1492	27	271
1493	1492	23	181
1493	1537	27	91
1623	1494	189	205
1512	1495	18	303
1496	1499	12	11
1496	1510	14	51
1497	1500	3	109
1497	1524	24	48
1498	1509	29	163
1502	1498	22	352
1499	1501	3	23
1500	1533	20	110
1536	1500	26	227
1501	1503	4	24
1503	1502	4	350
1505	1504	3	179
1519	1504	22	211
1506	1505	3	217
1517	1506	20	209
1556	1507	78	327
1507	1714	132	88
1508	1516	8	106
1508	1525	11	63
1509	1511	3	150
1677	1509	86	261
1511	1510	7	182
1510	1598	62	118
1675	1511	85	261
1542	1512	84	349
1550	1512	42	215
1529	1513	12	294
1530	1513	13	220
1515	1514	4	322
1516	1514	3	278
1515	1516	3	16
1516	1517	3	144
1520	1516	3	255
1516	1525	8	22
1517	1519	3	174
1520	1517	3	204
1519	1518	3	182
1570	1518	44	257
1554	1519	26	256
1534	1520	4	255
1546	1520	23	223
1524	1521	7	356
1522	1573	42	92
1522	1543	11	96
1526	1522	56	181
1560	1523	65	331
1524	1536	4	75
1525	1552	27	53
1597	1526	45	270
1528	1527	24	181
1530	1532	13	178
1534	1552	31	40
1607	1528	46	271
1535	1528	58	181
1538	1529	11	340
1533	1530	7	183
1531	1533	12	178
1536	1531	13	186
1545	1531	13	237
1532	1540	13	157
1533	1635	67	109
1570	1534	38	264
1537	1535	23	181
1536	1545	11	123
1547	1536	29	202
1537	1615	48	91
1563	1538	67	336
1539	1555	25	132
1551	1539	19	223
1540	1541	3	155
1541	1565	66	156
1610	1542	57	316
1543	1572	31	92
1544	1621	46	104
1548	1545	7	318
1545	1633	53	80
1546	1552	10	50
1655	1547	61	291
1549	1547	9	200
1666	1548	58	286
1567	1549	61	199
1550	1686	73	109
1555	1550	13	214
1551	1569	25	132
1558	1551	15	221
1552	1613	39	50
1553	1559	7	109
1553	1557	6	60
1570	1554	18	263
1569	1555	19	223
1556	1709	87	95
1557	1559	5	160
1557	1627	42	53
1559	1631	39	118
1561	1560	3	349
1563	1560	3	266
1561	1562	3	54
1564	1562	3	299
1562	1563	3	10
1562	1565	3	54
1565	1563	3	272
1564	1585	19	149
1620	1564	21	273
1565	1564	3	183
1565	1665	38	92
1566	1628	25	97
1585	1566	36	192
1636	1567	31	285
1574	1567	20	195
1568	1584	22	164
1568	1706	98	56
1689	1569	50	284
1626	1570	20	261
1576	1571	34	358
1580	1571	3	271
1571	1572	3	3
1572	1581	3	92
1572	1573	3	3
1573	1582	3	89
1573	1586	28	5
1574	1636	37	138
1598	1574	8	204
1577	1579	19	2
1594	1575	33	356
1575	1576	26	0
1576	1577	14	360
1576	1578	27	1
1578	1579	6	0
1579	1580	3	0
1579	1587	3	44
1587	1580	3	271
1580	1581	3	0
1581	1591	3	92
1581	1582	3	0
1582	1583	7	0
1582	1592	3	89
1583	1586	22	3
1584	1605	9	158
1585	1643	25	89
1586	1597	29	3
1596	1606	48	177
1589	1587	3	271
1587	1590	3	65
1588	1604	27	177
1589	1588	8	180
1599	1589	3	271
1590	1589	3	180
1591	1590	3	180
1590	1601	3	65
1591	1602	3	92
1592	1591	3	180
1593	1592	6	180
1592	1603	3	89
1600	1593	19	183
1595	1594	3	354
1612	1595	48	354
1595	1606	3	96
1604	1596	12	184
1608	1597	3	271
1597	1607	39	3
1647	1622	91	189
1598	1707	65	90
1599	1604	34	180
1728	1599	81	271
1601	1599	3	183
1600	1603	25	180
1602	1601	3	183
1601	1611	4	78
1602	1611	4	92
1603	1602	3	183
1603	1688	37	91
1605	1677	64	154
1749	1605	110	300
1606	1618	49	173
1607	1615	81	3
1609	1608	5	183
1616	1609	88	183
1648	1664	12	11
1650	1669	9	156
1656	1651	3	281
1609	1725	84	88
1641	1610	20	283
1659	1610	23	279
1610	1642	20	95
1621	1613	38	187
1611	1672	24	92
1614	1612	3	344
1612	1618	3	113
1637	1613	45	338
1613	1682	37	55
1642	1659	3	125
1625	1614	87	353
1618	1614	3	241
1615	1619	3	92
1615	1617	28	3
1619	1616	26	184
1617	1622	3	93
1617	1644	103	9
1618	1650	26	142
1622	1619	28	183
1648	1620	19	309
1664	1620	17	271
1630	1621	35	193
1623	1685	27	118
1624	1683	24	107
1635	1624	23	198
1626	1627	28	180
1629	1625	3	282
1637	1626	6	263
1627	1646	37	167
1639	1627	36	350
1628	1630	7	160
1628	1632	4	53
1669	1629	53	192
1640	1630	7	225
1631	1645	7	126
1631	1638	7	34
1640	1632	6	317
1632	1643	36	7
1633	1674	10	100
1633	1651	5	72
1727	1634	62	284
1635	1691	25	110
1666	1635	21	197
1636	1678	16	140
1718	1636	57	266
1702	1637	36	262
1638	1639	8	1
1638	1649	3	83
1646	1639	3	283
1693	1640	25	272
1644	1641	3	329
1658	1641	3	258
1696	1697	4	13
1642	1653	3	55
1643	1648	3	9
1644	1657	3	41
1645	1654	3	121
1649	1645	9	182
1646	1649	7	177
1652	1647	7	184
1667	1647	12	194
1687	1648	14	284
1651	1655	3	72
1652	1657	8	10
1663	1653	3	340
1653	1671	9	21
1654	1742	72	116
1656	1655	3	353
1678	1655	68	185
1655	1719	55	76
1674	1656	4	313
1657	1658	3	10
1657	1660	3	46
1660	1658	3	250
1658	1661	3	10
1659	1661	3	133
1663	1659	3	279
1660	1667	3	166
1673	1660	3	303
1679	1662	9	279
1661	1660	3	133
1660	1662	3	68
1660	1663	3	339
1661	1663	3	10
1662	1663	3	279
1670	1662	3	215
1662	1676	3	68
1663	1668	8	10
1684	1664	10	284
1665	1664	3	195
1665	1775	94	104
1681	1665	41	193
1695	1666	26	293
1673	1667	3	234
1668	1671	3	10
1670	1676	3	146
1671	1670	8	180
1671	1690	101	8
1672	1688	9	82
1679	1673	6	266
1674	1700	25	105
1724	1675	54	289
1677	1675	3	186
1676	1679	6	114
1704	1677	31	287
1678	1721	71	138
1773	1679	85	281
1701	1680	20	298
1692	1680	21	205
1751	1681	65	289
1683	1681	3	191
1686	1689	36	4
1734	1735	3	25
1682	1702	60	159
1682	1710	41	58
1683	1698	16	110
1683	1691	22	20
1774	1684	84	283
1687	1684	12	355
1685	1694	14	115
1685	1709	196	9
1690	1686	26	349
1693	1687	42	346
1771	1687	79	283
1688	1720	41	91
1689	1696	30	20
1769	1690	71	275
1691	1703	15	110
1691	1695	20	16
1692	1706	23	118
1710	1693	41	322
1695	1700	33	6
1700	1699	31	181
1694	1855	174	87
1776	1694	146	209
1703	1698	22	198
1697	1717	45	38
1698	1753	50	109
1699	1708	12	107
1713	1700	21	265
1705	1701	10	289
1701	1706	21	29
1756	1702	43	261
1703	1763	51	110
1708	1703	23	195
1726	1704	23	293
1705	1711	20	27
1706	1711	9	116
1707	1712	16	145
1707	1722	25	40
1723	1708	17	287
1709	1750	27	92
1735	1754	22	34
1709	1714	78	4
1740	1710	42	335
1710	1739	19	65
1711	1811	101	121
1712	1718	19	163
1765	1712	50	227
1715	1713	3	285
1713	1719	22	16
1714	1768	36	90
1720	1725	67	1
1752	1715	22	283
1729	1715	25	198
1733	1716	30	344
1716	1841	181	58
1716	1717	12	4
1717	1727	34	6
1718	1729	74	176
1762	1718	27	264
1721	1719	3	190
1719	1729	5	77
1720	1809	71	92
1721	1729	5	100
1722	1730	9	32
1722	1761	28	88
1770	1723	36	288
1723	1741	16	36
1731	1724	6	292
1726	1724	3	215
1734	1726	5	292
1749	1726	25	213
1727	1742	48	11
1732	1728	45	356
1738	1728	6	271
1729	1757	18	103
1730	1731	3	25
1743	1731	6	292
1731	1734	3	25
1745	1732	7	266
1737	1733	4	342
1744	1734	6	292
1838	1736	87	276
1736	1745	123	3
1769	1737	93	344
1745	1738	45	355
1808	1738	62	271
1739	1758	16	93
1739	1760	18	65
1748	1740	9	331
1747	1740	4	289
1741	1778	33	110
1741	1746	8	21
1742	1755	97	6
1761	1743	15	292
1758	1747	49	194
1766	1744	19	290
1807	1745	58	265
1813	1746	64	289
1746	1752	15	24
1797	1747	56	294
1747	1748	7	171
1891	1894	5	146
1756	1748	25	344
1781	1748	37	295
1783	1749	69	209
1750	1790	41	101
1750	1764	57	12
1784	1751	34	289
1751	1753	3	16
1752	1757	25	9
1753	1786	34	109
1753	1763	22	21
1772	1754	23	312
1754	1780	51	33
1755	1756	28	0
1755	1804	49	77
1779	1756	26	258
1757	1762	77	3
1757	1791	85	26
1812	1758	52	287
1760	1758	8	188
1759	1760	5	178
1759	1767	6	117
1771	1759	33	198
1760	1767	6	60
1765	1761	3	290
1791	1762	31	280
1762	1765	48	3
1763	1770	25	18
1810	1764	44	278
1764	1768	17	8
1788	1765	25	276
1766	1765	3	221
1787	1766	24	276
1772	1766	15	208
1767	1796	35	63
1789	1769	60	338
1859	1795	75	304
1769	1910	139	105
1770	1777	14	25
1774	1771	12	196
1787	1772	23	315
1800	1772	57	210
1798	1773	32	305
1789	1773	70	195
1793	1774	21	284
1775	1774	3	197
1775	1834	49	103
1775	1784	32	20
1776	1883	114	121
1782	1776	33	195
1777	1778	3	63
1778	1803	29	111
1781	1779	4	197
1785	1779	4	257
1780	1800	20	116
1780	1817	42	49
1785	1781	4	304
1790	1782	31	194
1811	1783	31	228
1802	1792	104	186
1880	1784	89	288
1784	1786	3	20
1804	1785	30	323
1797	1785	13	259
1786	1882	89	109
1786	1806	59	18
1801	1787	16	306
1788	1787	3	348
1799	1788	16	309
1823	1789	60	332
1810	1790	59	195
1815	1791	22	282
1791	1799	41	12
1792	1831	55	147
1881	1792	83	289
1796	1793	24	356
1822	1793	24	284
1805	1794	10	275
1796	1816	19	65
1820	1797	19	258
1871	1798	81	309
1798	1861	69	127
1798	1805	31	170
1825	1799	24	303
1799	1801	3	22
1800	1837	29	116
1819	1800	37	206
1872	1801	71	298
1801	1839	67	27
1892	1802	82	288
1805	1802	25	187
1803	1806	3	101
1828	1807	109	351
1851	1804	64	323
1804	1832	38	30
1824	1806	15	286
1806	1813	9	22
1807	1808	38	1
1848	1808	35	271
1808	1809	3	5
1809	1849	35	90
1809	1814	49	4
1811	1843	33	61
1821	1812	48	191
1812	1820	53	170
1830	1812	47	344
1812	1842	27	108
1813	1818	24	15
1814	1856	40	93
1814	1831	31	25
1860	1815	41	282
1825	1815	32	191
1816	1821	6	133
1816	1826	8	54
1819	1817	3	308
1817	1836	17	45
1850	1818	29	293
1863	1846	38	332
1818	1860	105	23
1853	1819	33	305
1836	1819	17	215
1832	1820	5	255
1833	1821	9	217
1827	1822	4	322
1829	1822	3	284
1846	1823	42	333
1823	1847	42	151
1874	1824	49	290
1824	1850	33	42
1869	1825	47	294
1833	1826	3	306
1826	1827	3	6
1827	1829	3	22
1838	1828	31	349
1845	1829	16	284
1829	1834	3	37
1832	1830	4	348
1835	1830	4	269
1831	1856	42	138
1870	1832	42	285
1835	1832	5	210
1845	1833	14	258
1834	1867	41	104
1916	1908	14	329
1876	1835	48	251
1836	1840	6	64
1837	1839	5	116
1837	1853	32	32
1895	1838	192	198
1839	1862	28	117
1840	1864	29	96
1840	1843	17	18
1875	1841	39	293
1841	1844	38	7
1842	1876	40	122
1842	1857	64	13
1843	1852	74	5
1843	1893	43	82
1886	1844	36	277
1844	1851	50	7
1857	1845	13	283
1846	1847	3	64
1847	1868	49	152
1847	1897	49	63
1895	1848	41	272
1849	1848	3	184
1856	1849	47	189
1849	1921	69	94
1850	1884	38	126
1850	1858	13	42
1851	1890	35	94
1852	1906	55	112
1852	1859	27	22
1883	1855	73	202
1879	1853	37	315
1859	1854	183	358
1854	1954	107	81
1855	1854	30	180
1856	1881	54	24
1866	1857	13	284
1858	1899	37	97
1858	1922	107	36
1859	1887	32	42
1860	1869	23	23
1861	1865	8	129
1861	1863	4	50
1862	1904	41	124
1879	1862	21	220
1865	1863	8	331
1864	1907	36	97
1871	1865	5	331
1865	1868	3	130
1956	1866	81	283
1866	1867	3	10
1867	1955	81	103
1867	1880	25	18
1868	1891	28	150
1922	1869	59	301
1869	1872	3	30
1870	1890	76	170
1925	1870	56	287
1878	1870	31	192
1889	1871	25	332
1872	1885	18	27
1877	1873	16	347
1888	1874	64	349
1884	1874	21	197
1927	1875	54	292
1886	1875	48	185
1876	1878	3	127
1876	1963	91	58
1877	2004	94	98
1878	1925	66	134
1915	1879	38	302
1907	1879	62	205
1880	1882	3	19
1881	1901	57	17
1882	1888	15	15
1989	1883	138	269
1900	1884	16	272
1885	1904	45	25
1917	1886	32	276
1890	1886	51	185
2024	1887	108	288
1887	1954	186	21
1888	1982	83	108
1892	1889	7	330
1894	1889	5	306
1890	1912	21	89
1891	2012	98	112
1908	1892	32	328
1893	1913	20	94
1893	1906	49	19
1894	1896	5	135
1898	1894	5	284
1920	1895	28	275
1896	1926	68	149
1898	1896	3	221
1969	1897	79	298
1981	1979	3	209
1897	1947	62	59
2011	1898	88	292
1903	1899	5	324
1899	1905	5	68
1900	1902	7	9
1911	1900	10	279
1901	1908	23	21
1901	1916	18	59
1978	1990	8	148
1902	1911	12	133
1903	1902	17	183
1905	1903	6	196
1904	1915	22	31
1904	1929	31	78
1970	1905	82	224
1906	1923	21	113
1907	1943	34	94
1907	1909	17	5
1910	1949	48	100
1911	1978	94	142
1914	1912	38	354
1912	1928	25	70
1913	1950	39	110
1917	1914	18	354
1914	1946	32	92
1915	1918	3	54
1924	1916	24	329
1927	1917	68	348
1929	1918	22	310
1918	1919	5	67
1930	1919	37	200
1919	1972	44	66
1920	1921	3	25
2026	1920	78	260
1921	2033	83	79
1953	1922	33	307
1923	1971	37	112
1931	1924	18	332
1932	1924	17	330
1925	1952	50	155
2007	1925	56	247
1925	2003	52	66
1926	1940	18	146
1926	1937	17	149
1986	1927	42	296
1928	1946	48	165
1928	1952	17	73
1951	1929	33	333
1930	1943	35	14
1974	1930	39	230
1934	1931	3	332
1931	1933	3	65
1933	1932	3	331
1935	1933	3	331
1933	1938	3	65
1945	1934	13	325
1935	1934	3	245
1936	1935	3	331
1939	1935	3	245
1945	1936	12	328
1937	1938	3	150
1938	1939	3	150
1938	1940	3	65
1939	1941	3	150
1942	1939	3	245
1940	1942	3	151
1940	2011	62	42
1941	1948	11	149
1942	1948	12	154
2014	1942	63	223
1967	1966	3	179
1943	1974	23	115
2038	1944	82	311
1944	2023	97	27
1988	1945	47	330
1946	2016	68	136
1947	2013	42	123
1947	1993	48	31
1948	1998	47	149
1949	1993	26	119
1950	2000	30	129
1950	1960	28	20
1958	1951	88	355
2078	1951	121	263
1985	1979	3	265
1952	2016	98	160
1957	1953	5	318
1953	1958	4	97
1954	1980	73	11
1955	1962	4	103
1955	1973	8	82
1964	1956	5	310
1956	1961	4	123
1962	1956	3	255
1957	1958	3	1
1959	1957	3	318
1958	1976	8	85
1970	1959	6	331
1975	1959	6	263
1965	1960	7	192
1961	1964	3	155
1961	1968	3	100
1962	1967	3	158
1977	1962	6	249
1963	2001	71	169
1964	1963	11	181
1963	1966	9	6
1967	1964	3	209
1965	2000	63	167
1971	1965	6	201
1966	1968	3	4
1966	1985	12	45
1979	1967	8	229
1968	1973	6	24
2050	1969	56	273
1969	2013	45	28
1975	1970	7	208
1971	2057	71	119
2017	1971	45	210
1972	2010	19	67
1977	1973	3	266
1974	1984	6	138
1974	1983	4	70
1976	1975	6	181
1999	1975	11	232
1976	1999	8	81
1979	1977	3	266
1981	1977	3	232
1978	1994	8	80
1980	1989	9	18
1995	1981	5	280
1981	1987	5	29
1987	1982	25	357
1982	1990	15	9
1982	2036	41	75
1983	1992	5	38
1984	2010	31	157
1997	1984	5	229
1985	1995	4	76
2069	1985	87	246
1986	2023	25	119
2008	1986	33	195
1995	1987	6	332
2018	1988	28	329
1998	1988	3	241
1989	1996	6	18
1990	1994	8	10
1991	2046	83	32
1994	1991	16	357
1991	2029	37	63
1992	2000	3	46
1993	2038	48	50
2069	1995	86	246
2128	1996	169	279
1996	2053	168	16
2005	1997	5	220
1998	2019	28	149
2098	1998	135	250
2028	1999	30	262
2000	2005	5	145
2001	2009	6	115
2001	2002	3	159
2002	2003	4	178
2006	2002	3	325
2003	2006	3	59
2004	2053	44	97
2005	2030	39	133
2007	2006	3	297
2006	2009	4	59
2066	2007	69	278
2034	2041	3	63
2008	2071	130	132
2016	2008	33	191
2009	2067	69	101
2010	2021	20	158
2010	2039	29	76
2014	2011	3	291
2011	2012	3	26
2012	2015	3	103
2012	2032	66	21
2013	2056	50	123
2094	2014	117	292
2015	2014	3	205
2015	2068	67	114
2300	2299	5	277
2037	2015	65	201
2025	2017	21	216
2033	2018	40	328
2020	2018	5	320
2019	2042	40	146
2019	2022	5	150
2034	2020	35	327
2078	2021	91	296
2022	2041	35	147
2023	2071	62	109
2024	2025	6	111
2025	2027	4	92
2051	2025	28	224
2047	2026	16	304
2035	2026	7	252
2027	2072	52	111
2046	2028	94	354
2028	2031	3	76
2029	2043	6	77
2064	2029	74	210
2030	2039	6	125
2030	2057	58	21
2314	2031	328	261
2032	2037	3	125
2032	2050	31	22
2035	2033	3	329
2033	2034	3	63
2040	2034	3	329
2047	2035	13	330
2040	2035	3	245
2036	2069	41	99
2036	2043	46	3
2037	2079	65	106
2055	2037	32	202
2080	2038	102	322
2039	2062	24	73
2039	2048	7	91
2049	2040	17	329
2044	2040	3	245
2041	2044	3	149
2041	2042	3	63
2042	2118	108	96
2042	2045	3	152
2043	2086	68	87
2044	2052	17	149
2045	2044	3	245
2045	2054	16	149
2112	2045	100	275
2046	2064	23	77
2059	2047	27	328
2048	2062	16	65
2059	2049	23	331
2055	2050	3	271
2050	2056	18	24
2117	2051	171	216
2052	2060	23	151
2131	2124	10	254
2107	2078	37	254
2105	2054	98	267
2054	2060	23	153
2058	2055	17	204
2056	2058	3	119
2056	2063	13	41
2057	2072	76	20
2065	2058	15	219
2089	2059	99	329
2060	2090	99	149
2062	2120	101	62
2063	2065	3	78
2063	2080	50	50
2064	2093	56	92
2065	2111	109	139
2081	2065	49	230
2175	2066	196	294
2067	2066	3	279
2067	2108	88	135
2076	2067	21	296
2068	2095	50	112
2068	2079	74	19
2069	2077	39	148
2073	2069	5	231
2076	2070	104	352
2077	2070	23	239
2071	2127	175	148
2072	2084	28	113
2073	2130	102	117
2082	2073	41	215
2126	2074	160	328
2074	2075	3	35
2075	2126	161	149
2103	2076	88	221
2077	2104	64	149
2079	2111	37	100
2081	2080	3	265
2080	2138	90	77
2116	2081	58	318
2139	2081	88	258
2082	2085	18	7
2097	2082	28	234
2110	2120	146	6
2137	2126	32	324
2101	2083	64	204
2088	2084	5	201
2085	2086	3	7
2086	2087	3	15
2087	2097	20	104
2087	2093	49	15
2091	2088	9	203
2101	2089	40	329
2092	2089	7	319
2090	2102	39	149
2090	2092	7	156
2093	2096	4	102
2098	2094	9	311
2095	2094	3	197
2095	2100	10	132
2111	2095	84	190
2096	2106	43	168
2096	2125	45	92
2099	2097	3	224
2115	2098	12	272
2100	2098	3	199
2143	2099	64	275
2099	2144	64	94
2106	2099	8	211
2100	2114	12	88
2102	2101	3	241
2102	2113	15	149
2142	2103	60	265
2104	2103	11	181
2104	2134	54	71
2112	2105	5	263
2125	2106	55	221
2107	2109	3	14
2108	2177	106	96
2109	2110	3	13
2303	2110	204	276
2111	2146	60	92
2119	2112	7	275
2118	2112	7	261
2113	2136	47	83
2114	2115	3	174
2114	2121	26	81
2115	2145	73	132
2122	2115	26	261
2188	2202	17	46
2146	2116	90	324
2124	2116	33	243
2117	2180	96	104
2123	2117	116	192
2118	2129	27	93
2132	2119	36	275
2170	2162	4	275
2120	2154	74	76
2122	2121	3	348
2121	2147	34	82
2148	2122	34	260
2123	2196	92	109
2128	2123	10	199
2149	2125	36	253
2125	2150	37	70
2126	2141	30	138
2127	2138	39	155
2137	2128	40	204
2129	2133	10	96
2145	2129	73	199
2130	2134	32	160
2139	2131	49	194
2132	2135	61	179
2161	2132	46	275
2133	2183	63	95
2133	2132	3	180
2134	2142	25	159
2134	2151	22	72
2135	2136	88	178
2160	2135	42	271
2136	2156	38	75
2193	2137	69	288
2141	2137	3	220
2138	2139	3	154
2138	2272	348	25
2140	2143	28	8
2161	2160	57	182
2162	2161	3	275
2280	2139	390	203
2171	2164	12	339
2140	2163	45	108
2141	2191	67	108
2266	2141	189	222
2142	2157	72	151
2143	2144	3	16
2184	2143	52	269
2144	2149	64	9
2144	2185	52	88
2152	2145	61	192
2147	2146	77	356
2146	2198	112	139
2148	2147	3	358
2147	2198	58	84
2152	2148	6	262
2149	2150	3	358
2200	2149	56	262
2150	2199	55	82
2151	2153	4	71
2208	2152	61	271
2153	2155	14	67
2154	2166	19	48
2158	2154	6	230
2155	2159	5	65
2155	2163	65	9
2156	2238	63	113
2160	2156	77	182
2157	2204	58	139
2157	2165	10	51
2232	2158	64	276
2167	2158	12	231
2169	2179	149	178
2173	2159	20	326
2159	2174	11	66
2214	2160	42	272
2218	2162	40	274
2164	2175	41	8
2165	2168	3	50
2166	2188	21	47
2182	2167	15	227
2174	2184	101	5
2168	2190	24	49
2169	2305	100	94
2180	2169	25	191
2217	2170	36	276
2186	2178	100	186
2171	2181	26	163
2190	2172	49	340
2172	2173	9	0
2172	2176	3	87
2173	2174	19	2
2174	2178	3	66
2234	2175	41	280
2175	2177	3	11
2176	2192	49	160
2178	2176	28	181
2176	2267	78	86
2177	2195	16	101
2178	2263	78	79
2179	2189	13	89
2196	2180	103	189
2210	2181	23	268
2182	2207	26	123
2203	2182	24	226
2183	2219	25	98
2183	2194	8	95
2184	2185	3	12
2186	2184	3	268
2185	2187	3	88
2185	2201	54	15
2187	2186	3	193
2256	2186	61	268
2201	2187	53	193
2187	2255	61	88
2267	2263	37	357
2189	2205	15	58
2236	2216	24	204
2236	2190	42	319
2190	2192	3	54
2191	2258	59	104
2191	2193	3	174
2192	2237	41	139
2192	2197	22	7
2193	2196	54	178
2257	2193	58	284
2194	2220	17	96
2195	2206	12	99
2204	2195	19	207
2196	2312	93	107
2197	2270	61	86
2198	2211	10	124
2200	2199	3	344
2199	2251	49	70
2200	2201	18	179
2250	2200	48	250
2202	2205	4	36
2205	2203	5	203
2204	2226	15	138
2213	2204	13	209
2205	2209	4	63
2206	2235	13	99
2206	2226	10	46
2207	2232	16	129
2229	2208	11	302
2208	2211	3	36
2409	2209	276	274
2209	2313	98	55
2227	2210	32	190
2272	2210	51	270
2211	2230	11	121
2274	2212	49	271
2212	2214	46	1
2216	2213	4	208
2319	2214	97	272
2214	2215	33	2
2215	2217	21	2
2221	2215	21	185
2217	2218	3	2
2221	2217	3	268
2222	2218	3	273
2218	2219	3	2
2219	2220	3	2
2219	2223	3	88
2220	2224	3	87
2220	2239	122	12
2222	2221	3	181
2242	2221	27	249
2223	2222	3	182
2248	2222	31	249
2224	2223	3	182
2223	2231	5	79
2225	2224	3	182
2224	2228	3	83
2225	2228	4	127
2243	2225	120	192
2226	2235	11	148
2271	2227	45	276
2233	2227	35	188
2228	2231	3	99
2256	2255	3	357
2228	2240	23	67
2239	2229	22	295
2229	2230	3	33
2230	2241	22	113
2231	2249	28	61
2232	2315	137	147
2271	2233	77	315
2233	2234	3	7
2246	2234	22	276
2235	2234	3	191
2235	2245	20	97
2279	2236	45	297
2237	2236	3	196
2237	2279	45	120
2263	2268	3	90
2238	2326	120	124
2238	2269	34	96
2243	2239	3	288
2239	2241	3	24
2240	2249	7	55
2241	2244	3	111
2248	2242	4	230
2363	2243	153	265
2244	2243	3	201
2245	2252	15	40
2244	2369	156	86
2246	2245	3	317
2245	2247	3	96
2254	2246	8	282
2262	2246	12	276
2247	2283	21	95
2247	2264	18	55
2310	2248	65	222
2249	2322	108	41
2255	2250	83	357
2250	2251	3	4
2253	2250	3	250
2251	2253	3	128
2251	2306	31	69
2252	2264	8	87
2253	2261	84	177
2307	2253	29	249
2285	2254	14	276
2255	2261	3	86
2263	2256	87	357
2260	2256	3	268
2329	2257	90	294
2258	2330	90	114
2290	2259	19	267
2259	2283	12	110
2298	2304	6	88
2260	2265	68	177
2261	2260	3	181
2331	2260	84	268
2286	2262	10	279
2287	2262	10	273
2264	2281	22	23
2265	2268	19	176
2265	2332	85	88
2276	2266	39	186
2270	2267	25	357
2267	2273	3	85
2268	2273	37	177
2269	2317	47	103
2274	2269	57	182
2279	2270	80	358
2270	2275	3	88
2272	2271	27	359
2271	2277	21	6
2273	2275	25	176
2273	2338	90	88
2318	2274	47	273
2275	2278	17	178
2275	2341	93	88
2276	2350	116	103
2277	2285	16	8
2278	2288	63	178
2342	2278	100	261
2281	2279	12	358
2288	2279	3	270
2282	2280	6	186
2300	2280	27	206
2284	2281	10	354
2293	2282	16	189
2283	2289	3	94
2290	2284	13	357
2293	2285	3	274
2285	2286	3	8
2294	2286	3	279
2286	2287	3	8
2295	2287	3	273
2287	2289	3	6
2288	2291	14	178
2289	2296	3	94
2289	2290	4	4
2327	2320	43	204
2368	2371	3	91
2291	2316	48	135
2291	2292	9	177
2292	2311	37	134
2292	2297	14	177
2299	2293	3	274
2294	2293	3	189
2299	2294	3	279
2295	2294	3	186
2301	2295	7	277
2296	2295	3	181
2296	2298	3	94
2304	2297	29	295
2297	2296	3	181
2298	2302	6	99
2308	2300	8	275
2311	2301	13	273
2302	2309	8	97
2303	2315	40	34
2305	2313	74	170
2312	2305	108	186
2306	2307	3	172
2314	2306	92	189
2306	2323	41	68
2325	2307	41	248
2327	2308	49	276
2309	2311	5	102
2310	2321	27	97
2324	2310	45	220
2311	2316	9	99
2385	2360	38	274
2313	2337	74	52
2316	2328	34	96
2318	2317	66	182
2360	2318	72	275
2319	2318	46	181
2353	2319	66	273
2321	2319	114	183
2342	2345	22	163
2321	2356	64	91
2324	2321	37	183
2322	2324	4	165
2322	2334	39	51
2323	2325	3	170
2323	2344	47	68
2336	2324	41	230
2325	2331	111	168
2343	2325	47	247
2351	2327	44	277
2328	2352	44	97
2335	2328	81	193
2392	2329	126	294
2330	2393	136	114
2331	2332	69	176
2332	2333	14	176
2333	2338	42	170
2333	2412	154	99
2334	2340	10	61
2334	2364	49	80
2345	2335	37	206
2339	2336	6	240
2366	2336	50	258
2337	2389	112	65
2419	2372	108	279
2365	2361	9	229
2362	2396	67	94
2337	2403	161	50
2338	2341	24	169
2365	2339	42	261
2340	2363	36	82
2372	2341	42	280
2341	2342	6	175
2368	2367	3	179
2343	2359	55	158
2344	2343	3	187
2347	2343	8	243
2344	2348	7	69
2345	2358	32	150
2346	2373	37	108
2347	2348	3	359
2376	2347	44	245
2348	2375	43	65
2453	2455	3	167
2348	2377	85	37
2349	2385	102	31
2360	2349	79	186
2350	2357	5	103
2356	2353	116	181
2355	2351	3	272
2352	2355	3	122
2351	2352	3	1
2352	2354	3	92
2353	2360	49	175
2384	2353	41	267
2354	2362	10	94
2358	2354	84	182
2397	2355	77	275
2361	2356	69	187
2356	2380	36	86
2357	2402	90	101
2358	2372	51	22
2359	2400	128	142
2359	2387	89	140
2367	2363	4	276
2363	2368	4	90
2364	2370	3	86
2381	2365	22	277
2366	2365	3	221
2382	2366	21	278
2370	2366	3	182
2367	2370	3	176
2369	2371	3	108
2369	2368	3	179
2370	2374	6	93
2371	2391	53	100
2371	2374	5	108
2445	2437	76	356
2402	2373	239	196
2374	2383	15	100
2376	2375	3	348
2375	2415	100	64
2416	2376	101	245
2377	2378	7	5
2378	2379	17	20
2380	2381	68	1
2379	2432	173	66
2379	2386	57	9
2473	2472	3	345
2384	2380	117	359
2381	2382	3	8
2398	2382	40	281
2382	2383	3	13
2383	2401	45	101
2385	2384	53	359
2386	2423	117	77
2388	2387	5	307
2387	2428	150	59
2400	2388	43	328
2389	2395	10	87
2398	2390	8	277
2391	2401	12	103
2406	2392	22	291
2393	2407	22	112
2394	2411	59	143
2394	2404	19	66
2395	2434	120	102
2395	2403	58	16
2396	2417	45	94
2396	2397	3	178
2420	2397	60	274
2443	2398	127	288
2418	2399	60	228
2400	2404	15	138
2401	2462	148	107
2453	2461	12	66
2410	2402	20	238
2403	2405	7	31
2404	2422	86	147
2405	2406	3	27
2413	2406	25	294
2406	2407	3	27
2407	2414	24	114
2407	2408	3	27
2408	2457	192	40
2473	2471	4	261
2447	2409	153	316
2409	2424	59	62
2457	2410	202	319
2410	2502	311	102
2411	2412	19	162
2412	2422	22	90
2425	2413	47	294
2414	2439	108	128
2438	2444	5	60
2439	2440	20	177
2417	2419	135	3
2416	2415	3	330
2415	2453	105	64
2427	2416	51	278
2455	2416	104	243
2417	2421	15	94
2424	2418	67	335
2433	2419	58	277
2429	2420	42	267
2421	2420	3	185
2421	2430	42	87
2422	2426	51	149
2450	2456	61	177
2463	2452	50	341
2422	2500	250	80
2423	2432	39	111
2451	2424	132	335
2424	2445	50	68
2435	2425	57	320
2426	2444	57	141
2426	2433	35	145
2431	2427	62	344
2460	2427	54	291
2428	2459	75	62
2428	2431	55	11
2479	2429	79	280
2430	2429	3	182
2430	2480	79	101
2431	2458	34	97
2432	2447	23	59
2433	2438	17	148
2434	2436	3	103
2436	2435	20	358
2437	2436	15	358
2436	2440	3	103
2438	2480	134	151
2440	2441	15	177
2440	2442	3	103
2441	2446	75	175
2442	2454	16	103
2470	2443	48	284
2448	2443	9	284
2444	2464	54	147
2449	2445	55	352
2445	2446	3	76
2446	2450	55	172
2447	2451	19	23
2466	2448	31	282
2452	2449	60	357
2450	2449	3	247
2454	2476	43	104
2501	2454	199	237
2455	2460	74	175
2475	2455	44	246
2456	2477	85	145
2501	2457	208	310
2457	2502	179	65
2458	2459	26	178
2460	2458	35	183
2459	2469	27	95
2484	2478	140	354
2461	2465	14	31
2461	2471	26	63
2462	2467	13	106
2462	2468	18	87
2465	2463	22	350
2471	2463	31	315
2492	2464	76	289
2466	2470	9	113
2467	2466	3	117
2485	2466	37	247
2467	2474	17	61
2468	2474	10	67
2490	2470	48	237
2469	2482	18	102
2494	2470	52	297
2471	2472	4	58
2472	2491	35	70
2475	2473	3	305
2483	2473	13	250
2474	2505	166	64
2489	2475	32	244
2481	2476	84	356
2476	2487	25	97
2477	2493	33	71
2486	2478	52	326
2478	2481	27	8
2530	2479	210	286
2480	2488	25	97
2480	2479	3	178
2487	2481	83	194
2482	2524	190	95
2489	2483	20	247
2499	2484	85	302
2484	2486	61	11
2490	2485	13	241
2486	2515	182	100
2487	2521	158	92
2492	2488	55	183
2488	2532	187	107
2491	2489	3	244
2506	2490	132	244
2491	2493	4	39
2496	2491	16	244
2493	2495	9	63
2514	2494	157	299
2495	2497	18	66
2495	2499	21	61
2498	2496	14	245
2512	2496	122	245
2497	2509	108	64
2511	2498	108	244
2499	2508	105	65
2500	2516	79	105
2547	2543	6	268
2545	2548	42	12
2500	2524	199	31
2517	2501	59	294
2519	2501	64	250
2502	2503	3	73
2529	2527	4	203
2503	2523	221	161
2504	2507	11	148
2505	2506	3	169
2507	2505	64	180
2556	2506	148	244
2507	2522	37	78
2508	2509	3	157
2508	2510	3	81
2509	2511	3	157
2509	2510	3	60
2510	2513	5	87
2510	2554	145	60
2532	2549	36	91
2539	2534	13	232
2537	2535	6	343
2520	2536	231	7
2511	2512	3	157
2513	2511	5	240
2538	2512	61	267
2513	2525	32	89
2518	2513	22	240
2553	2514	112	296
2518	2515	5	295
2515	2554	122	61
2516	2546	56	106
2533	2516	170	190
2521	2517	103	356
2517	2519	44	4
2555	2518	120	240
2534	2518	32	240
2523	2519	9	276
2522	2520	3	342
2521	2554	145	136
2526	2561	229	69
2524	2527	12	120
2525	2528	10	89
2525	2544	35	89
2526	2529	11	124
2532	2545	114	13
2527	2533	4	132
2528	2540	20	95
2531	2530	3	295
2550	2531	37	271
2531	2532	3	28
2535	2562	294	39
2536	2537	3	74
2541	2538	8	293
2540	2538	5	265
2539	2554	73	60
2555	2539	73	241
2540	2542	3	120
2543	2540	4	265
2557	2541	122	327
2541	2542	3	25
2542	2551	40	147
2542	2543	3	25
2543	2544	3	38
2545	2549	106	174
2547	2552	76	153
2548	2546	122	357
2549	2550	3	167
2549	2563	108	83
2562	2550	108	263
2551	2552	35	148
2552	2558	56	145
2554	2555	3	148
2559	2557	83	325
2558	2560	75	146
2561	2559	15	328
2562	2563	3	5
