0	1	2
0	1	22
0	21	42
0	21	22
1	2	3
1	2	23
1	0	21
1	22	43
1	22	23
1	22	21
2	3	4
2	3	24
2	1	0
2	1	22
2	23	44
2	23	24
2	23	22
3	4	5
3	4	25
3	2	1
3	2	23
3	24	45
3	24	25
3	24	23
4	5	6
4	5	26
4	3	2
4	3	24
4	25	46
4	25	26
4	25	24
5	6	7
5	6	27
5	4	3
5	4	25
5	26	47
5	26	27
5	26	25
6	7	8
6	7	28
6	5	4
6	5	26
6	27	48
6	27	28
6	27	26
7	8	9
7	8	29
7	6	5
7	6	27
7	28	49
7	28	29
7	28	27
8	9	10
8	9	30
8	7	6
8	7	28
8	29	50
8	29	30
8	29	28
9	10	11
9	10	31
9	8	7
9	8	29
9	30	51
9	30	31
9	30	29
10	11	12
10	11	32
10	9	8
10	9	30
10	31	52
10	31	32
10	31	30
11	12	13
11	12	33
11	10	9
11	10	31
11	32	53
11	32	33
11	32	31
12	13	14
12	13	34
12	11	10
12	11	32
12	33	54
12	33	34
12	33	32
13	14	15
13	14	35
13	12	11
13	12	33
13	34	55
13	34	35
13	34	33
14	15	16
14	15	36
14	13	12
14	13	34
14	35	56
14	35	36
14	35	34
15	16	17
15	16	37
15	14	13
15	14	35
15	36	57
15	36	37
15	36	35
16	17	18
16	17	38
16	15	14
16	15	36
16	37	58
16	37	38
16	37	36
17	18	19
17	18	39
17	16	15
17	16	37
17	38	59
17	38	39
17	38	37
18	19	20
18	19	40
18	17	16
18	17	38
18	39	60
18	39	40
18	39	38
19	20	41
19	18	17
19	18	39
19	40	61
19	40	41
19	40	39
20	19	18
20	19	40
20	41	62
20	41	40
21	22	23
21	22	1
21	22	43
21	0	1
21	42	63
21	42	43
22	23	24
22	23	2
22	23	44
22	21	0
22	21	42
22	1	0
22	1	2
22	43	64
22	43	44
22	43	42
23	24	25
23	24	3
23	24	45
23	22	21
23	22	1
23	22	43
23	2	1
23	2	3
23	44	65
23	44	45
23	44	43
24	25	26
24	25	4
24	25	46
24	23	22
24	23	2
24	23	44
24	3	2
24	3	4
24	45	66
24	45	46
24	45	44
25	26	27
25	26	5
25	26	47
25	24	23
25	24	3
25	24	45
25	4	3
25	4	5
25	46	67
25	46	47
25	46	45
26	27	28
26	27	6
26	27	48
26	25	24
26	25	4
26	25	46
26	5	4
26	5	6
26	47	68
26	47	48
26	47	46
27	28	29
27	28	7
27	28	49
27	26	25
27	26	5
27	26	47
27	6	5
27	6	7
27	48	69
27	48	49
27	48	47
28	29	30
28	29	8
28	29	50
28	27	26
28	27	6
28	27	48
28	7	6
28	7	8
28	49	70
28	49	50
28	49	48
29	30	31
29	30	9
29	30	51
29	28	27
29	28	7
29	28	49
29	8	7
29	8	9
29	50	71
29	50	51
29	50	49
30	31	32
30	31	10
30	31	52
30	29	28
30	29	8
30	29	50
30	9	8
30	9	10
30	51	72
30	51	52
30	51	50
31	32	33
31	32	11
31	32	53
31	30	29
31	30	9
31	30	51
31	10	9
31	10	11
31	52	73
31	52	53
31	52	51
32	33	34
32	33	12
32	33	54
32	31	30
32	31	10
32	31	52
32	11	10
32	11	12
32	53	74
32	53	54
32	53	52
33	34	35
33	34	13
33	34	55
33	32	31
33	32	11
33	32	53
33	12	11
33	12	13
33	54	75
33	54	55
33	54	53
34	35	36
34	35	14
34	35	56
34	33	32
34	33	12
34	33	54
34	13	12
34	13	14
34	55	76
34	55	56
34	55	54
35	36	37
35	36	15
35	36	57
35	34	33
35	34	13
35	34	55
35	14	13
35	14	15
35	56	77
35	56	57
35	56	55
36	37	38
36	37	16
36	37	58
36	35	34
36	35	14
36	35	56
36	15	14
36	15	16
36	57	78
36	57	58
36	57	56
37	38	39
37	38	17
37	38	59
37	36	35
37	36	15
37	36	57
37	16	15
37	16	17
37	58	79
37	58	59
37	58	57
38	39	40
38	39	18
38	39	60
38	37	36
38	37	16
38	37	58
38	17	16
38	17	18
38	59	80
38	59	60
38	59	58
39	40	41
39	40	19
39	40	61
39	38	37
39	38	17
39	38	59
39	18	17
39	18	19
39	60	81
39	60	61
39	60	59
40	41	20
40	41	62
40	39	38
40	39	18
40	39	60
40	19	18
40	19	20
40	61	82
40	61	62
40	61	60
41	40	39
41	40	19
41	40	61
41	20	19
41	62	83
41	62	61
42	43	44
42	43	22
42	43	64
42	21	0
42	21	22
42	63	84
42	63	64
43	44	45
43	44	23
43	44	65
43	42	21
43	42	63
43	22	1
43	22	21
43	22	23
43	64	85
43	64	65
43	64	63
44	45	46
44	45	24
44	45	66
44	43	42
44	43	22
44	43	64
44	23	2
44	23	22
44	23	24
44	65	86
44	65	66
44	65	64
45	46	47
45	46	25
45	46	67
45	44	43
45	44	23
45	44	65
45	24	3
45	24	23
45	24	25
45	66	87
45	66	67
45	66	65
46	47	48
46	47	26
46	47	68
46	45	44
46	45	24
46	45	66
46	25	4
46	25	24
46	25	26
46	67	88
46	67	68
46	67	66
47	48	49
47	48	27
47	48	69
47	46	45
47	46	25
47	46	67
47	26	5
47	26	25
47	26	27
47	68	89
47	68	69
47	68	67
48	49	50
48	49	28
48	49	70
48	47	46
48	47	26
48	47	68
48	27	6
48	27	26
48	27	28
48	69	90
48	69	70
48	69	68
49	50	51
49	50	29
49	50	71
49	48	47
49	48	27
49	48	69
49	28	7
49	28	27
49	28	29
49	70	91
49	70	71
49	70	69
50	51	52
50	51	30
50	51	72
50	49	48
50	49	28
50	49	70
50	29	8
50	29	28
50	29	30
50	71	92
50	71	72
50	71	70
51	52	53
51	52	31
51	52	73
51	50	49
51	50	29
51	50	71
51	30	9
51	30	29
51	30	31
51	72	93
51	72	73
51	72	71
52	53	54
52	53	32
52	53	74
52	51	50
52	51	30
52	51	72
52	31	10
52	31	30
52	31	32
52	73	94
52	73	74
52	73	72
53	54	55
53	54	33
53	54	75
53	52	51
53	52	31
53	52	73
53	32	11
53	32	31
53	32	33
53	74	95
53	74	75
53	74	73
54	55	56
54	55	34
54	55	76
54	53	52
54	53	32
54	53	74
54	33	12
54	33	32
54	33	34
54	75	96
54	75	76
54	75	74
55	56	57
55	56	35
55	56	77
55	54	53
55	54	33
55	54	75
55	34	13
55	34	33
55	34	35
55	76	97
55	76	77
55	76	75
56	57	58
56	57	36
56	57	78
56	55	54
56	55	34
56	55	76
56	35	14
56	35	34
56	35	36
56	77	98
56	77	78
56	77	76
57	58	59
57	58	37
57	58	79
57	56	55
57	56	35
57	56	77
57	36	15
57	36	35
57	36	37
57	78	99
57	78	79
57	78	77
58	59	60
58	59	38
58	59	80
58	57	56
58	57	36
58	57	78
58	37	16
58	37	36
58	37	38
58	79	100
58	79	80
58	79	78
59	60	61
59	60	39
59	60	81
59	58	57
59	58	37
59	58	79
59	38	17
59	38	37
59	38	39
59	80	101
59	80	81
59	80	79
60	61	62
60	61	40
60	61	82
60	59	58
60	59	38
60	59	80
60	39	18
60	39	38
60	39	40
60	81	102
60	81	82
60	81	80
61	62	41
61	62	83
61	60	59
61	60	39
61	60	81
61	40	19
61	40	39
61	40	41
61	82	103
61	82	83
61	82	81
62	61	60
62	61	40
62	61	82
62	41	20
62	41	40
62	83	104
62	83	82
63	64	65
63	64	43
63	64	85
63	42	21
63	42	43
63	84	105
63	84	85
64	65	66
64	65	44
64	65	86
64	63	42
64	63	84
64	43	22
64	43	42
64	43	44
64	85	106
64	85	86
64	85	84
65	66	67
65	66	45
65	66	87
65	64	63
65	64	43
65	64	85
65	44	23
65	44	43
65	44	45
65	86	107
65	86	87
65	86	85
66	67	68
66	67	46
66	67	88
66	65	64
66	65	44
66	65	86
66	45	24
66	45	44
66	45	46
66	87	108
66	87	88
66	87	86
67	68	69
67	68	47
67	68	89
67	66	65
67	66	45
67	66	87
67	46	25
67	46	45
67	46	47
67	88	109
67	88	89
67	88	87
68	69	70
68	69	48
68	69	90
68	67	66
68	67	46
68	67	88
68	47	26
68	47	46
68	47	48
68	89	110
68	89	90
68	89	88
69	70	71
69	70	49
69	70	91
69	68	67
69	68	47
69	68	89
69	48	27
69	48	47
69	48	49
69	90	111
69	90	91
69	90	89
70	71	72
70	71	50
70	71	92
70	69	68
70	69	48
70	69	90
70	49	28
70	49	48
70	49	50
70	91	112
70	91	92
70	91	90
71	72	73
71	72	51
71	72	93
71	70	69
71	70	49
71	70	91
71	50	29
71	50	49
71	50	51
71	92	113
71	92	93
71	92	91
72	73	74
72	73	52
72	73	94
72	71	70
72	71	50
72	71	92
72	51	30
72	51	50
72	51	52
72	93	114
72	93	94
72	93	92
73	74	75
73	74	53
73	74	95
73	72	71
73	72	51
73	72	93
73	52	31
73	52	51
73	52	53
73	94	115
73	94	95
73	94	93
74	75	76
74	75	54
74	75	96
74	73	72
74	73	52
74	73	94
74	53	32
74	53	52
74	53	54
74	95	116
74	95	96
74	95	94
75	76	77
75	76	55
75	76	97
75	74	73
75	74	53
75	74	95
75	54	33
75	54	53
75	54	55
75	96	117
75	96	97
75	96	95
76	77	78
76	77	56
76	77	98
76	75	74
76	75	54
76	75	96
76	55	34
76	55	54
76	55	56
76	97	118
76	97	98
76	97	96
77	78	79
77	78	57
77	78	99
77	76	75
77	76	55
77	76	97
77	56	35
77	56	55
77	56	57
77	98	119
77	98	99
77	98	97
78	79	80
78	79	58
78	79	100
78	77	76
78	77	56
78	77	98
78	57	36
78	57	56
78	57	58
78	99	120
78	99	100
78	99	98
79	80	81
79	80	59
79	80	101
79	78	77
79	78	57
79	78	99
79	58	37
79	58	57
79	58	59
79	100	121
79	100	101
79	100	99
80	81	82
80	81	60
80	81	102
80	79	78
80	79	58
80	79	100
80	59	38
80	59	58
80	59	60
80	101	122
80	101	102
80	101	100
81	82	83
81	82	61
81	82	103
81	80	79
81	80	59
81	80	101
81	60	39
81	60	59
81	60	61
81	102	123
81	102	103
81	102	101
82	83	62
82	83	104
82	81	80
82	81	60
82	81	102
82	61	40
82	61	60
82	61	62
82	103	124
82	103	104
82	103	102
83	82	81
83	82	61
83	82	103
83	62	41
83	62	61
83	104	125
83	104	103
84	85	86
84	85	64
84	85	106
84	63	42
84	63	64
84	105	126
84	105	106
85	86	87
85	86	65
85	86	107
85	84	63
85	84	105
85	64	43
85	64	63
85	64	65
85	106	127
85	106	107
85	106	105
86	87	88
86	87	66
86	87	108
86	85	84
86	85	64
86	85	106
86	65	44
86	65	64
86	65	66
86	107	128
86	107	108
86	107	106
87	88	89
87	88	67
87	88	109
87	86	85
87	86	65
87	86	107
87	66	45
87	66	65
87	66	67
87	108	129
87	108	109
87	108	107
88	89	90
88	89	68
88	89	110
88	87	86
88	87	66
88	87	108
88	67	46
88	67	66
88	67	68
88	109	130
88	109	110
88	109	108
89	90	91
89	90	69
89	90	111
89	88	87
89	88	67
89	88	109
89	68	47
89	68	67
89	68	69
89	110	131
89	110	111
89	110	109
90	91	92
90	91	70
90	91	112
90	89	88
90	89	68
90	89	110
90	69	48
90	69	68
90	69	70
90	111	132
90	111	112
90	111	110
91	92	93
91	92	71
91	92	113
91	90	89
91	90	69
91	90	111
91	70	49
91	70	69
91	70	71
91	112	133
91	112	113
91	112	111
92	93	94
92	93	72
92	93	114
92	91	90
92	91	70
92	91	112
92	71	50
92	71	70
92	71	72
92	113	134
92	113	114
92	113	112
93	94	95
93	94	73
93	94	115
93	92	91
93	92	71
93	92	113
93	72	51
93	72	71
93	72	73
93	114	135
93	114	115
93	114	113
94	95	96
94	95	74
94	95	116
94	93	92
94	93	72
94	93	114
94	73	52
94	73	72
94	73	74
94	115	136
94	115	116
94	115	114
95	96	97
95	96	75
95	96	117
95	94	93
95	94	73
95	94	115
95	74	53
95	74	73
95	74	75
95	116	137
95	116	117
95	116	115
96	97	98
96	97	76
96	97	118
96	95	94
96	95	74
96	95	116
96	75	54
96	75	74
96	75	76
96	117	138
96	117	118
96	117	116
97	98	99
97	98	77
97	98	119
97	96	95
97	96	75
97	96	117
97	76	55
97	76	75
97	76	77
97	118	139
97	118	119
97	118	117
98	99	100
98	99	78
98	99	120
98	97	96
98	97	76
98	97	118
98	77	56
98	77	76
98	77	78
98	119	140
98	119	120
98	119	118
99	100	101
99	100	79
99	100	121
99	98	97
99	98	77
99	98	119
99	78	57
99	78	77
99	78	79
99	120	141
99	120	121
99	120	119
100	101	102
100	101	80
100	101	122
100	99	98
100	99	78
100	99	120
100	79	58
100	79	78
100	79	80
100	121	142
100	121	122
100	121	120
101	102	103
101	102	81
101	102	123
101	100	99
101	100	79
101	100	121
101	80	59
101	80	79
101	80	81
101	122	143
101	122	123
101	122	121
102	103	104
102	103	82
102	103	124
102	101	100
102	101	80
102	101	122
102	81	60
102	81	80
102	81	82
102	123	144
102	123	124
102	123	122
103	104	83
103	104	125
103	102	101
103	102	81
103	102	123
103	82	61
103	82	81
103	82	83
103	124	145
103	124	125
103	124	123
104	103	102
104	103	82
104	103	124
104	83	62
104	83	82
104	125	146
104	125	124
105	106	107
105	106	85
105	106	127
105	84	63
105	84	85
105	126	147
105	126	127
106	107	108
106	107	86
106	107	128
106	105	84
106	105	126
106	85	64
106	85	84
106	85	86
106	127	148
106	127	128
106	127	126
107	108	109
107	108	87
107	108	129
107	106	105
107	106	85
107	106	127
107	86	65
107	86	85
107	86	87
107	128	149
107	128	129
107	128	127
108	109	110
108	109	88
108	109	130
108	107	106
108	107	86
108	107	128
108	87	66
108	87	86
108	87	88
108	129	150
108	129	130
108	129	128
109	110	111
109	110	89
109	110	131
109	108	107
109	108	87
109	108	129
109	88	67
109	88	87
109	88	89
109	130	151
109	130	131
109	130	129
110	111	112
110	111	90
110	111	132
110	109	108
110	109	88
110	109	130
110	89	68
110	89	88
110	89	90
110	131	152
110	131	132
110	131	130
111	112	113
111	112	91
111	112	133
111	110	109
111	110	89
111	110	131
111	90	69
111	90	89
111	90	91
111	132	153
111	132	133
111	132	131
112	113	114
112	113	92
112	113	134
112	111	110
112	111	90
112	111	132
112	91	70
112	91	90
112	91	92
112	133	154
112	133	134
112	133	132
113	114	115
113	114	93
113	114	135
113	112	111
113	112	91
113	112	133
113	92	71
113	92	91
113	92	93
113	134	155
113	134	135
113	134	133
114	115	116
114	115	94
114	115	136
114	113	112
114	113	92
114	113	134
114	93	72
114	93	92
114	93	94
114	135	156
114	135	136
114	135	134
115	116	117
115	116	95
115	116	137
115	114	113
115	114	93
115	114	135
115	94	73
115	94	93
115	94	95
115	136	157
115	136	137
115	136	135
116	117	118
116	117	96
116	117	138
116	115	114
116	115	94
116	115	136
116	95	74
116	95	94
116	95	96
116	137	158
116	137	138
116	137	136
117	118	119
117	118	97
117	118	139
117	116	115
117	116	95
117	116	137
117	96	75
117	96	95
117	96	97
117	138	159
117	138	139
117	138	137
118	119	120
118	119	98
118	119	140
118	117	116
118	117	96
118	117	138
118	97	76
118	97	96
118	97	98
118	139	160
118	139	140
118	139	138
119	120	121
119	120	99
119	120	141
119	118	117
119	118	97
119	118	139
119	98	77
119	98	97
119	98	99
119	140	161
119	140	141
119	140	139
120	121	122
120	121	100
120	121	142
120	119	118
120	119	98
120	119	140
120	99	78
120	99	98
120	99	100
120	141	162
120	141	142
120	141	140
121	122	123
121	122	101
121	122	143
121	120	119
121	120	99
121	120	141
121	100	79
121	100	99
121	100	101
121	142	163
121	142	143
121	142	141
122	123	124
122	123	102
122	123	144
122	121	120
122	121	100
122	121	142
122	101	80
122	101	100
122	101	102
122	143	164
122	143	144
122	143	142
123	124	125
123	124	103
123	124	145
123	122	121
123	122	101
123	122	143
123	102	81
123	102	101
123	102	103
123	144	165
123	144	145
123	144	143
124	125	104
124	125	146
124	123	122
124	123	102
124	123	144
124	103	82
124	103	102
124	103	104
124	145	166
124	145	146
124	145	144
125	124	123
125	124	103
125	124	145
125	104	83
125	104	103
125	146	167
125	146	145
126	127	128
126	127	106
126	127	148
126	105	84
126	105	106
126	147	168
126	147	148
127	128	129
127	128	107
127	128	149
127	126	105
127	126	147
127	106	85
127	106	105
127	106	107
127	148	169
127	148	149
127	148	147
128	129	130
128	129	108
128	129	150
128	127	126
128	127	106
128	127	148
128	107	86
128	107	106
128	107	108
128	149	170
128	149	150
128	149	148
129	130	131
129	130	109
129	130	151
129	128	127
129	128	107
129	128	149
129	108	87
129	108	107
129	108	109
129	150	171
129	150	151
129	150	149
130	131	132
130	131	110
130	131	152
130	129	128
130	129	108
130	129	150
130	109	88
130	109	108
130	109	110
130	151	172
130	151	152
130	151	150
131	132	133
131	132	111
131	132	153
131	130	129
131	130	109
131	130	151
131	110	89
131	110	109
131	110	111
131	152	173
131	152	153
131	152	151
132	133	134
132	133	112
132	133	154
132	131	130
132	131	110
132	131	152
132	111	90
132	111	110
132	111	112
132	153	174
132	153	154
132	153	152
133	134	135
133	134	113
133	134	155
133	132	131
133	132	111
133	132	153
133	112	91
133	112	111
133	112	113
133	154	175
133	154	155
133	154	153
134	135	136
134	135	114
134	135	156
134	133	132
134	133	112
134	133	154
134	113	92
134	113	112
134	113	114
134	155	176
134	155	156
134	155	154
135	136	137
135	136	115
135	136	157
135	134	133
135	134	113
135	134	155
135	114	93
135	114	113
135	114	115
135	156	177
135	156	157
135	156	155
136	137	138
136	137	116
136	137	158
136	135	134
136	135	114
136	135	156
136	115	94
136	115	114
136	115	116
136	157	178
136	157	158
136	157	156
137	138	139
137	138	117
137	138	159
137	136	135
137	136	115
137	136	157
137	116	95
137	116	115
137	116	117
137	158	179
137	158	159
137	158	157
138	139	140
138	139	118
138	139	160
138	137	136
138	137	116
138	137	158
138	117	96
138	117	116
138	117	118
138	159	180
138	159	160
138	159	158
139	140	141
139	140	119
139	140	161
139	138	137
139	138	117
139	138	159
139	118	97
139	118	117
139	118	119
139	160	181
139	160	161
139	160	159
140	141	142
140	141	120
140	141	162
140	139	138
140	139	118
140	139	160
140	119	98
140	119	118
140	119	120
140	161	182
140	161	162
140	161	160
141	142	143
141	142	121
141	142	163
141	140	139
141	140	119
141	140	161
141	120	99
141	120	119
141	120	121
141	162	183
141	162	163
141	162	161
142	143	144
142	143	122
142	143	164
142	141	140
142	141	120
142	141	162
142	121	100
142	121	120
142	121	122
142	163	184
142	163	164
142	163	162
143	144	145
143	144	123
143	144	165
143	142	141
143	142	121
143	142	163
143	122	101
143	122	121
143	122	123
143	164	185
143	164	165
143	164	163
144	145	146
144	145	124
144	145	166
144	143	142
144	143	122
144	143	164
144	123	102
144	123	122
144	123	124
144	165	186
144	165	166
144	165	164
145	146	125
145	146	167
145	144	143
145	144	123
145	144	165
145	124	103
145	124	123
145	124	125
145	166	187
145	166	167
145	166	165
146	145	144
146	145	124
146	145	166
146	125	104
146	125	124
146	167	188
146	167	166
147	148	149
147	148	127
147	148	169
147	126	105
147	126	127
147	168	189
147	168	169
148	149	150
148	149	128
148	149	170
148	147	126
148	147	168
148	127	106
148	127	126
148	127	128
148	169	190
148	169	170
148	169	168
149	150	151
149	150	129
149	150	171
149	148	147
149	148	127
149	148	169
149	128	107
149	128	127
149	128	129
149	170	191
149	170	171
149	170	169
150	151	152
150	151	130
150	151	172
150	149	148
150	149	128
150	149	170
150	129	108
150	129	128
150	129	130
150	171	192
150	171	172
150	171	170
151	152	153
151	152	131
151	152	173
151	150	149
151	150	129
151	150	171
151	130	109
151	130	129
151	130	131
151	172	193
151	172	173
151	172	171
152	153	154
152	153	132
152	153	174
152	151	150
152	151	130
152	151	172
152	131	110
152	131	130
152	131	132
152	173	194
152	173	174
152	173	172
153	154	155
153	154	133
153	154	175
153	152	151
153	152	131
153	152	173
153	132	111
153	132	131
153	132	133
153	174	195
153	174	175
153	174	173
154	155	156
154	155	134
154	155	176
154	153	152
154	153	132
154	153	174
154	133	112
154	133	132
154	133	134
154	175	196
154	175	176
154	175	174
155	156	157
155	156	135
155	156	177
155	154	153
155	154	133
155	154	175
155	134	113
155	134	133
155	134	135
155	176	197
155	176	177
155	176	175
156	157	158
156	157	136
156	157	178
156	155	154
156	155	134
156	155	176
156	135	114
156	135	134
156	135	136
156	177	198
156	177	178
156	177	176
157	158	159
157	158	137
157	158	179
157	156	155
157	156	135
157	156	177
157	136	115
157	136	135
157	136	137
157	178	199
157	178	179
157	178	177
158	159	160
158	159	138
158	159	180
158	157	156
158	157	136
158	157	178
158	137	116
158	137	136
158	137	138
158	179	200
158	179	180
158	179	178
159	160	161
159	160	139
159	160	181
159	158	157
159	158	137
159	158	179
159	138	117
159	138	137
159	138	139
159	180	201
159	180	181
159	180	179
160	161	162
160	161	140
160	161	182
160	159	158
160	159	138
160	159	180
160	139	118
160	139	138
160	139	140
160	181	202
160	181	182
160	181	180
161	162	163
161	162	141
161	162	183
161	160	159
161	160	139
161	160	181
161	140	119
161	140	139
161	140	141
161	182	203
161	182	183
161	182	181
162	163	164
162	163	142
162	163	184
162	161	160
162	161	140
162	161	182
162	141	120
162	141	140
162	141	142
162	183	204
162	183	184
162	183	182
163	164	165
163	164	143
163	164	185
163	162	161
163	162	141
163	162	183
163	142	121
163	142	141
163	142	143
163	184	205
163	184	185
163	184	183
164	165	166
164	165	144
164	165	186
164	163	162
164	163	142
164	163	184
164	143	122
164	143	142
164	143	144
164	185	206
164	185	186
164	185	184
165	166	167
165	166	145
165	166	187
165	164	163
165	164	143
165	164	185
165	144	123
165	144	143
165	144	145
165	186	207
165	186	187
165	186	185
166	167	146
166	167	188
166	165	164
166	165	144
166	165	186
166	145	124
166	145	144
166	145	146
166	187	208
166	187	188
166	187	186
167	166	165
167	166	145
167	166	187
167	146	125
167	146	145
167	188	209
167	188	187
168	169	170
168	169	148
168	169	190
168	147	126
168	147	148
168	189	210
168	189	190
169	170	171
169	170	149
169	170	191
169	168	147
169	168	189
169	148	127
169	148	147
169	148	149
169	190	211
169	190	191
169	190	189
170	171	172
170	171	150
170	171	192
170	169	168
170	169	148
170	169	190
170	149	128
170	149	148
170	149	150
170	191	212
170	191	192
170	191	190
171	172	173
171	172	151
171	172	193
171	170	169
171	170	149
171	170	191
171	150	129
171	150	149
171	150	151
171	192	213
171	192	193
171	192	191
172	173	174
172	173	152
172	173	194
172	171	170
172	171	150
172	171	192
172	151	130
172	151	150
172	151	152
172	193	214
172	193	194
172	193	192
173	174	175
173	174	153
173	174	195
173	172	171
173	172	151
173	172	193
173	152	131
173	152	151
173	152	153
173	194	215
173	194	195
173	194	193
174	175	176
174	175	154
174	175	196
174	173	172
174	173	152
174	173	194
174	153	132
174	153	152
174	153	154
174	195	216
174	195	196
174	195	194
175	176	177
175	176	155
175	176	197
175	174	173
175	174	153
175	174	195
175	154	133
175	154	153
175	154	155
175	196	217
175	196	197
175	196	195
176	177	178
176	177	156
176	177	198
176	175	174
176	175	154
176	175	196
176	155	134
176	155	154
176	155	156
176	197	218
176	197	198
176	197	196
177	178	179
177	178	157
177	178	199
177	176	175
177	176	155
177	176	197
177	156	135
177	156	155
177	156	157
177	198	219
177	198	199
177	198	197
178	179	180
178	179	158
178	179	200
178	177	176
178	177	156
178	177	198
178	157	136
178	157	156
178	157	158
178	199	220
178	199	200
178	199	198
179	180	181
179	180	159
179	180	201
179	178	177
179	178	157
179	178	199
179	158	137
179	158	157
179	158	159
179	200	221
179	200	201
179	200	199
180	181	182
180	181	160
180	181	202
180	179	178
180	179	158
180	179	200
180	159	138
180	159	158
180	159	160
180	201	222
180	201	202
180	201	200
181	182	183
181	182	161
181	182	203
181	180	179
181	180	159
181	180	201
181	160	139
181	160	159
181	160	161
181	202	223
181	202	203
181	202	201
182	183	184
182	183	162
182	183	204
182	181	180
182	181	160
182	181	202
182	161	140
182	161	160
182	161	162
182	203	224
182	203	204
182	203	202
183	184	185
183	184	163
183	184	205
183	182	181
183	182	161
183	182	203
183	162	141
183	162	161
183	162	163
183	204	225
183	204	205
183	204	203
184	185	186
184	185	164
184	185	206
184	183	182
184	183	162
184	183	204
184	163	142
184	163	162
184	163	164
184	205	226
184	205	206
184	205	204
185	186	187
185	186	165
185	186	207
185	184	183
185	184	163
185	184	205
185	164	143
185	164	163
185	164	165
185	206	227
185	206	207
185	206	205
186	187	188
186	187	166
186	187	208
186	185	184
186	185	164
186	185	206
186	165	144
186	165	164
186	165	166
186	207	228
186	207	208
186	207	206
187	188	167
187	188	209
187	186	185
187	186	165
187	186	207
187	166	145
187	166	165
187	166	167
187	208	229
187	208	209
187	208	207
188	187	186
188	187	166
188	187	208
188	167	146
188	167	166
188	209	230
188	209	208
189	190	191
189	190	169
189	190	211
189	168	147
189	168	169
189	210	231
189	210	211
190	191	192
190	191	170
190	191	212
190	189	168
190	189	210
190	169	148
190	169	168
190	169	170
190	211	232
190	211	212
190	211	210
191	192	193
191	192	171
191	192	213
191	190	189
191	190	169
191	190	211
191	170	149
191	170	169
191	170	171
191	212	233
191	212	213
191	212	211
192	193	194
192	193	172
192	193	214
192	191	190
192	191	170
192	191	212
192	171	150
192	171	170
192	171	172
192	213	234
192	213	214
192	213	212
193	194	195
193	194	173
193	194	215
193	192	191
193	192	171
193	192	213
193	172	151
193	172	171
193	172	173
193	214	235
193	214	215
193	214	213
194	195	196
194	195	174
194	195	216
194	193	192
194	193	172
194	193	214
194	173	152
194	173	172
194	173	174
194	215	236
194	215	216
194	215	214
195	196	197
195	196	175
195	196	217
195	194	193
195	194	173
195	194	215
195	174	153
195	174	173
195	174	175
195	216	237
195	216	217
195	216	215
196	197	198
196	197	176
196	197	218
196	195	194
196	195	174
196	195	216
196	175	154
196	175	174
196	175	176
196	217	238
196	217	218
196	217	216
197	198	199
197	198	177
197	198	219
197	196	195
197	196	175
197	196	217
197	176	155
197	176	175
197	176	177
197	218	239
197	218	219
197	218	217
198	199	200
198	199	178
198	199	220
198	197	196
198	197	176
198	197	218
198	177	156
198	177	176
198	177	178
198	219	240
198	219	220
198	219	218
199	200	201
199	200	179
199	200	221
199	198	197
199	198	177
199	198	219
199	178	157
199	178	177
199	178	179
199	220	241
199	220	221
199	220	219
200	201	202
200	201	180
200	201	222
200	199	198
200	199	178
200	199	220
200	179	158
200	179	178
200	179	180
200	221	242
200	221	222
200	221	220
201	202	203
201	202	181
201	202	223
201	200	199
201	200	179
201	200	221
201	180	159
201	180	179
201	180	181
201	222	243
201	222	223
201	222	221
202	203	204
202	203	182
202	203	224
202	201	200
202	201	180
202	201	222
202	181	160
202	181	180
202	181	182
202	223	244
202	223	224
202	223	222
203	204	205
203	204	183
203	204	225
203	202	201
203	202	181
203	202	223
203	182	161
203	182	181
203	182	183
203	224	245
203	224	225
203	224	223
204	205	206
204	205	184
204	205	226
204	203	202
204	203	182
204	203	224
204	183	162
204	183	182
204	183	184
204	225	246
204	225	226
204	225	224
205	206	207
205	206	185
205	206	227
205	204	203
205	204	183
205	204	225
205	184	163
205	184	183
205	184	185
205	226	247
205	226	227
205	226	225
206	207	208
206	207	186
206	207	228
206	205	204
206	205	184
206	205	226
206	185	164
206	185	184
206	185	186
206	227	248
206	227	228
206	227	226
207	208	209
207	208	187
207	208	229
207	206	205
207	206	185
207	206	227
207	186	165
207	186	185
207	186	187
207	228	249
207	228	229
207	228	227
208	209	188
208	209	230
208	207	206
208	207	186
208	207	228
208	187	166
208	187	186
208	187	188
208	229	250
208	229	230
208	229	228
209	208	207
209	208	187
209	208	229
209	188	167
209	188	187
209	230	251
209	230	229
210	211	212
210	211	190
210	211	232
210	189	168
210	189	190
210	231	252
210	231	232
211	212	213
211	212	191
211	212	233
211	210	189
211	210	231
211	190	169
211	190	189
211	190	191
211	232	253
211	232	233
211	232	231
212	213	214
212	213	192
212	213	234
212	211	210
212	211	190
212	211	232
212	191	170
212	191	190
212	191	192
212	233	254
212	233	234
212	233	232
213	214	215
213	214	193
213	214	235
213	212	211
213	212	191
213	212	233
213	192	171
213	192	191
213	192	193
213	234	255
213	234	235
213	234	233
214	215	216
214	215	194
214	215	236
214	213	212
214	213	192
214	213	234
214	193	172
214	193	192
214	193	194
214	235	256
214	235	236
214	235	234
215	216	217
215	216	195
215	216	237
215	214	213
215	214	193
215	214	235
215	194	173
215	194	193
215	194	195
215	236	257
215	236	237
215	236	235
216	217	218
216	217	196
216	217	238
216	215	214
216	215	194
216	215	236
216	195	174
216	195	194
216	195	196
216	237	258
216	237	238
216	237	236
217	218	219
217	218	197
217	218	239
217	216	215
217	216	195
217	216	237
217	196	175
217	196	195
217	196	197
217	238	259
217	238	239
217	238	237
218	219	220
218	219	198
218	219	240
218	217	216
218	217	196
218	217	238
218	197	176
218	197	196
218	197	198
218	239	260
218	239	240
218	239	238
219	220	221
219	220	199
219	220	241
219	218	217
219	218	197
219	218	239
219	198	177
219	198	197
219	198	199
219	240	261
219	240	241
219	240	239
220	221	222
220	221	200
220	221	242
220	219	218
220	219	198
220	219	240
220	199	178
220	199	198
220	199	200
220	241	262
220	241	242
220	241	240
221	222	223
221	222	201
221	222	243
221	220	219
221	220	199
221	220	241
221	200	179
221	200	199
221	200	201
221	242	263
221	242	243
221	242	241
222	223	224
222	223	202
222	223	244
222	221	220
222	221	200
222	221	242
222	201	180
222	201	200
222	201	202
222	243	264
222	243	244
222	243	242
223	224	225
223	224	203
223	224	245
223	222	221
223	222	201
223	222	243
223	202	181
223	202	201
223	202	203
223	244	265
223	244	245
223	244	243
224	225	226
224	225	204
224	225	246
224	223	222
224	223	202
224	223	244
224	203	182
224	203	202
224	203	204
224	245	266
224	245	246
224	245	244
225	226	227
225	226	205
225	226	247
225	224	223
225	224	203
225	224	245
225	204	183
225	204	203
225	204	205
225	246	267
225	246	247
225	246	245
226	227	228
226	227	206
226	227	248
226	225	224
226	225	204
226	225	246
226	205	184
226	205	204
226	205	206
226	247	268
226	247	248
226	247	246
227	228	229
227	228	207
227	228	249
227	226	225
227	226	205
227	226	247
227	206	185
227	206	205
227	206	207
227	248	269
227	248	249
227	248	247
228	229	230
228	229	208
228	229	250
228	227	226
228	227	206
228	227	248
228	207	186
228	207	206
228	207	208
228	249	270
228	249	250
228	249	248
229	230	209
229	230	251
229	228	227
229	228	207
229	228	249
229	208	187
229	208	207
229	208	209
229	250	271
229	250	251
229	250	249
230	229	228
230	229	208
230	229	250
230	209	188
230	209	208
230	251	272
230	251	250
231	232	233
231	232	211
231	232	253
231	210	189
231	210	211
231	252	273
231	252	253
232	233	234
232	233	212
232	233	254
232	231	210
232	231	252
232	211	190
232	211	210
232	211	212
232	253	274
232	253	254
232	253	252
233	234	235
233	234	213
233	234	255
233	232	231
233	232	211
233	232	253
233	212	191
233	212	211
233	212	213
233	254	275
233	254	255
233	254	253
234	235	236
234	235	214
234	235	256
234	233	232
234	233	212
234	233	254
234	213	192
234	213	212
234	213	214
234	255	276
234	255	256
234	255	254
235	236	237
235	236	215
235	236	257
235	234	233
235	234	213
235	234	255
235	214	193
235	214	213
235	214	215
235	256	277
235	256	257
235	256	255
236	237	238
236	237	216
236	237	258
236	235	234
236	235	214
236	235	256
236	215	194
236	215	214
236	215	216
236	257	278
236	257	258
236	257	256
237	238	239
237	238	217
237	238	259
237	236	235
237	236	215
237	236	257
237	216	195
237	216	215
237	216	217
237	258	279
237	258	259
237	258	257
238	239	240
238	239	218
238	239	260
238	237	236
238	237	216
238	237	258
238	217	196
238	217	216
238	217	218
238	259	280
238	259	260
238	259	258
239	240	241
239	240	219
239	240	261
239	238	237
239	238	217
239	238	259
239	218	197
239	218	217
239	218	219
239	260	281
239	260	261
239	260	259
240	241	242
240	241	220
240	241	262
240	239	238
240	239	218
240	239	260
240	219	198
240	219	218
240	219	220
240	261	282
240	261	262
240	261	260
241	242	243
241	242	221
241	242	263
241	240	239
241	240	219
241	240	261
241	220	199
241	220	219
241	220	221
241	262	283
241	262	263
241	262	261
242	243	244
242	243	222
242	243	264
242	241	240
242	241	220
242	241	262
242	221	200
242	221	220
242	221	222
242	263	284
242	263	264
242	263	262
243	244	245
243	244	223
243	244	265
243	242	241
243	242	221
243	242	263
243	222	201
243	222	221
243	222	223
243	264	285
243	264	265
243	264	263
244	245	246
244	245	224
244	245	266
244	243	242
244	243	222
244	243	264
244	223	202
244	223	222
244	223	224
244	265	286
244	265	266
244	265	264
245	246	247
245	246	225
245	246	267
245	244	243
245	244	223
245	244	265
245	224	203
245	224	223
245	224	225
245	266	287
245	266	267
245	266	265
246	247	248
246	247	226
246	247	268
246	245	244
246	245	224
246	245	266
246	225	204
246	225	224
246	225	226
246	267	288
246	267	268
246	267	266
247	248	249
247	248	227
247	248	269
247	246	245
247	246	225
247	246	267
247	226	205
247	226	225
247	226	227
247	268	289
247	268	269
247	268	267
248	249	250
248	249	228
248	249	270
248	247	246
248	247	226
248	247	268
248	227	206
248	227	226
248	227	228
248	269	290
248	269	270
248	269	268
249	250	251
249	250	229
249	250	271
249	248	247
249	248	227
249	248	269
249	228	207
249	228	227
249	228	229
249	270	291
249	270	271
249	270	269
250	251	230
250	251	272
250	249	248
250	249	228
250	249	270
250	229	208
250	229	228
250	229	230
250	271	292
250	271	272
250	271	270
251	250	249
251	250	229
251	250	271
251	230	209
251	230	229
251	272	293
251	272	271
252	253	254
252	253	232
252	253	274
252	231	210
252	231	232
252	273	294
252	273	274
253	254	255
253	254	233
253	254	275
253	252	231
253	252	273
253	232	211
253	232	231
253	232	233
253	274	295
253	274	275
253	274	273
254	255	256
254	255	234
254	255	276
254	253	252
254	253	232
254	253	274
254	233	212
254	233	232
254	233	234
254	275	296
254	275	276
254	275	274
255	256	257
255	256	235
255	256	277
255	254	253
255	254	233
255	254	275
255	234	213
255	234	233
255	234	235
255	276	297
255	276	277
255	276	275
256	257	258
256	257	236
256	257	278
256	255	254
256	255	234
256	255	276
256	235	214
256	235	234
256	235	236
256	277	298
256	277	278
256	277	276
257	258	259
257	258	237
257	258	279
257	256	255
257	256	235
257	256	277
257	236	215
257	236	235
257	236	237
257	278	299
257	278	279
257	278	277
258	259	260
258	259	238
258	259	280
258	257	256
258	257	236
258	257	278
258	237	216
258	237	236
258	237	238
258	279	300
258	279	280
258	279	278
259	260	261
259	260	239
259	260	281
259	258	257
259	258	237
259	258	279
259	238	217
259	238	237
259	238	239
259	280	301
259	280	281
259	280	279
260	261	262
260	261	240
260	261	282
260	259	258
260	259	238
260	259	280
260	239	218
260	239	238
260	239	240
260	281	302
260	281	282
260	281	280
261	262	263
261	262	241
261	262	283
261	260	259
261	260	239
261	260	281
261	240	219
261	240	239
261	240	241
261	282	303
261	282	283
261	282	281
262	263	264
262	263	242
262	263	284
262	261	260
262	261	240
262	261	282
262	241	220
262	241	240
262	241	242
262	283	304
262	283	284
262	283	282
263	264	265
263	264	243
263	264	285
263	262	261
263	262	241
263	262	283
263	242	221
263	242	241
263	242	243
263	284	305
263	284	285
263	284	283
264	265	266
264	265	244
264	265	286
264	263	262
264	263	242
264	263	284
264	243	222
264	243	242
264	243	244
264	285	306
264	285	286
264	285	284
265	266	267
265	266	245
265	266	287
265	264	263
265	264	243
265	264	285
265	244	223
265	244	243
265	244	245
265	286	307
265	286	287
265	286	285
266	267	268
266	267	246
266	267	288
266	265	264
266	265	244
266	265	286
266	245	224
266	245	244
266	245	246
266	287	308
266	287	288
266	287	286
267	268	269
267	268	247
267	268	289
267	266	265
267	266	245
267	266	287
267	246	225
267	246	245
267	246	247
267	288	309
267	288	289
267	288	287
268	269	270
268	269	248
268	269	290
268	267	266
268	267	246
268	267	288
268	247	226
268	247	246
268	247	248
268	289	310
268	289	290
268	289	288
269	270	271
269	270	249
269	270	291
269	268	267
269	268	247
269	268	289
269	248	227
269	248	247
269	248	249
269	290	311
269	290	291
269	290	289
270	271	272
270	271	250
270	271	292
270	269	268
270	269	248
270	269	290
270	249	228
270	249	248
270	249	250
270	291	312
270	291	292
270	291	290
271	272	251
271	272	293
271	270	269
271	270	249
271	270	291
271	250	229
271	250	249
271	250	251
271	292	313
271	292	293
271	292	291
272	271	270
272	271	250
272	271	292
272	251	230
272	251	250
272	293	314
272	293	292
273	274	275
273	274	253
273	274	295
273	252	231
273	252	253
273	294	315
273	294	295
274	275	276
274	275	254
274	275	296
274	273	252
274	273	294
274	253	232
274	253	252
274	253	254
274	295	316
274	295	296
274	295	294
275	276	277
275	276	255
275	276	297
275	274	273
275	274	253
275	274	295
275	254	233
275	254	253
275	254	255
275	296	317
275	296	297
275	296	295
276	277	278
276	277	256
276	277	298
276	275	274
276	275	254
276	275	296
276	255	234
276	255	254
276	255	256
276	297	318
276	297	298
276	297	296
277	278	279
277	278	257
277	278	299
277	276	275
277	276	255
277	276	297
277	256	235
277	256	255
277	256	257
277	298	319
277	298	299
277	298	297
278	279	280
278	279	258
278	279	300
278	277	276
278	277	256
278	277	298
278	257	236
278	257	256
278	257	258
278	299	320
278	299	300
278	299	298
279	280	281
279	280	259
279	280	301
279	278	277
279	278	257
279	278	299
279	258	237
279	258	257
279	258	259
279	300	321
279	300	301
279	300	299
280	281	282
280	281	260
280	281	302
280	279	278
280	279	258
280	279	300
280	259	238
280	259	258
280	259	260
280	301	322
280	301	302
280	301	300
281	282	283
281	282	261
281	282	303
281	280	279
281	280	259
281	280	301
281	260	239
281	260	259
281	260	261
281	302	323
281	302	303
281	302	301
282	283	284
282	283	262
282	283	304
282	281	280
282	281	260
282	281	302
282	261	240
282	261	260
282	261	262
282	303	324
282	303	304
282	303	302
283	284	285
283	284	263
283	284	305
283	282	281
283	282	261
283	282	303
283	262	241
283	262	261
283	262	263
283	304	325
283	304	305
283	304	303
284	285	286
284	285	264
284	285	306
284	283	282
284	283	262
284	283	304
284	263	242
284	263	262
284	263	264
284	305	326
284	305	306
284	305	304
285	286	287
285	286	265
285	286	307
285	284	283
285	284	263
285	284	305
285	264	243
285	264	263
285	264	265
285	306	327
285	306	307
285	306	305
286	287	288
286	287	266
286	287	308
286	285	284
286	285	264
286	285	306
286	265	244
286	265	264
286	265	266
286	307	328
286	307	308
286	307	306
287	288	289
287	288	267
287	288	309
287	286	285
287	286	265
287	286	307
287	266	245
287	266	265
287	266	267
287	308	329
287	308	309
287	308	307
288	289	290
288	289	268
288	289	310
288	287	286
288	287	266
288	287	308
288	267	246
288	267	266
288	267	268
288	309	330
288	309	310
288	309	308
289	290	291
289	290	269
289	290	311
289	288	287
289	288	267
289	288	309
289	268	247
289	268	267
289	268	269
289	310	331
289	310	311
289	310	309
290	291	292
290	291	270
290	291	312
290	289	288
290	289	268
290	289	310
290	269	248
290	269	268
290	269	270
290	311	332
290	311	312
290	311	310
291	292	293
291	292	271
291	292	313
291	290	289
291	290	269
291	290	311
291	270	249
291	270	269
291	270	271
291	312	333
291	312	313
291	312	311
292	293	272
292	293	314
292	291	290
292	291	270
292	291	312
292	271	250
292	271	270
292	271	272
292	313	334
292	313	314
292	313	312
293	292	291
293	292	271
293	292	313
293	272	251
293	272	271
293	314	335
293	314	313
294	295	296
294	295	274
294	295	316
294	273	252
294	273	274
294	315	336
294	315	316
295	296	297
295	296	275
295	296	317
295	294	273
295	294	315
295	274	253
295	274	273
295	274	275
295	316	337
295	316	317
295	316	315
296	297	298
296	297	276
296	297	318
296	295	294
296	295	274
296	295	316
296	275	254
296	275	274
296	275	276
296	317	338
296	317	318
296	317	316
297	298	299
297	298	277
297	298	319
297	296	295
297	296	275
297	296	317
297	276	255
297	276	275
297	276	277
297	318	339
297	318	319
297	318	317
298	299	300
298	299	278
298	299	320
298	297	296
298	297	276
298	297	318
298	277	256
298	277	276
298	277	278
298	319	340
298	319	320
298	319	318
299	300	301
299	300	279
299	300	321
299	298	297
299	298	277
299	298	319
299	278	257
299	278	277
299	278	279
299	320	341
299	320	321
299	320	319
300	301	302
300	301	280
300	301	322
300	299	298
300	299	278
300	299	320
300	279	258
300	279	278
300	279	280
300	321	342
300	321	322
300	321	320
301	302	303
301	302	281
301	302	323
301	300	299
301	300	279
301	300	321
301	280	259
301	280	279
301	280	281
301	322	343
301	322	323
301	322	321
302	303	304
302	303	282
302	303	324
302	301	300
302	301	280
302	301	322
302	281	260
302	281	280
302	281	282
302	323	344
302	323	324
302	323	322
303	304	305
303	304	283
303	304	325
303	302	301
303	302	281
303	302	323
303	282	261
303	282	281
303	282	283
303	324	345
303	324	325
303	324	323
304	305	306
304	305	284
304	305	326
304	303	302
304	303	282
304	303	324
304	283	262
304	283	282
304	283	284
304	325	346
304	325	326
304	325	324
305	306	307
305	306	285
305	306	327
305	304	303
305	304	283
305	304	325
305	284	263
305	284	283
305	284	285
305	326	347
305	326	327
305	326	325
306	307	308
306	307	286
306	307	328
306	305	304
306	305	284
306	305	326
306	285	264
306	285	284
306	285	286
306	327	348
306	327	328
306	327	326
307	308	309
307	308	287
307	308	329
307	306	305
307	306	285
307	306	327
307	286	265
307	286	285
307	286	287
307	328	349
307	328	329
307	328	327
308	309	310
308	309	288
308	309	330
308	307	306
308	307	286
308	307	328
308	287	266
308	287	286
308	287	288
308	329	350
308	329	330
308	329	328
309	310	311
309	310	289
309	310	331
309	308	307
309	308	287
309	308	329
309	288	267
309	288	287
309	288	289
309	330	351
309	330	331
309	330	329
310	311	312
310	311	290
310	311	332
310	309	308
310	309	288
310	309	330
310	289	268
310	289	288
310	289	290
310	331	352
310	331	332
310	331	330
311	312	313
311	312	291
311	312	333
311	310	309
311	310	289
311	310	331
311	290	269
311	290	289
311	290	291
311	332	353
311	332	333
311	332	331
312	313	314
312	313	292
312	313	334
312	311	310
312	311	290
312	311	332
312	291	270
312	291	290
312	291	292
312	333	354
312	333	334
312	333	332
313	314	293
313	314	335
313	312	311
313	312	291
313	312	333
313	292	271
313	292	291
313	292	293
313	334	355
313	334	335
313	334	333
314	313	312
314	313	292
314	313	334
314	293	272
314	293	292
314	335	356
314	335	334
315	316	317
315	316	295
315	316	337
315	294	273
315	294	295
315	336	357
315	336	337
316	317	318
316	317	296
316	317	338
316	315	294
316	315	336
316	295	274
316	295	294
316	295	296
316	337	358
316	337	338
316	337	336
317	318	319
317	318	297
317	318	339
317	316	315
317	316	295
317	316	337
317	296	275
317	296	295
317	296	297
317	338	359
317	338	339
317	338	337
318	319	320
318	319	298
318	319	340
318	317	316
318	317	296
318	317	338
318	297	276
318	297	296
318	297	298
318	339	360
318	339	340
318	339	338
319	320	321
319	320	299
319	320	341
319	318	317
319	318	297
319	318	339
319	298	277
319	298	297
319	298	299
319	340	361
319	340	341
319	340	339
320	321	322
320	321	300
320	321	342
320	319	318
320	319	298
320	319	340
320	299	278
320	299	298
320	299	300
320	341	362
320	341	342
320	341	340
321	322	323
321	322	301
321	322	343
321	320	319
321	320	299
321	320	341
321	300	279
321	300	299
321	300	301
321	342	363
321	342	343
321	342	341
322	323	324
322	323	302
322	323	344
322	321	320
322	321	300
322	321	342
322	301	280
322	301	300
322	301	302
322	343	364
322	343	344
322	343	342
323	324	325
323	324	303
323	324	345
323	322	321
323	322	301
323	322	343
323	302	281
323	302	301
323	302	303
323	344	365
323	344	345
323	344	343
324	325	326
324	325	304
324	325	346
324	323	322
324	323	302
324	323	344
324	303	282
324	303	302
324	303	304
324	345	366
324	345	346
324	345	344
325	326	327
325	326	305
325	326	347
325	324	323
325	324	303
325	324	345
325	304	283
325	304	303
325	304	305
325	346	367
325	346	347
325	346	345
326	327	328
326	327	306
326	327	348
326	325	324
326	325	304
326	325	346
326	305	284
326	305	304
326	305	306
326	347	368
326	347	348
326	347	346
327	328	329
327	328	307
327	328	349
327	326	325
327	326	305
327	326	347
327	306	285
327	306	305
327	306	307
327	348	369
327	348	349
327	348	347
328	329	330
328	329	308
328	329	350
328	327	326
328	327	306
328	327	348
328	307	286
328	307	306
328	307	308
328	349	370
328	349	350
328	349	348
329	330	331
329	330	309
329	330	351
329	328	327
329	328	307
329	328	349
329	308	287
329	308	307
329	308	309
329	350	371
329	350	351
329	350	349
330	331	332
330	331	310
330	331	352
330	329	328
330	329	308
330	329	350
330	309	288
330	309	308
330	309	310
330	351	372
330	351	352
330	351	350
331	332	333
331	332	311
331	332	353
331	330	329
331	330	309
331	330	351
331	310	289
331	310	309
331	310	311
331	352	373
331	352	353
331	352	351
332	333	334
332	333	312
332	333	354
332	331	330
332	331	310
332	331	352
332	311	290
332	311	310
332	311	312
332	353	374
332	353	354
332	353	352
333	334	335
333	334	313
333	334	355
333	332	331
333	332	311
333	332	353
333	312	291
333	312	311
333	312	313
333	354	375
333	354	355
333	354	353
334	335	314
334	335	356
334	333	332
334	333	312
334	333	354
334	313	292
334	313	312
334	313	314
334	355	376
334	355	356
334	355	354
335	334	333
335	334	313
335	334	355
335	314	293
335	314	313
335	356	377
335	356	355
336	337	338
336	337	316
336	337	358
336	315	294
336	315	316
336	357	378
336	357	358
337	338	339
337	338	317
337	338	359
337	336	315
337	336	357
337	316	295
337	316	315
337	316	317
337	358	379
337	358	359
337	358	357
338	339	340
338	339	318
338	339	360
338	337	336
338	337	316
338	337	358
338	317	296
338	317	316
338	317	318
338	359	380
338	359	360
338	359	358
339	340	341
339	340	319
339	340	361
339	338	337
339	338	317
339	338	359
339	318	297
339	318	317
339	318	319
339	360	381
339	360	361
339	360	359
340	341	342
340	341	320
340	341	362
340	339	338
340	339	318
340	339	360
340	319	298
340	319	318
340	319	320
340	361	382
340	361	362
340	361	360
341	342	343
341	342	321
341	342	363
341	340	339
341	340	319
341	340	361
341	320	299
341	320	319
341	320	321
341	362	383
341	362	363
341	362	361
342	343	344
342	343	322
342	343	364
342	341	340
342	341	320
342	341	362
342	321	300
342	321	320
342	321	322
342	363	384
342	363	364
342	363	362
343	344	345
343	344	323
343	344	365
343	342	341
343	342	321
343	342	363
343	322	301
343	322	321
343	322	323
343	364	385
343	364	365
343	364	363
344	345	346
344	345	324
344	345	366
344	343	342
344	343	322
344	343	364
344	323	302
344	323	322
344	323	324
344	365	386
344	365	366
344	365	364
345	346	347
345	346	325
345	346	367
345	344	343
345	344	323
345	344	365
345	324	303
345	324	323
345	324	325
345	366	387
345	366	367
345	366	365
346	347	348
346	347	326
346	347	368
346	345	344
346	345	324
346	345	366
346	325	304
346	325	324
346	325	326
346	367	388
346	367	368
346	367	366
347	348	349
347	348	327
347	348	369
347	346	345
347	346	325
347	346	367
347	326	305
347	326	325
347	326	327
347	368	389
347	368	369
347	368	367
348	349	350
348	349	328
348	349	370
348	347	346
348	347	326
348	347	368
348	327	306
348	327	326
348	327	328
348	369	390
348	369	370
348	369	368
349	350	351
349	350	329
349	350	371
349	348	347
349	348	327
349	348	369
349	328	307
349	328	327
349	328	329
349	370	391
349	370	371
349	370	369
350	351	352
350	351	330
350	351	372
350	349	348
350	349	328
350	349	370
350	329	308
350	329	328
350	329	330
350	371	392
350	371	372
350	371	370
351	352	353
351	352	331
351	352	373
351	350	349
351	350	329
351	350	371
351	330	309
351	330	329
351	330	331
351	372	393
351	372	373
351	372	371
352	353	354
352	353	332
352	353	374
352	351	350
352	351	330
352	351	372
352	331	310
352	331	330
352	331	332
352	373	394
352	373	374
352	373	372
353	354	355
353	354	333
353	354	375
353	352	351
353	352	331
353	352	373
353	332	311
353	332	331
353	332	333
353	374	395
353	374	375
353	374	373
354	355	356
354	355	334
354	355	376
354	353	352
354	353	332
354	353	374
354	333	312
354	333	332
354	333	334
354	375	396
354	375	376
354	375	374
355	356	335
355	356	377
355	354	353
355	354	333
355	354	375
355	334	313
355	334	333
355	334	335
355	376	397
355	376	377
355	376	375
356	355	354
356	355	334
356	355	376
356	335	314
356	335	334
356	377	398
356	377	376
357	358	359
357	358	337
357	358	379
357	336	315
357	336	337
357	378	399
357	378	379
358	359	360
358	359	338
358	359	380
358	357	336
358	357	378
358	337	316
358	337	336
358	337	338
358	379	400
358	379	380
358	379	378
359	360	361
359	360	339
359	360	381
359	358	357
359	358	337
359	358	379
359	338	317
359	338	337
359	338	339
359	380	401
359	380	381
359	380	379
360	361	362
360	361	340
360	361	382
360	359	358
360	359	338
360	359	380
360	339	318
360	339	338
360	339	340
360	381	402
360	381	382
360	381	380
361	362	363
361	362	341
361	362	383
361	360	359
361	360	339
361	360	381
361	340	319
361	340	339
361	340	341
361	382	403
361	382	383
361	382	381
362	363	364
362	363	342
362	363	384
362	361	360
362	361	340
362	361	382
362	341	320
362	341	340
362	341	342
362	383	404
362	383	384
362	383	382
363	364	365
363	364	343
363	364	385
363	362	361
363	362	341
363	362	383
363	342	321
363	342	341
363	342	343
363	384	405
363	384	385
363	384	383
364	365	366
364	365	344
364	365	386
364	363	362
364	363	342
364	363	384
364	343	322
364	343	342
364	343	344
364	385	406
364	385	386
364	385	384
365	366	367
365	366	345
365	366	387
365	364	363
365	364	343
365	364	385
365	344	323
365	344	343
365	344	345
365	386	407
365	386	387
365	386	385
366	367	368
366	367	346
366	367	388
366	365	364
366	365	344
366	365	386
366	345	324
366	345	344
366	345	346
366	387	408
366	387	388
366	387	386
367	368	369
367	368	347
367	368	389
367	366	365
367	366	345
367	366	387
367	346	325
367	346	345
367	346	347
367	388	409
367	388	389
367	388	387
368	369	370
368	369	348
368	369	390
368	367	366
368	367	346
368	367	388
368	347	326
368	347	346
368	347	348
368	389	410
368	389	390
368	389	388
369	370	371
369	370	349
369	370	391
369	368	367
369	368	347
369	368	389
369	348	327
369	348	347
369	348	349
369	390	411
369	390	391
369	390	389
370	371	372
370	371	350
370	371	392
370	369	368
370	369	348
370	369	390
370	349	328
370	349	348
370	349	350
370	391	412
370	391	392
370	391	390
371	372	373
371	372	351
371	372	393
371	370	369
371	370	349
371	370	391
371	350	329
371	350	349
371	350	351
371	392	413
371	392	393
371	392	391
372	373	374
372	373	352
372	373	394
372	371	370
372	371	350
372	371	392
372	351	330
372	351	350
372	351	352
372	393	414
372	393	394
372	393	392
373	374	375
373	374	353
373	374	395
373	372	371
373	372	351
373	372	393
373	352	331
373	352	351
373	352	353
373	394	415
373	394	395
373	394	393
374	375	376
374	375	354
374	375	396
374	373	372
374	373	352
374	373	394
374	353	332
374	353	352
374	353	354
374	395	416
374	395	396
374	395	394
375	376	377
375	376	355
375	376	397
375	374	373
375	374	353
375	374	395
375	354	333
375	354	353
375	354	355
375	396	417
375	396	397
375	396	395
376	377	356
376	377	398
376	375	374
376	375	354
376	375	396
376	355	334
376	355	354
376	355	356
376	397	418
376	397	398
376	397	396
377	376	375
377	376	355
377	376	397
377	356	335
377	356	355
377	398	419
377	398	397
378	379	380
378	379	358
378	379	400
378	357	336
378	357	358
378	399	420
378	399	400
379	380	381
379	380	359
379	380	401
379	378	357
379	378	399
379	358	337
379	358	357
379	358	359
379	400	421
379	400	401
379	400	399
380	381	382
380	381	360
380	381	402
380	379	378
380	379	358
380	379	400
380	359	338
380	359	358
380	359	360
380	401	422
380	401	402
380	401	400
381	382	383
381	382	361
381	382	403
381	380	379
381	380	359
381	380	401
381	360	339
381	360	359
381	360	361
381	402	423
381	402	403
381	402	401
382	383	384
382	383	362
382	383	404
382	381	380
382	381	360
382	381	402
382	361	340
382	361	360
382	361	362
382	403	424
382	403	404
382	403	402
383	384	385
383	384	363
383	384	405
383	382	381
383	382	361
383	382	403
383	362	341
383	362	361
383	362	363
383	404	425
383	404	405
383	404	403
384	385	386
384	385	364
384	385	406
384	383	382
384	383	362
384	383	404
384	363	342
384	363	362
384	363	364
384	405	426
384	405	406
384	405	404
385	386	387
385	386	365
385	386	407
385	384	383
385	384	363
385	384	405
385	364	343
385	364	363
385	364	365
385	406	427
385	406	407
385	406	405
386	387	388
386	387	366
386	387	408
386	385	384
386	385	364
386	385	406
386	365	344
386	365	364
386	365	366
386	407	428
386	407	408
386	407	406
387	388	389
387	388	367
387	388	409
387	386	385
387	386	365
387	386	407
387	366	345
387	366	365
387	366	367
387	408	429
387	408	409
387	408	407
388	389	390
388	389	368
388	389	410
388	387	386
388	387	366
388	387	408
388	367	346
388	367	366
388	367	368
388	409	430
388	409	410
388	409	408
389	390	391
389	390	369
389	390	411
389	388	387
389	388	367
389	388	409
389	368	347
389	368	367
389	368	369
389	410	431
389	410	411
389	410	409
390	391	392
390	391	370
390	391	412
390	389	388
390	389	368
390	389	410
390	369	348
390	369	368
390	369	370
390	411	432
390	411	412
390	411	410
391	392	393
391	392	371
391	392	413
391	390	389
391	390	369
391	390	411
391	370	349
391	370	369
391	370	371
391	412	433
391	412	413
391	412	411
392	393	394
392	393	372
392	393	414
392	391	390
392	391	370
392	391	412
392	371	350
392	371	370
392	371	372
392	413	434
392	413	414
392	413	412
393	394	395
393	394	373
393	394	415
393	392	391
393	392	371
393	392	413
393	372	351
393	372	371
393	372	373
393	414	435
393	414	415
393	414	413
394	395	396
394	395	374
394	395	416
394	393	392
394	393	372
394	393	414
394	373	352
394	373	372
394	373	374
394	415	436
394	415	416
394	415	414
395	396	397
395	396	375
395	396	417
395	394	393
395	394	373
395	394	415
395	374	353
395	374	373
395	374	375
395	416	437
395	416	417
395	416	415
396	397	398
396	397	376
396	397	418
396	395	394
396	395	374
396	395	416
396	375	354
396	375	374
396	375	376
396	417	438
396	417	418
396	417	416
397	398	377
397	398	419
397	396	395
397	396	375
397	396	417
397	376	355
397	376	375
397	376	377
397	418	439
397	418	419
397	418	417
398	397	396
398	397	376
398	397	418
398	377	356
398	377	376
398	419	440
398	419	418
399	400	401
399	400	379
399	400	421
399	378	357
399	378	379
399	420	421
400	401	402
400	401	380
400	401	422
400	399	378
400	399	420
400	379	358
400	379	378
400	379	380
400	421	422
400	421	420
401	402	403
401	402	381
401	402	423
401	400	399
401	400	379
401	400	421
401	380	359
401	380	379
401	380	381
401	422	423
401	422	421
402	403	404
402	403	382
402	403	424
402	401	400
402	401	380
402	401	422
402	381	360
402	381	380
402	381	382
402	423	424
402	423	422
403	404	405
403	404	383
403	404	425
403	402	401
403	402	381
403	402	423
403	382	361
403	382	381
403	382	383
403	424	425
403	424	423
404	405	406
404	405	384
404	405	426
404	403	402
404	403	382
404	403	424
404	383	362
404	383	382
404	383	384
404	425	426
404	425	424
405	406	407
405	406	385
405	406	427
405	404	403
405	404	383
405	404	425
405	384	363
405	384	383
405	384	385
405	426	427
405	426	425
406	407	408
406	407	386
406	407	428
406	405	404
406	405	384
406	405	426
406	385	364
406	385	384
406	385	386
406	427	428
406	427	426
407	408	409
407	408	387
407	408	429
407	406	405
407	406	385
407	406	427
407	386	365
407	386	385
407	386	387
407	428	429
407	428	427
408	409	410
408	409	388
408	409	430
408	407	406
408	407	386
408	407	428
408	387	366
408	387	386
408	387	388
408	429	430
408	429	428
409	410	411
409	410	389
409	410	431
409	408	407
409	408	387
409	408	429
409	388	367
409	388	387
409	388	389
409	430	431
409	430	429
410	411	412
410	411	390
410	411	432
410	409	408
410	409	388
410	409	430
410	389	368
410	389	388
410	389	390
410	431	432
410	431	430
411	412	413
411	412	391
411	412	433
411	410	409
411	410	389
411	410	431
411	390	369
411	390	389
411	390	391
411	432	433
411	432	431
412	413	414
412	413	392
412	413	434
412	411	410
412	411	390
412	411	432
412	391	370
412	391	390
412	391	392
412	433	434
412	433	432
413	414	415
413	414	393
413	414	435
413	412	411
413	412	391
413	412	433
413	392	371
413	392	391
413	392	393
413	434	435
413	434	433
414	415	416
414	415	394
414	415	436
414	413	412
414	413	392
414	413	434
414	393	372
414	393	392
414	393	394
414	435	436
414	435	434
415	416	417
415	416	395
415	416	437
415	414	413
415	414	393
415	414	435
415	394	373
415	394	393
415	394	395
415	436	437
415	436	435
416	417	418
416	417	396
416	417	438
416	415	414
416	415	394
416	415	436
416	395	374
416	395	394
416	395	396
416	437	438
416	437	436
417	418	419
417	418	397
417	418	439
417	416	415
417	416	395
417	416	437
417	396	375
417	396	395
417	396	397
417	438	439
417	438	437
418	419	398
418	419	440
418	417	416
418	417	396
418	417	438
418	397	376
418	397	396
418	397	398
418	439	440
418	439	438
419	418	417
419	418	397
419	418	439
419	398	377
419	398	397
419	440	439
420	421	422
420	421	400
420	399	378
420	399	400
421	422	423
421	422	401
421	420	399
421	400	379
421	400	399
421	400	401
422	423	424
422	423	402
422	421	420
422	421	400
422	401	380
422	401	400
422	401	402
423	424	425
423	424	403
423	422	421
423	422	401
423	402	381
423	402	401
423	402	403
424	425	426
424	425	404
424	423	422
424	423	402
424	403	382
424	403	402
424	403	404
425	426	427
425	426	405
425	424	423
425	424	403
425	404	383
425	404	403
425	404	405
426	427	428
426	427	406
426	425	424
426	425	404
426	405	384
426	405	404
426	405	406
427	428	429
427	428	407
427	426	425
427	426	405
427	406	385
427	406	405
427	406	407
428	429	430
428	429	408
428	427	426
428	427	406
428	407	386
428	407	406
428	407	408
429	430	431
429	430	409
429	428	427
429	428	407
429	408	387
429	408	407
429	408	409
430	431	432
430	431	410
430	429	428
430	429	408
430	409	388
430	409	408
430	409	410
431	432	433
431	432	411
431	430	429
431	430	409
431	410	389
431	410	409
431	410	411
432	433	434
432	433	412
432	431	430
432	431	410
432	411	390
432	411	410
432	411	412
433	434	435
433	434	413
433	432	431
433	432	411
433	412	391
433	412	411
433	412	413
434	435	436
434	435	414
434	433	432
434	433	412
434	413	392
434	413	412
434	413	414
435	436	437
435	436	415
435	434	433
435	434	413
435	414	393
435	414	413
435	414	415
436	437	438
436	437	416
436	435	434
436	435	414
436	415	394
436	415	414
436	415	416
437	438	439
437	438	417
437	436	435
437	436	415
437	416	395
437	416	415
437	416	417
438	439	440
438	439	418
438	437	436
438	437	416
438	417	396
438	417	416
438	417	418
439	440	419
439	438	437
439	438	417
439	418	397
439	418	417
439	418	419
440	439	438
440	439	418
440	419	398
440	419	418
