tdcrNmS_CO2R <- matrix(ncol=200, nrow=39)
tdcrNmS_CO2R[,3] <- c(19765481, 8258273, 19251517, 692221, 3490922, 14998130, 4004886, 22564455, 23256403, 763, 27, 0, 12915209626, 1294206859, 25802, 6062, 372353418, 23981333, 13613563, 3049210, 262511689, 117511536, 201, 572, 8523631, 1995233, 134711, 442307, 36, 2, 931057, 10080, 937021, 0, 22554, 943531, 16590, 953611, 953611)
tdcrNmS_CO2R[,4] <- c(29227873, 13712005, 29400955, 639210, 3510384, 19026441, 3337302, 32106332, 32738257, 778, 37, 0, 12058417468, 1310953035, 15969, 7672, 389656138, 20538037, 7923226, 2874867, 767767955, 44680894, 295, 172, 27137956, 996913, 204671, 129577, 55, 1, 939247, 31878, 939247, 0, 0, 907369, 0, 939247, 939247)
tdcrNmS_CO2R[,5] <- c(24608409, 8333962, 23184985, 393849, 8025751, 24300198, 9449175, 32253543, 32634160, 760, 33, 0, 13073270867, 1442482567, 27013, 5468, 373939584, 29047401, 16708612, 3991428, 666818103, 184292512, 459, 1193, 22147420, 1986665, 308457, 883591, 50, 2, 945400, 101136, 945400, 0, 8673, 852937, 8673, 954073, 954073)
tdcrNmS_CO2R[,6] <- c(19261907, 10513593, 19643647, 8709429, 3931267, 12679581, 3549527, 14551804, 23193174, 754, 33, 0, 16703797121, 983876333, 24467, 3114, 521034844, 24904605, 10700839, 1262356, 714687668, 34661634, 474, 55, 23800891, 1020917, 329319, 40714, 35, 2, 945064, 29001, 945064, 27195, 13419, 929482, 13419, 931288, 958483)
tdcrNmS_CO2R[,7] <- c(24879419, 15116779, 25207271, 1457608, 5759382, 15522022, 5431530, 29221219, 30638801, 799, 38, 0, 12171349430, 1149293054, 14426, 5061, 397697657, 22574555, 7233078, 2362637, 263488747, 92835350, 109, 348, 9226125, 1989794, 76088, 260085, 36, 2, 910246, 0, 910246, 0, 9765, 920011, 9765, 920011, 920011)
tdcrNmS_CO2R[,8] <- c(30301451, 12688564, 30678586, 1025731, 4090029, 21705730, 3712894, 33375754, 34391480, 761, 36, 0, 12706638418, 864834775, 19890, 3564, 393367655, 18878616, 10474958, 1864566, 624775527, 44009675, 358, 120, 21320483, 999391, 241806, 131520, 40, 1, 906214, 0, 906214, 1029, 2226, 908440, 2226, 907411, 908440)
tdcrNmS_CO2R[,9] <- c(26673032, 10615025, 25620403, 913226, 8675757, 24735402, 9728344, 34496841, 35348747, 769, 37, 0, 12026158730, 1582093069, 21219, 6297, 365000345, 30864031, 12028672, 3943014, 206022607, 67889364, 91, 362, 7161331, 997774, 64507, 278893, 36, 1, 934795, 228648, 934795, 0, 0, 706147, 0, 934795, 934795)
tdcrNmS_CO2R[,11] <- c(21831999, 11472814, 21359414, 2366117, 7013547, 17371577, 7484977, 26522343, 28844391, 758, 46, 0, 11592292011, 1646400362, 16595, 8249, 365549516, 27208042, 9774059, 4335666, 269843993, 179200352, 116, 939, 9406178, 2990487, 81909, 704966, 36, 3, 946177, 212667, 946177, 0, 0, 733510, 0, 946177, 946177)
tdcrNmS_CO2R[,12] <- c(24341145, 9912850, 24629284, 10587817, 5566370, 19995757, 5278231, 19373363, 29907515, 747, 47, 0, 12292581406, 1346815692, 20630, 7306, 376176406, 20690528, 11231285, 4436112, 490055840, 273786580, 218, 1455, 17060936, 3990991, 151262, 1149468, 32, 4, 949495, 0, 949495, 0, 0, 949495, 0, 949495, 949495)
tdcrNmS_CO2R[,13] <- c(24112035, 9285764, 24300360, 1323783, 6597933, 21424204, 6409608, 29425890, 30709968, 782, 46, 0, 12159925701, 1767223859, 15936, 5585, 389379297, 41371893, 8176638, 3341321, 435460793, 148583600, 241, 589, 14965728, 2979525, 162319, 479429, 42, 3, 955627, 0, 955627, 0, 0, 955627, 0, 955627, 955627)
tdcrNmS_CO2R[,14] <- c(21924386, 10951197, 22591178, 1679551, 4214104, 15188280, 3547249, 24489196, 26138427, 812, 46, 0, 15480002548, 1373852039, 21609, 6296, 482685957, 27692157, 9948313, 2112793, 855793854, 122499747, 554, 124, 28387533, 3910330, 394523, 95796, 48, 4, 943153, 40656, 943153, 0, 0, 902497, 0, 943153, 943153)
tdcrNmS_CO2R[,15] <- c(27479368, 7635670, 27295594, 9389271, 3232702, 23076400, 3416476, 21411648, 30712070, 789, 39, 0, 16845796766, 1581033057, 19336, 9384, 556025546, 28542546, 10754531, 4401040, 940640783, 176284568, 368, 817, 33205103, 2994708, 251698, 637481, 46, 3, 931288, 103824, 931288, 0, 0, 827464, 0, 931288, 931288)
tdcrNmS_CO2R[,16] <- c(18847858, 5578235, 17826100, 516280, 4335137, 17606209, 5356895, 22681312, 23182995, 742, 46, 0, 11108388475, 1504389582, 15519, 5544, 353885125, 30847534, 8733069, 4149750, 161785030, 124481323, 81, 711, 5531511, 1986518, 55720, 529807, 35, 2, 940528, 137529, 940528, 0, 1050, 804049, 1050, 941578, 941578)
tdcrNmS_CO2R[,18] <- c(14956466, 7473891, 13981497, 3182001, 6068987, 13550134, 7042528, 17870962, 21024025, 773, 37, 0, 12082672137, 875251276, 19819, 2693, 376380017, 19348864, 9849993, 2176617, 374010580, 53914632, 185, 251, 12995410, 998488, 126098, 191329, 47, 2, 880636, 23121, 880636, 1785, 7644, 865159, 7644, 886495, 888280)
tdcrNmS_CO2R[,19] <- c(22464374, 8761797, 21111931, 2911424, 6301057, 20003634, 7653500, 25919594, 28765431, 747, 41, 0, 10888591875, 1720854260, 16971, 8773, 343783526, 29571650, 8764708, 5682782, 209175193, 288644401, 86, 1994, 7291792, 3994897, 60816, 1463179, 45, 4, 950209, 371931, 947500, 0, 0, 578278, 2709, 950209, 950209)
tdcrNmS_CO2R[,20] <- c(25429767, 7066949, 23958967, 1498674, 3625107, 21987022, 5094899, 27572204, 29053866, 733, 45, 0, 14172285467, 2585467423, 36210, 13701, 383121838, 41150133, 21152914, 7254055, 685068518, 98899897, 405, 653, 23069214, 999286, 271566, 503061, 42, 1, 937987, 85680, 937987, 0, 0, 852307, 0, 937987, 937987)
tdcrNmS_CO2R[,21] <- c(22597935, 8018774, 22049855, 201597, 6006945, 20586106, 6555025, 28453131, 28604880, 770, 33, 0, 12227865438, 1358171086, 22292, 6171, 374758062, 26757330, 12185861, 3755795, 409703979, 66311831, 183, 412, 14260905, 997102, 126706, 312042, 43, 1, 914866, 17220, 914866, 0, 0, 897646, 0, 914866, 914866)
tdcrNmS_CO2R[,22] <- c(24644995, 8861693, 24372453, 7449285, 6106030, 21889332, 6378572, 23362783, 30751025, 780, 46, 0, 12885352527, 2298096548, 23504, 11723, 385969673, 36983460, 13782383, 7586750, 433210330, 455718885, 186, 2926, 15177468, 4996829, 126391, 2188658, 37, 5, 958420, 0, 958420, 0, 0, 958420, 0, 958420, 958420)
tdcrNmS_CO2R[,24] <- c(22793967, 7005141, 22659756, 153494, 7787313, 23576139, 7921524, 30444502, 30581280, 768, 42, 0, 12756179800, 1616528742, 25688, 6420, 374605469, 32768317, 14899349, 4146975, 165576246, 72213367, 86, 425, 5669727, 999622, 59098, 320027, 34, 1, 935929, 158277, 935929, 0, 0, 777652, 0, 935929, 935929)
tdcrNmS_CO2R[,25] <- c(27481820, 10614982, 26806143, 2734779, 4455764, 21324702, 5131441, 29251731, 31937584, 772, 41, 0, 12337509394, 998504816, 16752, 4137, 397706420, 20288141, 7654621, 2059047, 618371396, 157157453, 259, 504, 21709030, 3962725, 178455, 386262, 45, 4, 944875, 0, 942880, 0, 0, 944875, 1995, 944875, 944875)
tdcrNmS_CO2R[,26] <- c(25002689, 10561497, 23952604, 163562, 6500029, 20941221, 7550114, 31351082, 31502718, 817, 37, 0, 12494672154, 1163144689, 12091, 4830, 414693555, 24365432, 6518856, 1904181, 398298800, 35128124, 210, 78, 13861557, 985720, 146115, 60805, 43, 1, 883408, 134211, 883408, 0, 30975, 780172, 30975, 914383, 914383)
tdcrNmS_CO2R[,27] <- c(29114745, 9399820, 28653919, 1486560, 5599992, 25314917, 6060818, 33256607, 34714737, 752, 58, 0, 11388935521, 3039805065, 17725, 14100, 353666556, 54945571, 10205625, 8080002, 316073767, 233745531, 154, 1373, 10925633, 2995275, 106186, 1036099, 31, 3, 933787, 109767, 933766, 0, 7959, 831979, 7980, 941746, 941746)
tdcrNmS_CO2R[,28] <- c(23466762, 12462798, 23531363, 4161005, 8364271, 19366849, 8298284, 27728202, 31829647, 755, 40, 0, 12414853104, 1290319217, 21500, 5738, 378689217, 23217030, 11335539, 3366596, 340967422, 120902639, 197, 628, 11566140, 1998215, 135086, 479374, 32, 2, 948193, 155631, 946807, 0, 4116, 795292, 4116, 950923, 950923)
tdcrNmS_CO2R[,29] <- c(27348328, 12332162, 27137446, 1032179, 4507970, 19521427, 4716101, 30851096, 31853547, 781, 53, 0, 12757532822, 1483505530, 19916, 5920, 395735516, 28770703, 11867376, 3977344, 205555963, 64243283, 85, 298, 7100823, 998257, 61808, 252782, 43, 1, 941830, 0, 941830, 0, 0, 941830, 0, 941830, 941830)
tdcrNmS_CO2R[,30] <- c(25382831, 10857851, 24491506, 15724042, 7055021, 21580001, 7946346, 16819574, 32437852, 750, 41, 0, 12486858361, 1944689191, 22765, 10986, 373737939, 27478772, 12882983, 6405511, 423096096, 228563367, 167, 1243, 14740336, 2995317, 117627, 966673, 37, 3, 945463, 0, 941536, 8673, 7707, 953170, 11634, 945820, 953170)
tdcrNmS_CO2R[,32] <- c(24888109, 11478615, 24729517, 4943797, 5054856, 18464350, 5213448, 25057733, 29942965, 757, 42, 0, 18291983319, 733980482, 25225, 2661, 568816362, 16461624, 10791207, 929531, 749651888, 62058396, 494, 76, 24811035, 1898612, 345155, 57454, 39, 2, 947962, 92589, 947962, 0, 0, 855373, 0, 947962, 947962)
tdcrNmS_CO2R[,36] <- c(22239653, 12518680, 22494047, 1956414, 6297571, 16018607, 6043177, 26637969, 28537224, 782, 33, 0, 12125449147, 891445128, 17544, 4641, 383679117, 15331524, 9761313, 2436241, 262616066, 111108087, 94, 466, 9224720, 1994750, 68419, 394453, 35, 2, 922489, 343098, 919906, 0, 19341, 598732, 21924, 941830, 941830)
tdcrNmS_CO2R[,37] <- c(23409208, 13499023, 24379934, 672231, 5978349, 15888534, 5007623, 28729711, 29387557, 813, 42, 0, 11789969353, 1093748609, 10004, 5871, 399597935, 19346520, 5430431, 1918658, 330255898, 34241627, 145, 77, 11616102, 984817, 103365, 55814, 33, 1, 936769, 199815, 936769, 0, 0, 736954, 0, 936769, 936769)
tdcrNmS_CO2R[,38] <- c(19738026, 8178373, 19082342, 6927653, 6339465, 17899118, 6995149, 19185276, 26077491, 768, 34, 0, 12735887438, 1580603073, 24843, 8015, 370431434, 25960551, 14951506, 4390136, 137640959, 291162470, 65, 1515, 4721216, 3997396, 45008, 1181816, 31, 4, 934522, 0, 934522, 0, 0, 934522, 0, 934522, 934522)
tdcrNmS_CO2R[,39] <- c(23415393, 11068623, 23730817, 8043550, 5210195, 17556965, 4894771, 20665408, 28625588, 773, 40, 0, 12525114578, 1320769865, 23542, 6203, 380446692, 24061019, 12483278, 3738359, 240663483, 196553961, 114, 986, 8342694, 3032089, 77593, 751132, 39, 4, 951553, 0, 943930, 0, 4977, 956530, 12600, 956530, 956530)
tdcrNmS_CO2R[,40] <- c(22094985, 7704067, 21469688, 2464157, 5023687, 19414605, 5648984, 24694027, 27118672, 751, 39, 0, 12167273506, 1959859776, 26145, 10529, 353371556, 31640947, 15403007, 6115137, 80638259, 342458179, 40, 2191, 2725794, 3988996, 28323, 1676508, 30, 4, 952477, 327138, 953695, 0, 1218, 626557, 0, 953695, 953695)
tdcrNmS_CO2R[,41] <- c(24142530, 10913542, 23732798, 658815, 4553832, 17782820, 4963564, 28063988, 28696362, 813, 32, 0, 16083753873, 857323439, 24821, 3213, 497689607, 18950663, 10580446, 1239669, 901241706, 30936612, 474, 42, 30933089, 979420, 330082, 32607, 47, 1, 938596, 0, 938596, 30219, 0, 938596, 0, 908818, 938596)
tdcrNmS_CO2R[,42] <- c(29249691, 13404740, 29146812, 6460857, 714127, 16559120, 817006, 23664256, 29963818, 755, 41, 0, 13234355715, 1597859896, 26759, 7745, 378059275, 29136512, 13458812, 3621487, 406006030, 2426155, 297, 2, 13202184, 70709, 203621, 1543, 34, 2, 964909, 1302, 964909, 903232, 945, 964552, 945, 118986, 965854)
tdcrNmS_CO2R[,44] <- c(21998588, 8682333, 21814336, 2178893, 2888055, 16206452, 3072307, 22738458, 24886643, 727, 40, 0, 13069906545, 1807528078, 29190, 12477, 373717677, 20464414, 17612694, 7984525, 438633639, 103110527, 240, 739, 14884215, 999349, 164730, 553739, 39, 1, 939898, 23037, 939898, 0, 12453, 929314, 12453, 952351, 952351)
tdcrNmS_CO2R[,45] <- c(27151095, 13160479, 26057475, 1892524, 5001533, 18992254, 6095153, 30350730, 32152628, 774, 37, 0, 11418031241, 1508611658, 16943, 7135, 363799126, 26858700, 8122092, 3707614, 347649295, 99040971, 122, 448, 12386661, 1988261, 85335, 339674, 38, 2, 920998, 0, 920998, 0, 0, 920998, 0, 920998, 920998)
tdcrNmS_CO2R[,46] <- c(26160190, 9014302, 25271510, 2242982, 2855561, 20001470, 3744241, 26811367, 29015751, 739, 32, 0, 13573938106, 1482808598, 26418, 8687, 405178882, 21392963, 13819288, 5071679, 509268575, 79371745, 234, 490, 17654795, 999958, 158902, 364258, 32, 1, 922636, 37758, 922636, 4555, 0, 884878, 0, 919257, 922636)
tdcrNmS_CO2R[,47] <- c(25522440, 9196787, 24836936, 10605536, 3114003, 19439383, 3798058, 18273978, 28634994, 733, 31, 0, 12526368862, 1227077228, 28119, 8016, 355049075, 15234565, 17298417, 4191093, 383846217, 204062311, 168, 1355, 13263403, 1997480, 120259, 1007913, 32, 2, 938092, 229152, 938092, 0, 0, 708940, 0, 938092, 938092)
tdcrNmS_CO2R[,48] <- c(25227114, 9539056, 25203682, 5660562, 5541990, 21230048, 5565422, 25215661, 30769104, 769, 45, 0, 17704462878, 1335620559, 22576, 3296, 560502888, 35573583, 9906515, 1365653, 604614682, 32960315, 455, 40, 19894173, 983495, 308200, 33389, 33, 2, 953506, 0, 953506, 49686, 0, 953506, 0, 904240, 953506)
tdcrNmS_CO2R[,50] <- c(18528845, 6644013, 18403250, 1075786, 8479535, 20364367, 8605130, 25977541, 27008380, 774, 34, 0, 11896535129, 1095202484, 15641, 4011, 381578998, 23705758, 8895551, 2222480, 567849417, 54565002, 269, 203, 19799988, 995275, 181456, 209969, 39, 1, 935992, 0, 935992, 0, 0, 935992, 0, 935992, 935992)
tdcrNmS_CO2R[,51] <- c(23590226, 6419073, 23153322, 3276051, 3403370, 20575636, 3840274, 23776421, 26993596, 746, 36, 0, 13052070065, 1736095748, 27105, 11920, 383510457, 19537176, 15780842, 6731197, 647976242, 220815100, 264, 1594, 22719242, 1998803, 184854, 1183930, 54, 2, 947437, 106113, 947437, 0, 0, 841324, 0, 947437, 947437)
tdcrNmS_CO2R[,52] <- c(27241899, 12493519, 26871584, 3148866, 2362586, 17110966, 2732901, 26491762, 29604485, 748, 45, 0, 12707266952, 1739560194, 28238, 8433, 360345823, 31082264, 16286667, 4384736, 34467188, 299799209, 16, 1744, 1109383, 3993301, 11828, 1333685, 39, 4, 947437, 0, 947437, 0, 0, 947437, 0, 947437, 947437)
tdcrNmS_CO2R[,53] <- c(25508057, 13382430, 25156928, 432208, 7920009, 20048345, 8271138, 33005409, 33428066, 792, 46, 0, 12392372129, 1692008938, 14087, 6006, 402941281, 39347661, 7712704, 2401184, 563082725, 38655632, 329, 113, 19251787, 985657, 223842, 86368, 41, 1, 905983, 89901, 905983, 1239, 0, 816082, 0, 904744, 905983)
tdcrNmS_CO2R[,54] <- c(27694490, 12744805, 28757658, 1262320, 4802750, 19752435, 3739582, 31258459, 32497240, 765, 35, 0, 17351512621, 1123252480, 22565, 3866, 547763124, 26608271, 9373637, 1367260, 684677806, 27373532, 463, 27, 22741667, 881413, 315622, 20895, 32, 1, 907999, 71547, 907999, 27111, 0, 836452, 0, 880888, 907999)
tdcrNmS_CO2R[,55] <- c(23597344, 13651228, 22961002, 1312934, 5002328, 14949515, 5638670, 27304735, 28599672, 771, 33, 0, 14180073441, 1157710019, 18864, 5802, 453622699, 22734150, 8649417, 2087844, 935126182, 98830510, 512, 185, 31993238, 2981142, 351221, 143280, 53, 3, 925282, 145656, 925282, 0, 0, 779626, 0, 925282, 925282)
tdcrNmS_CO2R[,56] <- c(21470044, 8569899, 21561143, 1655717, 3220228, 16123355, 3129129, 23089224, 24690272, 725, 37, 0, 12429610610, 1762661099, 32642, 9130, 336292090, 28882197, 18797724, 5118853, 216515552, 258018552, 119, 1656, 7330013, 2994645, 81226, 1263465, 41, 3, 939079, 207165, 939079, 0, 0, 731914, 0, 939079, 939079)
tdcrNmS_CO2R[,58] <- c(25878599, 11734207, 25673693, 962852, 4121171, 18270920, 4326077, 29067832, 29999770, 774, 35, 0, 18487837700, 1295012069, 27553, 5299, 570784630, 27224645, 11469463, 1869642, 880181476, 67242238, 641, 127, 29056923, 1941158, 440721, 92786, 42, 2, 950230, 0, 950230, 0, 2940, 953170, 2940, 953170, 953170)
tdcrNmS_CO2R[,59] <- c(26976500, 10952708, 26571914, 4200846, 3705055, 19728847, 4109641, 26521472, 30681555, 761, 48, 0, 12411505904, 2193594139, 23796, 12010, 370699472, 33810089, 13115474, 7117753, 176926956, 157285512, 89, 931, 6049915, 2037255, 61817, 709302, 44, 3, 950167, 0, 946219, 0, 7245, 957412, 11193, 957412, 957412)
tdcrNmS_CO2R[,60] <- c(21911234, 7394673, 22681725, 211137, 7548563, 22065124, 6778072, 29250634, 29459797, 760, 46, 0, 12575473577, 1963793220, 27370, 8514, 362639060, 39550710, 16363078, 4985907, 247569730, 181518181, 135, 1309, 8457353, 1999559, 91538, 957905, 40, 2, 921376, 103698, 921376, 0, 2142, 819820, 2142, 923518, 923518)
tdcrNmS_CO2R[,62] <- c(23066341, 9680422, 22608100, 1663795, 3703458, 17089377, 4161699, 25151280, 26769799, 768, 31, 0, 12448554636, 1376477141, 24092, 6167, 366993259, 24962646, 14007473, 3466937, 271971233, 213907780, 134, 1205, 9371172, 2998194, 91009, 900573, 51, 3, 949558, 0, 949558, 0, 0, 949558, 0, 949558, 949558)
tdcrNmS_CO2R[,63] <- c(30710894, 12899280, 30797456, 1469685, 3934144, 21745672, 3847496, 33208823, 34644952, 753, 48, 0, 17195632849, 1604958876, 21586, 4933, 546834670, 38952633, 9331800, 1834147, 558604927, 30715976, 351, 38, 18826383, 928327, 243406, 29221, 30, 1, 925093, 0, 925093, 0, 14217, 939310, 14217, 939310, 939310)
tdcrNmS_CO2R[,65] <- c(25270144, 12246813, 25718952, 2204260, 3662529, 16685860, 3213721, 26741874, 28932673, 749, 38, 0, 14339552332, 1313067334, 20023, 5923, 444624483, 26181998, 9771368, 2075502, 573612909, 106312493, 470, 172, 18485748, 2967450, 316071, 126726, 36, 3, 951217, 210, 951217, 0, 2415, 953422, 2415, 953632, 953632)
tdcrNmS_CO2R[,66] <- c(28002099, 8622755, 27322704, 7495774, 6520341, 25899790, 7199736, 27077442, 34522440, 753, 47, 0, 15855562950, 2414221404, 27858, 11269, 477572714, 42687377, 16015196, 6739004, 542056560, 355697169, 233, 2195, 18777257, 3995884, 154719, 1656338, 42, 4, 961465, 18732, 961360, 0, 0, 942733, 105, 961465, 961465)
tdcrNmS_CO2R[,67] <- c(18813537, 8501668, 17788277, 419107, 7986544, 18298413, 9011804, 26402035, 26800081, 777, 32, 0, 12079646823, 1155625824, 18379, 4127, 379148795, 25343564, 9788110, 2300731, 298982315, 108462096, 170, 463, 10216293, 1995926, 116165, 372603, 44, 2, 926185, 0, 926185, 0, 20475, 946660, 20475, 946660, 946660)
tdcrNmS_CO2R[,68] <- c(23449526, 11057875, 21647474, 2020297, 5008484, 17400156, 6810536, 26474047, 28458010, 774, 45, 0, 11447204345, 1455168606, 15170, 4233, 371068594, 34634064, 7416105, 3009558, 359605970, 196822585, 144, 793, 12703572, 3968542, 99451, 632158, 39, 4, 915097, 229362, 915097, 0, 21525, 707260, 21525, 936622, 936622)
tdcrNmS_CO2R[,69] <- c(26666899, 8543483, 26236168, 6037754, 2448938, 20572354, 2879669, 23146297, 29115837, 719, 43, 0, 12742740068, 2152586796, 31007, 11658, 344245689, 31491811, 19593819, 7407518, 442402461, 309786783, 258, 1990, 14840800, 2997165, 175194, 1510943, 37, 3, 948487, 0, 948487, 0, 0, 948487, 0, 948487, 948487)
tdcrNmS_CO2R[,70] <- c(23809781, 7915662, 23127681, 1701309, 3046832, 18940720, 3727651, 25177226, 26855332, 789, 52, 0, 13205103800, 1593235294, 13913, 4859, 436644454, 38674471, 6909425, 2511696, 600405440, 160307394, 259, 509, 20975100, 3969550, 177086, 377642, 44, 4, 942355, 100485, 942334, 0, 6237, 848107, 6258, 948592, 948592)
tdcrNmS_CO2R[,71] <- c(25310714, 6530460, 24766920, 2410004, 1585692, 20310506, 2074046, 24481958, 26840966, 772, 34, 0, 12679462213, 1400841188, 25475, 6647, 374864077, 26761740, 15910197, 3724990, 288239640, 188444405, 146, 1351, 9904481, 2032131, 100899, 1001726, 39, 3, 955711, 35574, 955711, 0, 0, 920137, 0, 955711, 955711)
tdcrNmS_CO2R[,72] <- c(28399377, 9836220, 27926649, 1566145, 6277833, 24840822, 6750393, 33149746, 34677042, 741, 39, 0, 14974256426, 1978297094, 36866, 10061, 419414950, 34386951, 20293381, 5762682, 330712132, 104555159, 159, 786, 11380956, 999601, 105538, 575660, 27, 1, 931876, 72891, 931876, 0, 2352, 861337, 2352, 934228, 934228)
tdcrNmS_CO2R[,73] <- c(19066990, 8391631, 17964069, 1729430, 5978178, 16653537, 7081099, 23331320, 25045168, 764, 38, 0, 12993610158, 1519071989, 26594, 7799, 374579718, 24296994, 16119805, 4798523, 131156195, 182014001, 68, 1095, 4428611, 1997564, 46988, 841678, 35, 2, 943636, 0, 930007, 0, 0, 943636, 13629, 943636, 943636)
tdcrNmS_CO2R[,75] <- c(28984307, 9347586, 28185486, 1406495, 5533450, 25170171, 6332271, 33150186, 34517757, 753, 46, 0, 12277842362, 2060362756, 22379, 9736, 371595101, 37701787, 12728743, 5956758, 553509583, 148646078, 256, 880, 19236145, 1998320, 176378, 675935, 40, 2, 935824, 798, 935824, 0, 9009, 944035, 9009, 944833, 944833)
tdcrNmS_CO2R[,76] <- c(21158657, 8673740, 21419034, 2182610, 3771078, 16255995, 3510701, 22781447, 24929735, 780, 33, 0, 16414052090, 1079289599, 24019, 4756, 515937366, 22391325, 11857317, 2034757, 783558501, 86251465, 406, 287, 26980859, 1994582, 277684, 219955, 34, 2, 927970, 51471, 927970, 0, 0, 876499, 0, 927970, 927970)
tdcrNmS_CO2R[,77] <- c(18851552, 7152565, 19689642, 2302009, 9628300, 21343499, 8790210, 26247901, 28479852, 778, 32, 0, 11735476627, 877748370, 13559, 2584, 382483154, 20867585, 7711438, 1751358, 277283167, 189435700, 129, 717, 9650914, 3982192, 87688, 539716, 32, 4, 933430, 0, 935992, 0, 2562, 935992, 0, 935992, 935992)
tdcrNmS_CO2R[,78] <- c(23472692, 7909946, 23795399, 2070602, 3458805, 19021551, 3136098, 24887074, 26931497, 722, 45, 0, 16856112005, 1247888795, 22407, 3290, 525540590, 32577177, 9984240, 1472116, 903892434, 99453627, 699, 167, 29436478, 2873202, 479053, 128235, 43, 3, 955732, 0, 955732, 0, 0, 955732, 0, 955732, 955732)
tdcrNmS_CO2R[,79] <- c(24031523, 10178121, 22995655, 1673361, 5621871, 19475273, 6657739, 28001934, 29653394, 774, 41, 0, 11417832256, 1317441699, 14729, 5340, 372168423, 28214733, 6782536, 2685106, 382001405, 88670679, 175, 330, 13374419, 1987463, 119834, 266109, 40, 2, 892438, 109263, 892438, 0, 0, 783175, 0, 892438, 892438)
tdcrNmS_CO2R[,80] <- c(23907913, 12528420, 24605514, 4170334, 6777296, 18157379, 6079695, 26564145, 30685209, 775, 51, 0, 12067161725, 1359173448, 15740, 5149, 387103833, 27295114, 8312225, 3322444, 465691392, 194603940, 208, 838, 16325804, 3983830, 141666, 621878, 43, 4, 941956, 116424, 941956, 0, 609, 826141, 609, 942565, 942565)
tdcrNmS_CO2R[,81] <- c(25049143, 6768577, 24464981, 3538139, 9610028, 27890615, 10194190, 31140663, 34659171, 765, 50, 0, 12272243808, 2419921199, 22810, 12103, 368557804, 40734420, 10980386, 6569628, 209199973, 188009355, 106, 969, 7207952, 2993175, 71986, 745362, 30, 3, 935992, 99225, 935992, 0, 0, 836767, 0, 935992, 935992)
tdcrNmS_CO2R[,82] <- c(21786074, 9652679, 22623662, 2407855, 10331234, 22465511, 9493646, 29730974, 32117308, 769, 44, 0, 11786024363, 1490190189, 19470, 5639, 367630674, 33277692, 11553190, 3499988, 350269077, 177708237, 178, 986, 12141020, 2994393, 124460, 747100, 32, 3, 933199, 180558, 938722, 0, 5523, 758164, 0, 938722, 938722)
tdcrNmS_CO2R[,83] <- c(27346958, 12534437, 27556185, 10090551, 8358140, 23169254, 8147401, 25966948, 35703586, 719, 55, 0, 11052258927, 2671326977, 20101, 14093, 332969665, 43424107, 11262946, 7534240, 176990519, 172046200, 78, 1090, 6133361, 2030472, 53313, 814114, 22, 3, 941893, 325080, 941893, 0, 0, 616813, 0, 941893, 941893)
tdcrNmS_CO2R[,85] <- c(23185012, 11262058, 21455950, 540608, 7187990, 19110944, 8917052, 29851061, 30373002, 741, 49, 0, 11957818787, 1337921848, 25663, 5353, 348711170, 26610847, 13895612, 3218974, 100493148, 144554769, 38, 856, 3470585, 1993595, 27609, 630091, 39, 2, 890695, 496441, 890695, 0, 1890, 396144, 1890, 892585, 892585)
tdcrNmS_CO2R[,86] <- c(23661733, 12098930, 23621245, 2422270, 1329511, 12892314, 1369999, 22605256, 24991244, 757, 22, 0, 13042221598, 972486202, 31091, 5570, 363654079, 14985789, 19278993, 3249547, 309714307, 116580019, 167, 849, 10603553, 999664, 114251, 630810, 36, 1, 945652, 192213, 945652, 0, 0, 753439, 0, 945652, 945652)
tdcrNmS_CO2R[,87] <- c(27402551, 12152877, 27018553, 2501371, 4354774, 19605099, 4738772, 29307795, 31757325, 759, 36, 0, 18206400185, 1047836349, 26428, 3712, 559710476, 23867859, 11270296, 1393476, 882818681, 33582425, 599, 56, 29123941, 961864, 424343, 43304, 43, 1, 936496, 0, 936034, 0, 17997, 954493, 18459, 954493, 954493)
tdcrNmS_CO2R[,88] <- c(23981732, 8845099, 23789497, 5990050, 5071080, 20206243, 5261803, 23142902, 29051300, 776, 35, 0, 13226232006, 1207954651, 28296, 4155, 382223736, 26686247, 17134603, 2205637, 389839532, 1484892, 212, 1, 13347166, 40804, 142513, 997, 38, 1, 951889, 0, 942061, 800479, 7308, 959197, 17136, 162225, 959197)
tdcrNmS_CO2R[,89] <- c(17447613, 8014064, 16124757, 786703, 6631033, 16060802, 7950109, 23300049, 24074866, 783, 41, 0, 12275789763, 1685351854, 18780, 6217, 383269113, 34766255, 10752283, 3868713, 361461958, 1495707, 171, 1, 12497807, 45298, 118739, 657, 45, 1, 947437, 949663, 943657, 775027, 11046, 5040, 11046, 180915, 954703)
tdcrNmS_CO2R[,90] <- c(18126022, 7651357, 17657868, 720403, 5817384, 16292280, 6285118, 23244444, 23942986, 768, 39, 0, 11528765772, 1183383910, 16037, 4605, 367924257, 23499456, 8536464, 3053094, 287355723, 61200658, 123, 309, 10077123, 999580, 84842, 228350, 36, 1, 930049, 172011, 930049, 0, 0, 758038, 0, 930049, 930049)
tdcrNmS_CO2R[,91] <- c(15184259, 5626452, 15011866, 2038411, 2892665, 12455407, 3065058, 16111927, 18076924, 774, 35, 0, 12099378611, 1133429976, 17368, 6244, 386574875, 19369804, 8593390, 2647913, 447303837, 241472759, 169, 1142, 15705632, 4980323, 119563, 844042, 45, 5, 924085, 257292, 924085, 0, 6447, 673240, 6447, 930532, 930532)
tdcrNmS_CO2R[,92] <- c(21542519, 10184356, 21987548, 1060001, 5512502, 16869426, 5066171, 26004470, 27053719, 773, 36, 0, 15048775757, 1300044145, 25466, 7091, 450343391, 21249075, 11719635, 2595169, 740069120, 73768258, 451, 172, 24785188, 1985363, 318257, 148588, 39, 2, 952309, 18564, 952309, 0, 0, 933745, 0, 952309, 952309)
tdcrNmS_CO2R[,94] <- c(24089712, 10854953, 23794348, 1225084, 5859595, 19094354, 6154959, 28727730, 29949307, 753, 36, 0, 11809246228, 1417770659, 23611, 6416, 353019463, 26646578, 13964904, 3761171, 34344632, 131631643, 17, 799, 1102811, 1997795, 12416, 602314, 37, 2, 930490, 895567, 930490, 0, 2499, 37422, 2499, 932989, 932989)
tdcrNmS_CO2R[,95] <- c(26235520, 7855731, 26552596, 3469615, 2339042, 20718831, 2021966, 25176351, 28574562, 793, 37, 0, 14687624346, 1397906741, 20152, 7366, 472160681, 24959146, 10702997, 4221051, 698212638, 122052062, 287, 564, 24461855, 1998887, 196595, 442741, 47, 2, 924757, 0, 917491, 0, 15456, 940213, 22722, 940213, 940213)
tdcrNmS_CO2R[,96] <- c(29258282, 13916612, 29113949, 1964478, 2664355, 18008965, 2808688, 29994155, 31922637, 760, 47, 0, 12664280227, 1485791973, 19000, 5787, 389843887, 32470601, 8713318, 2315443, 983226881, 65741374, 604, 125, 33107094, 1961192, 424143, 100682, 50, 2, 912598, 52248, 912598, 72499, 20979, 881329, 20979, 864354, 933577)
tdcrNmS_CO2R[,97] <- c(18833681, 7743842, 17935872, 1477456, 6134942, 17224781, 7032751, 23507656, 24968623, 787, 28, 0, 12361679199, 1090215695, 20457, 3477, 379416080, 24172036, 11124089, 2120120, 428079275, 102897834, 194, 410, 14957677, 1996094, 132299, 317287, 37, 2, 931225, 122787, 931225, 0, 525, 808963, 525, 931750, 931750)
tdcrNmS_CO2R[,98] <- c(24126631, 10475146, 24076882, 833637, 4515887, 18178397, 4565636, 27829642, 28642518, 811, 38, 0, 12788597504, 1058929459, 16045, 3019, 413226138, 26664158, 7843123, 1563893, 691028313, 73399168, 315, 189, 24233595, 1979735, 220003, 138557, 41, 2, 928327, 176211, 928327, 0, 6237, 758353, 6237, 934564, 934564)
tdcrNmS_CO2R[,99] <- c(24514688, 8928073, 23353807, 3059889, 6176340, 21764698, 7337221, 27796872, 30691028, 740, 47, 0, 12452074844, 1416856815, 22784, 6714, 378839366, 24732965, 12802951, 4720329, 633457102, 229803867, 268, 1495, 22159246, 2998908, 184610, 1135823, 46, 3, 947521, 136080, 947521, 0, 0, 811441, 0, 947521, 947521)
tdcrNmS_CO2R[,100] <- c(28213843, 8402632, 27867152, 1363762, 5386234, 25197445, 5732925, 32267941, 33600077, 782, 41, 0, 13258871531, 1436228277, 22277, 5680, 401711599, 30711158, 12731860, 2660744, 702287549, 1477032, 375, 1, 24155034, 46579, 256126, 1223, 41, 1, 950104, 0, 950104, 904597, 0, 950104, 0, 45717, 950104)
tdcrNmS_CO2R[,101] <- c(22350087, 11741614, 21789995, 10276890, 5434496, 16041709, 5993307, 17651104, 27783302, 797, 41, 0, 13249169907, 1125739485, 20699, 4238, 412138175, 21944977, 11499506, 2891849, 213757878, 58995142, 96, 256, 7442822, 1106073, 65392, 193667, 35, 3, 951448, 25578, 951448, 0, 0, 925870, 0, 951448, 951448)
tdcrNmS_CO2R[,102] <- c(23948825, 8707675, 23526975, 2366942, 6489945, 21732628, 6911774, 28086696, 30438749, 749, 42, 0, 12446575761, 1664330056, 25613, 7495, 362833114, 30148148, 14094480, 4860540, 371690074, 76273584, 182, 428, 12853223, 998824, 123261, 332161, 36, 1, 899305, 0, 899305, 0, 0, 899305, 0, 899305, 899305)
tdcrNmS_CO2R[,103] <- c(21972063, 7378273, 20939370, 7848327, 3291795, 17890268, 4324488, 17457325, 25263858, 741, 41, 0, 13712793171, 1713759409, 29818, 11116, 392811750, 20264159, 18149128, 6892263, 531804208, 525811937, 228, 3587, 18459846, 4996136, 157137, 2697440, 42, 5, 957433, 0, 949831, 0, 6363, 963796, 13965, 963796, 963796)
tdcrNmS_CO2R[,104] <- c(28173861, 10617590, 28564817, 19373501, 2745122, 20301393, 2354166, 11759522, 30918983, 755, 43, 0, 17728252637, 1424046652, 24829, 4940, 552527351, 32558778, 10912736, 2025671, 917540506, 139120656, 490, 276, 31359882, 4000715, 334720, 213794, 37, 5, 951532, 86100, 951532, 87402, 0, 865432, 0, 864130, 951532)
tdcrNmS_CO2R[,105] <- c(19964261, 8132068, 19965731, 438879, 4817046, 16649239, 4815576, 24349190, 24781307, 783, 37, 0, 17687300027, 1319841622, 21428, 6041, 572040930, 26717770, 8944611, 1957764, 746764587, 32292797, 447, 47, 25395105, 970348, 306673, 33643, 36, 1, 934585, 98553, 934585, 0, 0, 836032, 0, 934585, 934585)
tdcrNmS_CO2R[,106] <- c(22448604, 9256179, 20820681, 752170, 5523174, 18715599, 7151097, 27253796, 27971778, 772, 42, 0, 11528475968, 1464167644, 18169, 6943, 364732005, 26930313, 8457824, 3578887, 279374027, 48753021, 111, 222, 9918207, 992671, 75868, 168146, 34, 1, 873223, 139755, 873223, 0, 5376, 738844, 5376, 878599, 878599)
tdcrNmS_CO2R[,107] <- c(27765656, 7722206, 27044788, 1271509, 7119788, 27163238, 7840656, 33685039, 34885444, 745, 40, 0, 11994984459, 1211850417, 18369, 5830, 375348858, 21041494, 9988319, 3516305, 491788984, 58308605, 236, 277, 17029546, 999181, 161649, 217240, 37, 1, 925660, 100989, 925660, 4473, 0, 824671, 0, 921187, 925660)
tdcrNmS_CO2R[,108] <- c(19645920, 7754673, 19362482, 2139373, 1548478, 13461754, 1831916, 19148221, 21194398, 722, 34, 0, 11776127202, 1772657978, 23931, 11127, 345330143, 22242793, 13536593, 6934001, 480774577, 87563830, 240, 550, 16549712, 999538, 164757, 420492, 33, 1, 886054, 13566, 886054, 1806, 2646, 875134, 2646, 886894, 888700)
tdcrNmS_CO2R[,110] <- c(28392131, 10068313, 27907761, 3524284, 5569902, 23895946, 6054272, 30485349, 33962033, 700, 40, 0, 11482274940, 2475245234, 28542, 14056, 309203437, 34988247, 16504437, 8583260, 202501921, 481849059, 157, 3074, 6519994, 4997501, 106107, 2350142, 35, 5, 942964, 0, 942964, 0, 10983, 953947, 10983, 953947, 953947)
tdcrNmS_CO2R[,111] <- c(25824692, 10955794, 23142776, 2074592, 5667506, 20548269, 8349422, 29444341, 31492198, 762, 42, 0, 11164621573, 1507953420, 16253, 6527, 355895102, 28421103, 7908853, 3540448, 194570326, 102555136, 79, 450, 6831401, 1968605, 55790, 343772, 37, 2, 947248, 0, 940696, 0, 5775, 953023, 12327, 953023, 953023)
tdcrNmS_CO2R[,112] <- c(28732102, 16127957, 28591044, 5208436, 6933197, 19535578, 7071651, 30506376, 35662695, 775, 43, 0, 12007124103, 1802971523, 19561, 8659, 371029899, 30580346, 10944610, 4833226, 257530065, 259220878, 107, 1387, 9008081, 3981898, 74954, 1062762, 46, 4, 943930, 0, 943930, 0, 0, 943930, 0, 943930, 943930)
tdcrNmS_CO2R[,113] <- c(27713995, 10495969, 27080027, 777999, 6816459, 24034506, 7450427, 33766397, 34530454, 777, 42, 0, 11938320062, 1765082715, 17309, 6692, 377131966, 37791768, 9435111, 3752240, 316175700, 57084672, 146, 289, 11010076, 997606, 99918, 215693, 33, 1, 861820, 167559, 860308, 0, 78015, 772276, 79527, 939835, 939835)
tdcrNmS_CO2R[,115] <- c(27479243, 12813392, 26937757, 991326, 4754991, 19420842, 5296477, 31296857, 32234234, 785, 33, 0, 11963310495, 1182370394, 16137, 7203, 386483852, 18469764, 7197389, 2670095, 438456172, 41612891, 173, 166, 15438399, 995926, 119506, 120073, 47, 1, 945106, 232176, 945106, 0, 0, 712930, 0, 945106, 945106)
tdcrNmS_CO2R[,116] <- c(25613495, 9815450, 23976671, 453306, 3916862, 19714907, 5553644, 29080768, 29530315, 764, 40, 0, 12376647963, 1529671660, 23668, 7959, 369474387, 24567642, 12656501, 4212449, 392516554, 82398174, 203, 517, 13576985, 997081, 138460, 381008, 43, 1, 894454, 91980, 894454, 0, 2772, 805246, 2772, 897226, 897226)
tdcrNmS_CO2R[,117] <- c(26427204, 12203649, 25879293, 466101, 1604854, 15828409, 2152765, 27585151, 28032058, 692, 36, 0, 12774386226, 1571759272, 19569, 7915, 384348690, 30874992, 10497412, 2979131, 434789425, 38381612, 361, 104, 13699317, 995317, 252136, 78992, 30, 1, 950839, 83034, 950839, 0, 0, 867805, 0, 950839, 950839)
tdcrNmS_CO2R[,118] <- c(22618452, 8530016, 23060356, 265710, 6255923, 20344359, 5814019, 28618911, 28874375, 752, 39, 0, 14161887251, 1454218057, 22649, 5298, 427162775, 32696264, 10557802, 2114613, 761620143, 33716296, 559, 62, 24636766, 989542, 393232, 49202, 47, 1, 932317, 0, 932317, 0, 5439, 937756, 5439, 937756, 937756)
tdcrNmS_CO2R[,119] <- c(22301349, 4134946, 22733134, 5706472, 4609990, 22776393, 4178205, 21272626, 26911339, 722, 40, 0, 21709089372, 1763949214, 28866, 6988, 692640590, 39388207, 15409781, 3918168, 917753789, 118978186, 359, 544, 31885741, 1997774, 233350, 429406, 34, 2, 914824, 0, 914824, 2900, 5019, 919843, 5019, 916943, 919843)
tdcrNmS_CO2R[,120] <- c(18998069, 6836116, 18733573, 4590365, 6010286, 18172239, 6274782, 20449003, 25008355, 734, 42, 0, 12420739814, 2035093192, 28126, 10171, 347765326, 32645906, 17304825, 6682441, 195492102, 379385723, 106, 2323, 6621362, 3997627, 73159, 1827685, 34, 4, 927298, 77196, 927298, 0, 14616, 864718, 14616, 941914, 941914)
tdcrNmS_CO2R[,121] <- c(26137212, 10969237, 26211468, 1907175, 6579579, 21770654, 6505323, 30838997, 32716791, 746, 47, 0, 12463387837, 1778622521, 18489, 8586, 389508928, 32316800, 10765146, 4534509, 680571895, 135465823, 301, 730, 23768331, 1994771, 208610, 552524, 44, 2, 928810, 154854, 928810, 5563, 0, 773956, 0, 923247, 928810)
tdcrNmS_CO2R[,122] <- c(27373932, 7404879, 26779904, 2239318, 3239543, 23208596, 3833571, 28429236, 30613475, 743, 42, 0, 12637204488, 2086450849, 28360, 11074, 355469818, 31879617, 17082346, 6777412, 397169528, 181308436, 164, 1098, 13836255, 1999202, 115962, 837965, 32, 2, 914698, 52605, 914698, 0, 2982, 865075, 2982, 917680, 917680)
tdcrNmS_CO2R[,123] <- c(24407002, 9984860, 23807429, 2453209, 4445012, 18867154, 5044585, 26431252, 28852014, 738, 44, 0, 11901416915, 2223559098, 21450, 12429, 356536068, 33349831, 12130516, 7710489, 380423422, 94997480, 214, 646, 12919270, 998992, 145919, 475862, 28, 1, 947542, 97419, 944770, 0, 0, 850123, 2772, 947542, 947542)
tdcrNmS_CO2R[,124] <- c(21691070, 9499654, 21465256, 532402, 5135702, 17327118, 5361516, 26318711, 26826772, 786, 44, 0, 12364564983, 1446575482, 15803, 5038, 392998005, 32806158, 8757185, 2443825, 197238093, 132057030, 127, 456, 6612752, 2993511, 86888, 343586, 42, 3, 906088, 0, 906088, 0, 25263, 931351, 25263, 931351, 931351)
tdcrNmS_CO2R[,125] <- c(24612866, 12745711, 23997119, 4249685, 6357628, 18222074, 6970561, 26874811, 30967680, 735, 41, 0, 12428859555, 1754202575, 28641, 8712, 347662237, 28529402, 16064658, 5392188, 291459051, 167462296, 162, 1041, 9956226, 1998614, 107939, 771584, 33, 2, 937105, 0, 937105, 0, 10479, 947584, 10479, 947584, 947584)
tdcrNmS_CO2R[,126] <- c(22673677, 7478041, 20574328, 11475003, 6024256, 21219892, 8123605, 17284510, 28697933, 751, 41, 0, 11562557592, 1617532150, 18433, 7932, 359882155, 27078722, 10221199, 5338836, 337974244, 194049470, 137, 1008, 11858263, 3026335, 94430, 783526, 34, 4, 948613, 81543, 948613, 0, 0, 867070, 0, 948613, 948613)
tdcrNmS_CO2R[,127] <- c(19755728, 8586362, 19682963, 2324316, 3358530, 14527938, 3431295, 20805608, 23114258, 731, 37, 0, 12023083488, 1441289966, 25785, 8007, 345460530, 21592803, 14858596, 4511017, 143992224, 181435712, 90, 1190, 4782457, 1997165, 61005, 887609, 38, 2, 955354, 0, 955354, 0, 0, 955354, 0, 955354, 955354)
tdcrNmS_CO2R[,128] <- c(26515490, 8583800, 26247970, 2158741, 4102790, 22034480, 4370310, 28487809, 30618280, 778, 45, 0, 14563490480, 1732777778, 22374, 6844, 447182523, 37807170, 10423424, 2518906, 705233722, 193842476, 489, 321, 23168081, 5905164, 344559, 252641, 41, 6, 933871, 0, 933871, 651, 0, 933871, 0, 933724, 933871)
tdcrNmS_CO2R[,129] <- c(29938154, 11125895, 29469311, 75377, 4764361, 23575150, 5231734, 34671725, 34701045, 744, 52, 0, 11575418827, 2112290590, 20654, 9371, 350334861, 40782175, 12028702, 4674438, 206156232, 79184714, 102, 492, 7123298, 999349, 69408, 367361, 29, 1, 946156, 63651, 946156, 0, 6699, 889204, 6699, 952855, 952855)
tdcrNmS_CO2R[,130] <- c(23480798, 9276023, 22423113, 582495, 5890127, 20094902, 6947812, 28797754, 29370925, 808, 45, 0, 12140185371, 1490273437, 11852, 5750, 404264243, 33017481, 6323738, 2240925, 444987691, 104455787, 223, 225, 15548042, 2961108, 153355, 173737, 47, 3, 932653, 98301, 932653, 0, 0, 834352, 0, 932653, 932653)
tdcrNmS_CO2R[,132] <- c(26395663, 7814690, 25697434, 2674264, 3996031, 22577004, 4694260, 27758055, 30391694, 783, 36, 0, 17895872563, 916582330, 25337, 2879, 558497349, 22221942, 11845325, 1407436, 1028047069, 108854821, 649, 260, 34566125, 2897709, 450469, 197026, 41, 3, 938050, 124782, 938050, 0, 3822, 817090, 3822, 941872, 941872)
tdcrNmS_CO2R[,133] <- c(31665979, 11970743, 30441157, 5557772, 4941738, 24638465, 6166560, 31117334, 36607717, 787, 42, 0, 15547748688, 1604496276, 22105, 7405, 483721794, 30888184, 10034621, 2636005, 644554183, 159153783, 396, 254, 21679364, 4897499, 276634, 193803, 35, 5, 938155, 0, 938155, 0, 1848, 940003, 1848, 940003, 940003)
tdcrNmS_CO2R[,134] <- c(26536006, 12664253, 26795082, 4373562, 4143703, 18014112, 3883241, 26334007, 30678323, 754, 36, 0, 17822041672, 890402144, 23340, 2637, 566320828, 22392298, 9934490, 1249453, 1215158826, 170400497, 692, 310, 41690506, 4892501, 469663, 230325, 46, 5, 952960, 57414, 948844, 8442, 0, 895546, 4116, 944518, 952960)
tdcrNmS_CO2R[,135] <- c(19263111, 6355529, 18326551, 3675893, 6439929, 19347511, 7376489, 22118018, 25703040, 744, 38, 0, 12108746991, 1874027857, 26090, 10773, 352625050, 28092766, 15026082, 7265074, 335792511, 357214443, 162, 2459, 11617394, 3998425, 110000, 1818355, 42, 4, 942397, 122850, 942397, 0, 0, 819547, 0, 942397, 942397)
tdcrNmS_CO2R[,136] <- c(19256575, 7964127, 19053907, 699654, 7700330, 18992778, 7902998, 26272831, 26956905, 764, 40, 0, 18121611415, 1158555623, 27789, 2043, 554158417, 33844417, 11317817, 1039346, 1074859442, 30103441, 633, 35, 36241868, 973372, 439565, 29815, 47, 1, 945673, 52416, 945673, 32706, 0, 893257, 0, 912967, 945673)
tdcrNmS_CO2R[,137] <- c(28367082, 11030114, 27588821, 4174576, 4552401, 21898798, 5328184, 28818913, 32917005, 699, 47, 0, 11490140430, 1762839520, 28893, 11402, 319849793, 23093366, 16724979, 6635053, 90877220, 109370220, 44, 856, 3066587, 1024172, 30830, 628186, 31, 2, 961381, 85071, 961381, 0, 0, 876310, 0, 961381, 961381)
tdcrNmS_CO2R[,138] <- c(28173234, 8196327, 27819296, 1328721, 6427219, 26404126, 6781157, 33383682, 34600453, 770, 46, 0, 12379547189, 2343100755, 22376, 11079, 375211463, 42458791, 12664454, 6374693, 426961737, 150496607, 208, 845, 14834808, 1998404, 141203, 655053, 36, 2, 932149, 114996, 932149, 399, 0, 817153, 0, 932149, 932149)
tdcrNmS_CO2R[,139] <- c(23812802, 9281711, 23053926, 2432845, 5953362, 20482794, 6710537, 27346656, 29764463, 745, 39, 0, 17281428843, 1024419311, 23738, 1858, 539633069, 29337962, 9934216, 973537, 558181353, 66198610, 335, 102, 18651462, 1962851, 233930, 76220, 39, 2, 934585, 80556, 934585, 0, 5859, 859888, 5859, 940444, 940444)
tdcrNmS_CO2R[,140] <- c(24387828, 9601124, 24343875, 0, 2303263, 17089715, 2346922, 26690797, 26690797, 761, 38, 0, 12665775817, 1664430867, 29140, 8085, 357317585, 29594098, 17739299, 4730900, 197584363, 109290807, 86, 774, 6843697, 999076, 60593, 564877, 49, 1, 904261, 156849, 904261, 0, 1974, 749386, 1974, 906235, 906235)
tdcrNmS_CO2R[,141] <- c(22365527, 10809004, 22305614, 387620, 4240430, 15798528, 4300343, 26227997, 26605957, 783, 27, 0, 11889943310, 974285972, 14999, 3766, 381880202, 21720389, 7867157, 1720394, 517149113, 43656698, 276, 166, 17814223, 998698, 187198, 120854, 49, 1, 865516, 84945, 872908, 0, 7392, 787963, 0, 872908, 872908)
tdcrNmS_CO2R[,142] <- c(26745400, 10317183, 26328860, 1565294, 4140424, 20566583, 4554864, 29341047, 30883724, 749, 49, 0, 12686089224, 2354638992, 27754, 12422, 359485937, 37024624, 16535687, 7405080, 100381159, 90814887, 50, 556, 3422487, 998929, 34550, 421543, 24, 1, 929776, 99582, 929776, 0, 0, 830194, 0, 929776, 929776)
tdcrNmS_CO2R[,143] <- c(26133773, 11247818, 24741782, 8242158, 6434615, 21318071, 7824065, 24446307, 32565847, 762, 47, 0, 13598887179, 1829730615, 26608, 12226, 404488374, 22074533, 15522460, 6660555, 464136570, 186465201, 211, 1244, 16135596, 1998908, 146872, 930564, 36, 2, 939751, 19446, 939751, 0, 4872, 925177, 4872, 944623, 944623)
tdcrNmS_CO2R[,145] <- c(22949955, 10636358, 22420753, 625340, 7883157, 20196754, 8412359, 30246286, 30833112, 777, 44, 0, 11647736089, 1188517388, 11857, 2772, 388339573, 30624092, 6038792, 2085474, 719042883, 38996018, 317, 128, 25161219, 994750, 219888, 93162, 48, 1, 950314, 73857, 950314, 9576, 0, 876457, 0, 943678, 950314)
tdcrNmS_CO2R[,146] <- c(24022404, 11713493, 23775399, 909726, 4947567, 17257885, 5194572, 28073437, 28969971, 814, 41, 0, 13283154208, 1154822403, 17972, 3453, 421464308, 28948016, 8777702, 1638033, 700658484, 107433928, 381, 250, 24089565, 2957118, 260749, 182101, 46, 3, 948718, 8526, 950944, 0, 4452, 944644, 2226, 953170, 953170)
tdcrNmS_CO2R[,147] <- c(21152353, 9945211, 21106387, 15333071, 7947650, 19154792, 7993616, 13905814, 29100003, 715, 51, 0, 11802959172, 2127443868, 22242, 12532, 349781516, 28831581, 13210572, 7016711, 258706694, 532348670, 111, 3250, 8953735, 5995464, 76624, 2475413, 26, 6, 947626, 0, 947626, 0, 2562, 950188, 2562, 950188, 950188)
tdcrNmS_CO2R[,148] <- c(25857453, 10793023, 25528634, 1504440, 6527393, 21591865, 6856212, 30963755, 32384846, 805, 33, 0, 12311873403, 1234000471, 14580, 4998, 401651656, 26561651, 7713437, 2186878, 367683350, 80495465, 171, 242, 12883417, 1993217, 116408, 183257, 32, 2, 939352, 36204, 939352, 0, 0, 903148, 0, 939352, 939352)
tdcrNmS_CO2R[,149] <- c(20334114, 8787015, 19020496, 1655834, 9122554, 20669653, 10436172, 27819232, 29456668, 802, 35, 0, 12410981188, 1213082496, 17074, 3749, 395903850, 28318639, 9190202, 2381601, 407424340, 189464866, 204, 743, 14184434, 3963355, 139793, 573193, 49, 4, 944308, 78288, 944308, 0, 0, 866020, 0, 944308, 944308)
tdcrNmS_CO2R[,150] <- c(23180580, 14008084, 23162709, 3342467, 4550134, 13722630, 4568005, 24460378, 27730714, 815, 40, 0, 12977233042, 1251869980, 18661, 5960, 408886711, 22375351, 9970372, 3160644, 220199904, 101040296, 90, 356, 7772161, 1992713, 61106, 305752, 30, 2, 927550, 0, 927550, 0, 1428, 928978, 1428, 928978, 928978)
tdcrNmS_CO2R[,151] <- c(33397526, 13462004, 32899587, 8626079, 4885913, 24821561, 5383852, 29758268, 38283439, 726, 56, 0, 13212501435, 2444954394, 25683, 17371, 398194315, 30659762, 15126902, 10492945, 504001077, 214735587, 248, 1744, 17440677, 1999076, 167971, 1275659, 30, 2, 938638, 99540, 938638, 0, 0, 839098, 0, 938638, 938638)
tdcrNmS_CO2R[,153] <- c(23477270, 5181248, 22659128, 255040, 5625692, 23921714, 6443834, 28860396, 29102962, 709, 47, 0, 15985767110, 2385690822, 29387, 13681, 488501965, 39598676, 16227447, 8117775, 699972258, 89480790, 294, 653, 24332949, 999643, 191922, 481208, 39, 1, 918100, 72849, 918100, 840, 0, 845251, 0, 918100, 918100)
tdcrNmS_CO2R[,154] <- c(21426589, 8241225, 20284757, 12635744, 13023185, 26207289, 14163757, 21918075, 34448514, 781, 50, 0, 12181543686, 1902066248, 17412, 6807, 385152230, 39796582, 9996861, 4581451, 404341299, 124438287, 173, 594, 14101535, 2118884, 122325, 453017, 52, 5, 955627, 46704, 953254, 0, 0, 908923, 2373, 955627, 955627)
tdcrNmS_CO2R[,155] <- c(17505283, 7728010, 17597243, 633829, 5384300, 15163253, 5292340, 22292040, 22889583, 792, 26, 0, 12540048030, 824376613, 20649, 2008, 387467314, 21165987, 10520471, 1329519, 200924796, 91701446, 108, 386, 6866114, 1993679, 74692, 293585, 35, 2, 919192, 266091, 919192, 0, 0, 653101, 0, 919192, 919192)
tdcrNmS_CO2R[,156] <- c(27675530, 10987294, 27939857, 4233220, 6752158, 23440037, 6487432, 30258315, 34427289, 747, 50, 0, 14519317520, 1706983390, 18044, 7308, 462733594, 35552903, 9319094, 2832881, 703211818, 114568412, 398, 314, 23839904, 2990928, 277229, 243572, 32, 3, 937021, 0, 935362, 0, 0, 937021, 1659, 937021, 937021)
tdcrNmS_CO2R[,157] <- c(31302024, 14879919, 31514539, 10765117, 3983219, 20405324, 3770704, 24643805, 35285243, 787, 38, 0, 12793806407, 1049294972, 17278, 5288, 408606787, 17856359, 9494775, 3125718, 543211262, 128572513, 238, 783, 19017978, 1996577, 165375, 568669, 42, 2, 905311, 0, 886999, 16086, 42777, 948088, 61089, 932023, 948088)
tdcrNmS_CO2R[,159] <- c(23329529, 7959007, 22633105, 11721887, 5581071, 20953903, 6277474, 17459463, 28910579, 762, 42, 0, 11657692494, 1558881064, 17934, 6334, 367750877, 32323471, 9471988, 4651482, 322706378, 123463918, 175, 724, 11128972, 2044354, 117416, 540430, 31, 4, 958735, 87108, 958735, 0, 0, 871627, 0, 958735, 958735)
tdcrNmS_CO2R[,160] <- c(27371760, 8514751, 26489806, 2604395, 7452677, 26310001, 8334631, 32273899, 34824437, 754, 49, 0, 12956619440, 2328326792, 29923, 10804, 366573082, 43296673, 18228944, 6100402, 392033442, 312871972, 232, 1947, 13271971, 3998425, 157435, 1496555, 41, 4, 944455, 24213, 944455, 2436, 15876, 936118, 15876, 958462, 960331)
tdcrNmS_CO2R[,161] <- c(20322773, 7275566, 20173946, 5155144, 4483627, 17530834, 4632454, 19691177, 24806400, 763, 33, 0, 12451105874, 1133721321, 21819, 7384, 380438022, 14939160, 11305698, 3288011, 482154056, 130163599, 187, 708, 16938411, 1995947, 130651, 538946, 42, 2, 955564, 6258, 955564, 0, 0, 949306, 0, 955564, 955564)
tdcrNmS_CO2R[,162] <- c(27432895, 11443161, 27407133, 766851, 7351201, 23341040, 7376963, 34053600, 34784096, 756, 43, 0, 12497538224, 1953038877, 26140, 8795, 362153919, 35812078, 15329165, 5778566, 203554326, 86905334, 112, 542, 6872339, 998887, 77582, 416230, 36, 1, 939562, 9639, 939562, 0, 0, 929923, 0, 939562, 939562)
tdcrNmS_CO2R[,163] <- c(26743169, 11577436, 24476512, 598971, 4072977, 19234237, 6335098, 30236115, 30811610, 746, 53, 0, 11586971168, 1907057704, 18596, 7585, 358940124, 37028996, 9847581, 4882370, 357698467, 64563980, 146, 328, 12507404, 991033, 100903, 256546, 40, 1, 949390, 2709, 949390, 0, 0, 946681, 0, 949390, 949390)
tdcrNmS_CO2R[,165] <- c(25295175, 10098088, 25359895, 3812630, 7706086, 22904307, 7641366, 29218075, 33001261, 722, 43, 0, 11984802788, 2285246420, 25959, 13828, 341087501, 31261483, 15031064, 7522363, 563105890, 106958148, 332, 732, 18987121, 999265, 224030, 551652, 32, 1, 955312, 30387, 955312, 1951, 4851, 929776, 4851, 958212, 960163)
tdcrNmS_CO2R[,166] <- c(27633739, 9892249, 27344584, 5879628, 3290809, 21037591, 3579964, 25080303, 30924548, 716, 41, 0, 12165681275, 1767019289, 26277, 10988, 349157329, 22921310, 14740549, 6265156, 632825941, 201152246, 287, 1330, 21969420, 1999391, 195354, 988455, 39, 2, 956887, 126189, 956887, 0, 0, 830698, 0, 956887, 956887)
tdcrNmS_CO2R[,167] <- c(23575064, 9745183, 23958517, 5061968, 3318255, 17148136, 2934802, 21862385, 26893319, 752, 32, 0, 12717150458, 1456941167, 27867, 7461, 360051667, 23442857, 16549728, 4404688, 211388878, 313739661, 103, 1729, 7216655, 3996514, 72214, 1360631, 40, 4, 935824, 0, 935824, 0, 5376, 941200, 5376, 941200, 941200)
tdcrNmS_CO2R[,168] <- c(20393307, 11149326, 18914215, 2242968, 4701442, 13946158, 6180534, 22910579, 25094749, 763, 38, 0, 12651967375, 1300213954, 25501, 7060, 373028175, 19858391, 14812387, 4046382, 278185264, 149807869, 132, 931, 9649437, 1997207, 90455, 698936, 38, 2, 933346, 135786, 933346, 0, 0, 797560, 0, 933346, 933346)
tdcrNmS_CO2R[,169] <- c(23613121, 10243155, 23048342, 833408, 5342505, 18712471, 5907284, 28145862, 28955626, 758, 31, 0, 12670400025, 1437514255, 19254, 5736, 391975384, 30610177, 9970197, 2581078, 507255308, 42276243, 323, 147, 17018476, 990487, 218042, 111642, 34, 1, 957622, 0, 955249, 29190, 0, 957622, 2373, 935425, 957622)
tdcrNmS_CO2R[,170] <- c(21383778, 9628236, 21109643, 5493479, 5211257, 16966820, 5485392, 21208536, 26595035, 705, 41, 0, 12174176433, 1620840012, 31386, 10479, 328796534, 19693021, 18154138, 5523409, 78625206, 325082773, 32, 2223, 2666977, 2996451, 24029, 1651971, 28, 3, 934396, 888658, 934396, 0, 0, 45738, 0, 934396, 934396)
tdcrNmS_CO2R[,171] <- c(27339781, 7168144, 26459208, 2301355, 7371932, 27545186, 8252505, 32437295, 34711713, 759, 43, 0, 12939245507, 2115138256, 26095, 8763, 370889658, 40583047, 16079107, 5823103, 444471436, 188612822, 291, 1202, 14798526, 1998047, 196558, 898552, 38, 2, 958294, 55293, 955690, 0, 1302, 904303, 3906, 959596, 959596)
tdcrNmS_CO2R[,172] <- c(21821544, 8297695, 21634136, 4096117, 9016209, 22538609, 9202084, 26802758, 30836220, 752, 36, 0, 11958733856, 1263873498, 21672, 4768, 362055789, 25594374, 12701423, 2956745, 326566889, 77572799, 144, 459, 11370688, 1051031, 98089, 348324, 36, 2, 952120, 8064, 952120, 0, 0, 944056, 0, 952120, 952120)
tdcrNmS_CO2R[,173] <- c(29601334, 16681507, 30426026, 2445479, 6909464, 19831874, 6084772, 34105192, 36510798, 738, 40, 0, 11959373578, 1888437418, 26004, 9937, 346021913, 31738474, 15120975, 5637177, 202039182, 68566541, 91, 384, 7006648, 996976, 61862, 301144, 27, 1, 929230, 122094, 929230, 0, 9828, 816964, 9828, 939058, 939058)
tdcrNmS_CO2R[,174] <- c(25010858, 9675041, 24474684, 2090698, 6869040, 22204857, 7405214, 29858024, 31879898, 741, 42, 0, 11721913755, 1573892828, 21010, 7727, 357533288, 28608090, 12087112, 4405696, 137486791, 67119042, 76, 381, 4670480, 998950, 51827, 298458, 27, 1, 955081, 120414, 955081, 0, 0, 834667, 0, 955081, 955081)
tdcrNmS_CO2R[,175] <- c(28554316, 15997520, 28010163, 961695, 5967116, 18523933, 6511269, 33587205, 34521432, 798, 46, 0, 12707936922, 1302920884, 13863, 4310, 418130252, 31409746, 7128347, 1757983, 424908566, 35112422, 210, 93, 14754921, 981793, 144622, 67381, 27, 1, 871333, 99078, 871333, 1596, 28749, 801004, 28749, 898486, 900082)
tdcrNmS_CO2R[,176] <- c(24266806, 11265338, 23120098, 2752732, 3609818, 16611265, 4756505, 25157387, 27876603, 789, 37, 0, 11930512989, 611658187, 14220, 2824, 392365383, 12511227, 7106059, 1372622, 247853245, 121710543, 113, 381, 8692755, 2972133, 77727, 292055, 29, 3, 945106, 126336, 945106, 0, 0, 818770, 0, 945106, 945106)
tdcrNmS_CO2R[,177] <- c(27359396, 8455154, 27748862, 2697229, 5318799, 24223041, 4929333, 30032723, 32678195, 766, 42, 0, 17649591666, 1575559449, 23151, 4267, 558629822, 40640901, 9981164, 1817527, 690475747, 100595008, 462, 167, 23221579, 2933157, 315124, 125038, 29, 3, 940885, 108339, 940885, 0, 8421, 840967, 8421, 949306, 949306)
tdcrNmS_CO2R[,178] <- c(26250802, 11105273, 25335577, 8509948, 4609421, 19754950, 5524646, 22485114, 30860223, 730, 41, 0, 12189308694, 1304806333, 25939, 7342, 357348169, 19042629, 15140666, 4947919, 483144591, 274183863, 234, 1956, 16748142, 2999643, 158313, 1445233, 41, 3, 934732, 112581, 934732, 0, 7749, 829900, 7749, 942481, 942481)
tdcrNmS_CO2R[,179] <- c(24061679, 8384067, 22667569, 10460559, 3860370, 19542329, 5254480, 17614769, 27922049, 738, 50, 0, 12600655977, 1830033207, 24213, 11426, 375308925, 22733621, 13629206, 6902982, 634080423, 533975083, 249, 3195, 22336234, 5995023, 172785, 2456463, 46, 6, 949915, 0, 949915, 0, 4872, 954787, 4872, 954787, 954787)
tdcrNmS_CO2R[,180] <- c(32082535, 13021709, 31653400, 1879662, 4675502, 23736349, 5104637, 34926360, 36758037, 735, 47, 0, 14866423330, 1882602440, 22718, 8885, 458358359, 36773735, 10083426, 3039152, 452180462, 138082150, 334, 241, 14793441, 3956446, 228643, 176025, 33, 4, 956971, 60480, 956971, 0, 0, 896491, 0, 956971, 956971)
tdcrNmS_CO2R[,181] <- c(22892985, 10539804, 22264727, 3617743, 4258445, 16610282, 4885359, 23609272, 27150086, 724, 36, 0, 12652648947, 1346436486, 31942, 7261, 345662940, 22268793, 19859148, 4606357, 293605333, 229499114, 167, 1777, 9937686, 1998257, 112012, 1302260, 33, 2, 933178, 0, 933178, 0, 7539, 940717, 7539, 940717, 940717)
tdcrNmS_CO2R[,182] <- c(24653922, 8016397, 23730422, 891228, 8769104, 25406629, 9692604, 32594000, 33423026, 737, 36, 0, 12588864942, 1762985857, 29790, 9965, 354920705, 27874743, 17830631, 5607598, 601208453, 106237831, 250, 775, 21023919, 999601, 170332, 570395, 42, 1, 948676, 118083, 948676, 0, 0, 830593, 0, 948676, 948676)
tdcrNmS_CO2R[,183] <- c(28851132, 11966777, 28013546, 917058, 6028434, 22912789, 6866020, 33978367, 34879566, 745, 50, 0, 12086423104, 2207097405, 25650, 10899, 351390506, 39289682, 14830984, 5786254, 164555381, 87565559, 82, 570, 5644336, 999895, 55741, 424160, 34, 1, 945148, 113106, 945148, 0, 6090, 838132, 6090, 951238, 951238)
tdcrNmS_CO2R[,184] <- c(29691126, 10853108, 29742580, 2133567, 5040222, 23878282, 4988768, 32615272, 34731348, 737, 49, 0, 15502002715, 1334211584, 25488, 6322, 466995802, 25662931, 11288889, 2446595, 1030723462, 71350292, 722, 165, 33767706, 1970096, 497251, 125712, 42, 2, 933178, 86436, 933178, 0, 15078, 861820, 15078, 948256, 948256)
tdcrNmS_CO2R[,185] <- c(25865495, 10258973, 25014451, 2666779, 6522062, 22128584, 7373106, 29767079, 32387557, 792, 36, 0, 12447735643, 1369810377, 17555, 5438, 394989831, 29385651, 10371310, 3624596, 341247533, 135932185, 169, 796, 11787396, 1999370, 115370, 593151, 41, 2, 937147, 143514, 937147, 0, 0, 793633, 0, 937147, 937147)
tdcrNmS_CO2R[,186] <- c(27627797, 10513493, 27789771, 4742509, 4355337, 21468339, 4191872, 27267316, 31981643, 767, 45, 0, 13052629611, 1865127300, 26524, 8134, 380746912, 36689695, 16141151, 4475896, 553616188, 81155147, 335, 509, 18720065, 1033034, 226372, 387524, 40, 2, 954157, 16779, 954157, 0, 0, 937378, 0, 954157, 954157)
tdcrNmS_CO2R[,187] <- c(22057354, 10023053, 21625570, 10375927, 2976121, 15010422, 3407905, 14759843, 25033475, 797, 41, 0, 19117963555, 1140157435, 28390, 4629, 592673947, 24183578, 11350775, 1556199, 668309333, 30757881, 421, 27, 22456347, 990761, 296293, 21226, 35, 2, 954283, 62643, 954283, 242470, 0, 891640, 0, 714144, 954283)
tdcrNmS_CO2R[,188] <- c(20651125, 11239734, 19876014, 4932192, 5445012, 14853715, 6217435, 21215796, 26093449, 739, 31, 0, 12893981040, 1019733093, 31403, 6852, 359559326, 12336774, 19107367, 3833553, 279456153, 113240838, 139, 841, 9595744, 999748, 95943, 611808, 33, 1, 926080, 143325, 926080, 0, 8757, 791512, 8757, 934837, 934837)
tdcrNmS_CO2R[,189] <- c(23670575, 11083785, 23865670, 41433, 5308006, 17894796, 5112911, 28939584, 28978581, 736, 41, 0, 12421502918, 1851137089, 33093, 8286, 337914460, 35644161, 20507497, 4766659, 218126515, 109724663, 101, 839, 7502943, 999937, 71049, 616193, 38, 1, 933766, 285642, 933766, 0, 1575, 649699, 1575, 935341, 935341)
tdcrNmS_CO2R[,190] <- c(23003258, 8992357, 21903546, 330823, 5791487, 19802052, 6890863, 28477698, 28794409, 776, 45, 0, 18561430527, 1619283725, 25411, 4900, 580068689, 40567971, 10673800, 1868137, 929006859, 63774274, 598, 74, 30866658, 1985699, 413299, 54858, 50, 2, 888469, 64491, 888469, 5943, 14364, 838342, 14364, 896890, 902833)
tdcrNmS_CO2R[,191] <- c(25671057, 11304537, 25424390, 481298, 6583925, 20950403, 6830550, 31790862, 32254940, 772, 42, 0, 12435446652, 2077031160, 23843, 10151, 368282469, 36006199, 14610932, 6248360, 196175808, 93209958, 97, 603, 6743582, 999034, 67774, 452302, 36, 1, 928516, 275877, 928516, 0, 6615, 659254, 6615, 935131, 935131)
tdcrNmS_CO2R[,192] <- c(24672064, 9536822, 23820303, 300194, 4218966, 19354208, 5070727, 28597031, 28891030, 749, 39, 0, 14144709893, 1561122552, 19835, 7801, 439672296, 28339875, 9604070, 2620841, 468183724, 34351223, 356, 62, 15239034, 964804, 239746, 45754, 27, 1, 931267, 76146, 931267, 0, 6594, 861715, 6594, 937861, 937861)
tdcrNmS_CO2R[,193] <- c(21626348, 6636156, 21456878, 15540, 3167242, 18161403, 3336712, 24780276, 24793590, 801, 40, 0, 12734519318, 1740485659, 19924, 6723, 394997643, 36836581, 9557938, 3184378, 706146175, 45870289, 361, 162, 24483327, 995737, 244893, 131734, 47, 1, 929881, 157479, 929881, 0, 7896, 780298, 7896, 937777, 937777)
tdcrNmS_CO2R[,194] <- c(23710726, 9204731, 24557819, 1264056, 5146032, 19650788, 4297637, 27632333, 28855456, 758, 35, 0, 12593244258, 1515930049, 28961, 6577, 356358756, 29666333, 17899578, 3520975, 224489873, 297581947, 108, 2090, 7750152, 2997102, 75324, 1547972, 38, 3, 942418, 173901, 942418, 0, 0, 768517, 0, 942418, 942418)
tdcrNmS_CO2R[,195] <- c(23387679, 12379698, 23458596, 4116738, 3315168, 14323170, 3244251, 22648248, 26702847, 798, 38, 0, 12456442126, 1234296401, 13997, 6240, 410128239, 22575373, 7489232, 2718905, 428983065, 88577031, 178, 355, 15089705, 1987022, 124531, 258723, 29, 2, 901573, 86583, 901573, 0, 11802, 826792, 11802, 913375, 913375)
tdcrNmS_CO2R[,196] <- c(29523639, 12740525, 28078308, 8691490, 3272557, 20055671, 4717888, 24521516, 32796196, 740, 42, 0, 11997126951, 1320082288, 20489, 7142, 367213902, 20877234, 11723912, 3803225, 413652274, 261855454, 153, 1364, 14591334, 3988492, 107162, 1095129, 28, 4, 946429, 0, 943489, 0, 0, 946429, 2940, 946429, 946429)
tdcrNmS_CO2R[,197] <- c(15551546, 6332325, 15392155, 952840, 4634620, 13853841, 4794011, 19236728, 20186166, 756, 48, 0, 11861920227, 1734777632, 21506, 8836, 359903808, 28949384, 12269523, 5770940, 268511600, 166264274, 114, 1084, 9413756, 1998383, 78580, 810672, 42, 2, 935089, 8463, 935089, 0, 0, 926626, 0, 935089, 935089)
tdcrNmS_CO2R[,198] <- c(20709825, 7246476, 20759070, 1365139, 4369325, 17832674, 4320080, 23830938, 25079150, 744, 39, 0, 13025319077, 1396105496, 26540, 7388, 385245540, 22286226, 14568804, 5225763, 568183473, 81720371, 237, 527, 19782716, 996997, 166402, 402468, 44, 1, 939121, 12201, 939121, 0, 5712, 932632, 5712, 944833, 944833)
tdcrNmS_CO2R[,199] <- c(27884727, 10392362, 27229341, 741062, 6408561, 23902123, 7063947, 33552268, 34293288, 748, 50, 0, 12188174292, 2117745080, 24964, 10929, 357841291, 34750383, 14573831, 6905140, 134321850, 94008597, 65, 649, 4619893, 999811, 44743, 476351, 36, 1, 929503, 157416, 929503, 0, 1743, 773830, 1743, 931246, 931246)
tdcrNmS_CO2R[,200] <- c(28817660, 9535873, 28351816, 5736055, 5818915, 25100702, 6284759, 28996318, 34636575, 733, 50, 0, 13398037071, 2264740026, 30417, 11323, 377840700, 38139599, 17889701, 6229551, 350588492, 312716343, 171, 2094, 12023859, 2998593, 117367, 1555078, 36, 3, 957223, 57078, 957223, 0, 0, 900145, 0, 957223, 957223)
